town,slum,localnbc,pid,townid,nbc,oid_1,sluc,u_id,countyid,name,streetaddress,parceloid,nh_gis_id,displayid,SHAPE__Length,slu,objectid,SHAPE__Area
Portsmouth,,118,0292-0135-0000,178,17,,11,178-32597,8,CamaID: 0292-0135-0000,17 WINCHESTER ST,483569,08178-0292-0135-0000,0292-0135-0000,349.04389828291,11,177454,7404.93083891854
Portsmouth,,118,0292-0108-0000,178,17,,11,178-32570,8,CamaID: 0292-0108-0000,54 WINCHESTER ST,483570,08178-0292-0108-0000,0292-0108-0000,499.920910878677,11,177455,15122.0173889917
Portsmouth,,118,0292-0109-0000,178,17,,11,178-32571,8,CamaID: 0292-0109-0000,46 WINCHESTER ST,483571,08178-0292-0109-0000,0292-0109-0000,448.795920943229,11,177456,11346.5825021553
Portsmouth,,118,0292-0112-0000,178,17,,11,178-32574,8,CamaID: 0292-0112-0000,28 WINCHESTER ST,483572,08178-0292-0112-0000,0292-0112-0000,551.028292033071,11,177457,17518.2891244021
Portsmouth,,118,0292-0106-0000,178,17,,11,178-32568,8,CamaID: 0292-0106-0000,10 WINCHESTER ST,483573,08178-0292-0106-0000,0292-0106-0000,382.659097432006,11,177458,8674.2977264037
Portsmouth,,131,0162-0045-0000,178,27,,11,178-35073,8,CamaID: 0162-0045-0000,232 BARTLETT ST,483574,08178-0162-0045-0000,0162-0045-0000,347.291973632331,11,177459,3920.59623136729
Portsmouth,,131,0162-0061-0000,178,27,,11,178-35088,8,CamaID: 0162-0061-0000,85 WOODBURY AVE,483575,08178-0162-0061-0000,0162-0061-0000,523.668916197438,11,177460,12242.6646754089
Portsmouth,,131,0162-0060-0000,178,27,,11,178-35087,8,CamaID: 0162-0060-0000,107 WOODBURY AVE,483576,08178-0162-0060-0000,0162-0060-0000,501.944234083357,11,177461,10079.8001010766
Portsmouth,,118,0293-0004-0000,178,17,,11,178-32689,8,CamaID: 0293-0004-0000,39 MARIETTE DR,483577,08178-0293-0004-0000,0293-0004-0000,719.54226942719,11,177462,17661.9402488973
Portsmouth,,118,0292-0213-0000,178,17,,11,178-32672,8,CamaID: 0292-0213-0000,41 MARIETTE DR,483578,08178-0292-0213-0000,0292-0213-0000,372.189642420029,11,177463,8643.62475147808
Portsmouth,,118,0292-0214-0000,178,17,,11,178-32673,8,CamaID: 0292-0214-0000,43 MARIETTE DR,483579,08178-0292-0214-0000,0292-0214-0000,380.982677283645,11,177464,9067.78120857837
Portsmouth,,118,0292-0219-0000,178,17,,11,178-32678,8,CamaID: 0292-0219-0000,361 OCEAN RD,483580,08178-0292-0219-0000,0292-0219-0000,394.326714129621,11,177465,9800.48170896254
Portsmouth,,118,0292-0211-0000,178,17,,11,178-32670,8,CamaID: 0292-0211-0000,34 MARIETTE DR,483581,08178-0292-0211-0000,0292-0211-0000,388.419608276855,11,177466,9370.0313612037
Portsmouth,,118,0292-0205-0000,178,17,,11,178-32664,8,CamaID: 0292-0205-0000,2 MARIETTE DR,483582,08178-0292-0205-0000,0292-0205-0000,374.495763518467,11,177467,8746.30560426675
Portsmouth,,118,0292-0201-0000,178,17,,11,178-32660,8,CamaID: 0292-0201-0000,5 DENISE ST,483583,08178-0292-0201-0000,0292-0201-0000,374.728291488313,11,177468,8774.02063542573
Portsmouth,,131,0162-0059-0001,178,27,,11,178-35095,8,CamaID: 0162-0059-0001,119 WOODBURY AVE,483584,08178-0162-0059-0001,0162-0059-0001,507.697483165459,11,177469,10831.23658179
Portsmouth,,118,0292-0104-0000,178,17,,11,178-32566,8,CamaID: 0292-0104-0000,11 MARIETTE DR,483585,08178-0292-0104-0000,0292-0104-0000,371.998392992945,11,177470,8647.63738493452
Portsmouth,,204,0162-0032-0000,178,34,,14,178-53466,8,CamaID: 0162-0032-0004,217 BARTLETT ST #4,483586,08178-0162-0032-0000,0162-0032-0004,381.512253275602,14,177471,8910.8488854418
Portsmouth,,131,0162-0059-0000,178,27,,11,178-35086,8,CamaID: 0162-0059-0000,131 WOODBURY AVE,483587,08178-0162-0059-0000,0162-0059-0000,406.582901948947,11,177472,8320.83021250586
Portsmouth,,131,0162-0030-0000,178,27,,12,178-35059,8,CamaID: 0162-0030-0000,241 BARTLETT ST,483588,08178-0162-0030-0000,0162-0030-0000,268.656676791667,12,177473,4117.38489394172
Portsmouth,,121,0260-0065-0000,178,20,,11,178-31320,8,CamaID: 0260-0065-0000,87 MASON AVE,483589,08178-0260-0065-0000,0260-0065-0000,333.427100827929,11,177474,6832.43073159493
Portsmouth,,121,0260-0066-0000,178,20,,11,178-31321,8,CamaID: 0260-0066-0000,71 MASON AVE,483590,08178-0260-0066-0000,0260-0066-0000,362.813897961437,11,177475,8010.58072938822
Portsmouth,,132,0258-0046-0000,178,28,,11,178-31226,8,CamaID: 0258-0046-0000,120 DODGE AVE,483591,08178-0258-0046-0000,0258-0046-0000,530.723478556306,11,177476,16928.3020488007
Portsmouth,,132,0258-0048-0000,178,28,,11,178-31228,8,CamaID: 0258-0048-0000,84 DODGE AVE,483592,08178-0258-0048-0000,0258-0048-0000,458.149441435663,11,177477,12679.8868216696
Portsmouth,,132,0258-0047-0000,178,28,,11,178-31227,8,CamaID: 0258-0047-0000,110 DODGE AVE,483593,08178-0258-0047-0000,0258-0047-0000,430.02186843139,11,177478,11520.8229867666
Portsmouth,,123,0233-0072-0000,178,21,,11,178-30438,8,CamaID: 0233-0072-0000,85 SIMS AVE,483594,08178-0233-0072-0000,0233-0072-0000,394.256011585295,11,177479,9714.19730710698
Portsmouth,,132,0259-0016-0000,178,28,,11,178-31241,8,CamaID: 0259-0016-0000,719 GREENLAND RD,483595,08178-0259-0016-0000,0259-0016-0000,403.070174163047,11,177480,9258.48694269094
Portsmouth,,132,0259-0022-0000,178,28,,11,178-31247,8,CamaID: 0259-0022-0000,4 PRINCETON ST,483596,08178-0259-0022-0000,0259-0022-0000,340.264020790962,11,177481,6248.88247888586
Portsmouth,,304,0259-0025-0000,178,59,,27,178-35734,8,CamaID: 0259-0025-0000,DARTMOUTH ST,483597,08178-0259-0025-0000,0259-0025-0000,397.755327902515,27,177482,8510.34598989499
Portsmouth,,132,0258-0032-0000,178,28,,22,178-31213,8,CamaID: 0258-0032-0000,DARTMOUTH ST,483598,08178-0258-0032-0000,0258-0032-0000,1036.90875751469,22,177483,46707.6258165975
Portsmouth,,121,0258-0033-0000,178,20,,12,178-31214,8,CamaID: 0258-0033-0000,591 GREENLAND RD,483599,08178-0258-0033-0000,0258-0033-0000,697.634240563651,12,177484,29866.6434858451
Portsmouth,,132,0258-0034-0000,178,28,,11,178-31215,8,CamaID: 0258-0034-0000,555 GREENLAND RD,483600,08178-0258-0034-0000,0258-0034-0000,564.813545065137,11,177485,14413.4235537544
Portsmouth,,121,0258-0035-0000,178,20,,11,178-31216,8,CamaID: 0258-0035-0000,551 GREENLAND RD,483601,08178-0258-0035-0000,0258-0035-0000,595.416677754868,11,177486,17830.242183887
Portsmouth,,112,0227-0002-0000,178,12,,27,178-30058,8,CamaID: 0227-0002-0000,JONES AVE,483602,08178-0227-0002-0000,0227-0002-0000,944.71638085974,27,177487,34820.112356188
Portsmouth,,301,0265-0004-0000,178,56,,57,178-35789,8,CamaID: 0265-0004-0000,350 BANFIELD RD,483603,08178-0265-0004-0000,0265-0004-0000,1185.34675301997,57,177488,87771.1864561401
Portsmouth,,302,0245-0004-0000,178,57,,23,178-35661,8,CamaID: 0245-0004-0000,LAFAYETTE RD,483604,08178-0245-0004-0000,0245-0004-0000,717.560535669214,23,177489,19855.629380336
Portsmouth,,123,0241-0019-0000,178,21,,11,178-30750,8,CamaID: 0241-0019-0000,1877 ISLINGTON ST,483605,08178-0241-0019-0000,0241-0019-0000,425.823991316427,11,177490,10884.94524916
Portsmouth,,123,0232-0126-0000,178,21,,11,178-30266,8,CamaID: 0232-0126-0000,210 ESSEX AVE,483606,08178-0232-0126-0000,0232-0126-0000,1573.13024963278,11,177491,136177.252887963
Portsmouth,,103B,0221-0093-0000,178,5,,11,178-29597,8,CamaID: 0221-0093-0000,1066 SOUTH ST,483607,08178-0221-0093-0000,0221-0093-0000,1639.05292496324,11,177492,151590.680411232
Portsmouth,,112,0221-0091-0000,178,12,,22,178-38045,8,CamaID: 0221-0091-0000,SOUTH ST,483608,08178-0221-0091-0000,0221-0091-0000,1629.7406449114,22,177493,151527.308381723
Portsmouth,,304,0221-0092-0000,178,59,,27,178-35415,8,CamaID: 0221-0092-0000,SOUTH ST,483609,08178-0221-0092-0000,0221-0092-0000,1749.0192751168,27,177494,168673.576827678
Portsmouth,,304,0221-002A-0000,178,59,,27,178-35414,8,CamaID: 0221-002A-0000,JONES AVE,483610,08178-0221-002A-0000,0221-002A-0000,2027.10903686326,27,177495,221693.17546819
Portsmouth,,112,0221-0002-0000,178,12,,11,178-29511,8,CamaID: 0221-0002-0000,330 JONES AVE #A,483611,08178-0221-0002-0000,0221-0002-0000,1847.42568926492,11,177496,144935.54878531
Portsmouth,,112,0228-0007-0000,178,12,,27,178-35458,8,CamaID: 0228-0007-0000,JONES AVE,483612,08178-0228-0007-0000,0228-0007-0000,2496.25443369455,27,177497,320575.330822269
Portsmouth,73,111,0206-0034-0000,178,11,,11,178-28656,8,CamaID: 0206-0034-0000,100 CLOUGH DR,483613,08178-0206-0034-0000,0206-0034-0000,1178.3889079172,11-73,177498,83285.5596846386
Portsmouth,,111,0202-0021-0000,178,11,,11,178-28597,8,CamaID: 0202-0021-0000,20 MARTINE COTTAGE RD,483614,08178-0202-0021-0000,0202-0021-0000,1379.69946234596,11,177499,102778.69364759
Portsmouth,,111,0203-0006-0000,178,11,,22,178-28609,8,CamaID: 0203-0006-0000,LITTLE HARBOR RD,483615,08178-0203-0006-0000,0203-0006-0000,735.723236902917,22,177500,26447.5614325685
Portsmouth,,132,0259-0018-0000,178,28,,11,178-31243,8,CamaID: 0259-0018-0000,703 GREENLAND RD,483616,08178-0259-0018-0000,0259-0018-0000,469.714656811247,11,177501,13460.4988333508
Portsmouth,,132,0259-0017-0000,178,28,,11,178-31242,8,CamaID: 0259-0017-0000,707 GREENLAND RD,483617,08178-0259-0017-0000,0259-0017-0000,301.406683946666,11,177502,5053.57958954628
Portsmouth,,132,0258-0052-0000,178,28,,11,178-31232,8,CamaID: 0258-0052-0000,367 GREENLAND RD,483618,08178-0258-0052-0000,0258-0052-0000,513.80874466166,11,177503,13822.0050387055
Portsmouth,,121,0258-0001-0000,178,20,,11,178-31182,8,CamaID: 0258-0001-0000,566 GREENLAND RD,483619,08178-0258-0001-0000,0258-0001-0000,1802.76894453838,11,177504,71022.99860562
Portsmouth,,121,0258-0002-0000,178,20,,11,178-31183,8,CamaID: 0258-0002-0000,580 GREENLAND RD,483620,08178-0258-0002-0000,0258-0002-0000,668.210430753253,11,177505,23729.2404558146
Portsmouth,,121,0258-0003-0000,178,20,,11,178-31184,8,CamaID: 0258-0003-0000,600 GREENLAND RD,483621,08178-0258-0003-0000,0258-0003-0000,730.60009812807,11,177506,28016.8941331629
Portsmouth,,121,0258-0003-0001,178,20,,11,178-31233,8,CamaID: 0258-0003-0001,606 GREENLAND RD,483622,08178-0258-0003-0001,0258-0003-0001,2365.31942914384,11,177507,167838.502058458
Portsmouth,,121,0258-0004-0000,178,20,,11,178-31185,8,CamaID: 0258-0004-0000,628 GREENLAND RD,483623,08178-0258-0004-0000,0258-0004-0000,494.038286390062,11,177508,13914.1784869311
Portsmouth,,121,0258-0022-0000,178,20,,11,178-31203,8,CamaID: 0258-0022-0000,15 DAVIS RD,483624,08178-0258-0022-0000,0258-0022-0000,580.774639358192,11,177509,19978.9668060453
Portsmouth,,121,0258-0023-0000,178,20,,11,178-31204,8,CamaID: 0258-0023-0000,25 DAVIS RD,483625,08178-0258-0023-0000,0258-0023-0000,565.917887190657,11,177510,19933.4611025702
Portsmouth,,121,0258-0027-0000,178,20,,11,178-31208,8,CamaID: 0258-0027-0000,30 DAVIS RD,483626,08178-0258-0027-0000,0258-0027-0000,612.139124518517,11,177511,20701.6443746774
Portsmouth,,121,0258-0028-0000,178,20,,11,178-31209,8,CamaID: 0258-0028-0000,20 DAVIS RD,483627,08178-0258-0028-0000,0258-0028-0000,646.736932112741,11,177512,22133.9523777583
Portsmouth,,121,0258-0029-0000,178,20,,11,178-31210,8,CamaID: 0258-0029-0000,10 DAVIS RD,483628,08178-0258-0029-0000,0258-0029-0000,653.134397665556,11,177513,21830.0450779604
Portsmouth,,121,0258-0031-0000,178,20,,11,178-31212,8,CamaID: 0258-0031-0000,65 GRIFFIN RD,483629,08178-0258-0031-0000,0258-0031-0000,518.959122002207,11,177514,16341.9743734936
Portsmouth,,301,0263-0002-0000,178,56,,57,178-31509,8,CamaID: 0263-0002-0000,GREENLAND RD,483630,08178-0263-0002-0000,0263-0002-0000,2664.60041864445,57,177515,441686.583648882
Portsmouth,,305,0106-0023-0000,178,60,,33,178-37233,8,CamaID: 0106-0023-0000,2 BOW ST,483631,08178-0106-0023-0000,0106-0023-0000,139.069677997264,33,177516,1185.3820142312
Portsmouth,,305,0117-0036-0000,178,60,,33,178-33459,8,CamaID: 0117-0036-0000,80 MARKET ST,483632,08178-0117-0036-0000,0117-0036-0000,188.042478471891,33,177517,1553.00317755695
Portsmouth,,305,0106-0043-0000,178,60,,33,178-37252,8,CamaID: 0106-0043-0000,87 MARKET ST,483633,08178-0106-0043-0000,0106-0043-0000,195.331883913306,33,177518,2379.92235195549
Portsmouth,,305,0106-0005-0000,178,60,,27,178-37710,8,CamaID: 0106-0005-0000,CHAPEL ST,483634,08178-0106-0005-0000,0106-0005-0000,351.609001680638,27,177519,6251.60193458279
Portsmouth,,305,0118-0006-0000,178,60,,33,178-37377,8,CamaID: 0118-0006-0000,100 MARKET ST,483635,08178-0118-0006-0000,0118-0006-0000,470.05217501153,33,177520,13466.480616713
Portsmouth,,305,0116-0028-0000,178,60,,57,178-33395,8,CamaID: 0116-0028-0000,12 FLEET ST,483636,08178-0116-0028-0000,0116-0028-0000,245.967109594034,57,177521,1917.23590526262
Portsmouth,,202,0120-0001-0000,178,32,,14,178-33583,8,CamaID: 0120-0001-0002,448 MARKET ST #2,483637,08178-0120-0001-0000,0120-0001-0002,435.891005745442,14,177522,9260.03765953894
Portsmouth,,304,0102-0026-0000,178,59,,57,178-32902,8,CamaID: 0102-0026-0000,359 MARCY ST,483638,08178-0102-0026-0000,0102-0026-0000,122.853064593595,57,177523,941.533849027993
Portsmouth,,305,0102-0014-0000,178,60,,27,178-37174,8,CamaID: 0102-0014-0000,MARCY ST,483639,08178-0102-0014-0000,0102-0014-0000,182.144784479882,27,177524,1998.46430406111
Portsmouth,,105,0116-0053-0000,178,7,,11,178-33410,8,CamaID: 0116-0053-0000,28 MARK ST,483640,08178-0116-0053-0000,0116-0053-0000,243.901086394958,11,177525,3634.7512049953
Portsmouth,,,,178,,,,,,,,483641,08178-,,627.148755172925,,177526,10668.0694947837
Portsmouth,,103A,0112-0039-0000,178,4,,11,178-33315,8,CamaID: 0112-0039-0000,172 ELWYN AVE,483642,08178-0112-0039-0000,0112-0039-0000,311.521055156708,11,177527,5460.98110451239
Portsmouth,,103A,0112-0041-0000,178,4,,11,178-33317,8,CamaID: 0112-0041-0000,150 ELWYN AVE,483643,08178-0112-0041-0000,0112-0041-0000,324.649498991569,11,177528,5800.66901474896
Portsmouth,,305,0207-0005-0000,178,60,,57,178-28661,8,CamaID: 0207-0005-0000,393 NEW CASTLE AVE,483644,08178-0207-0005-0000,0207-0005-0000,514.483132887137,57,177529,14221.6948565169
Portsmouth,,103B,0221-0062-0000,178,5,,12,178-29570,8,CamaID: 0221-0062-0000,498 BROAD ST,483645,08178-0221-0062-0000,0221-0062-0000,932.325069113381,12,177530,35393.251620918
Portsmouth,,103A,0221-0076-0000,178,4,,11,178-29584,8,CamaID: 0221-0076-0000,153 PINEHURST RD,483646,08178-0221-0076-0000,0221-0076-0000,380.733415598541,11,177531,8997.8781302163
Portsmouth,70,101,0207-0002-0000,178,2,,11,178-28658,8,CamaID: 0207-0002-0000,333 NEW CASTLE AVE,483647,08178-0207-0002-0000,0207-0002-0000,501.228673992824,11-70,177532,12801.3709526209
Portsmouth,,111,0202-0004-0000,178,11,,11,178-28582,8,CamaID: 0202-0004-0000,137 WALKER BUNGALOW RD,483648,08178-0202-0004-0000,0202-0004-0000,598.873190787521,11,177533,19732.4859987746
Portsmouth,,111,0202-0003-0000,178,11,,22,178-28581,8,CamaID: 0202-0003-0000,WALKER BUNGALOW RD,483649,08178-0202-0003-0000,0202-0003-0000,1014.50973541025,22,177534,60854.9533119207
Portsmouth,,103B,0130-0016-0000,178,5,,11,178-33766,8,CamaID: 0130-0016-0000,205 BROAD ST,483650,08178-0130-0016-0000,0130-0016-0000,222.958554683126,11,177535,3086.01952607546
Portsmouth,,103B,0131-0028-0000,178,5,,12,178-33831,8,CamaID: 0131-0028-0000,312 MILLER AVE,483651,08178-0131-0028-0000,0131-0028-0000,450.6563920754,12,177536,11564.3908036134
Portsmouth,,114,0251-0060-0000,178,14,,11,178-31106,8,CamaID: 0251-0060-0000,34 WILSON RD,483652,08178-0251-0060-0000,0251-0060-0000,594.114001327774,11,177537,22741.5926206427
Portsmouth,,120,0251-0075-0000,178,19,,11,178-31121,8,CamaID: 0251-0075-0000,1681 LAFAYETTE RD,483653,08178-0251-0075-0000,0251-0075-0000,427.162270138487,11,177538,11390.8897818133
Portsmouth,,114,0251-0008-0000,178,14,,11,178-31054,8,CamaID: 0251-0008-0000,47 WILSON RD,483654,08178-0251-0008-0000,0251-0008-0000,599.424792170994,11,177539,21730.9517023001
Portsmouth,,125,0231-0012-0000,178,22,,11,178-30100,8,CamaID: 0231-0012-0000,235 HILLSIDE DR,483655,08178-0231-0012-0000,0231-0012-0000,387.465503464039,11,177540,8898.06822064528
Portsmouth,,125,0232-0157-0000,178,22,,11,178-51764,8,CamaID: 0232-0157-0000,40 MARJORIE ST,483656,08178-0232-0157-0000,0232-0157-0000,400.382413494056,11,177541,9646.30749503695
Portsmouth,,104,0169-0007-0000,178,6,,11,178-52273,8,CamaID: 0169-0007-0000,20 SANDERSON DR,483657,08178-0169-0007-0000,0169-0007-0000,539.664017400216,11,177542,15107.3034534862
Portsmouth,,104,0169-0008-0000,178,6,,11,178-52272,8,CamaID: 0169-0008-0000,287 MIDDLE RD,483658,08178-0169-0008-0000,0169-0008-0000,529.560298680691,11,177543,15435.5411943913
Portsmouth,,130,0212-126A-0000,178,26,,11,178-28997,8,CamaID: 0212-126A-0000,244 CRESCENT WAY,483659,08178-0212-126A-0000,0212-126A-0000,372.023221655847,11,177544,6831.31302505324
Portsmouth,,125,0232-0024-0000,178,22,,11,178-30175,8,CamaID: 0232-0024-0000,60 MARJORIE ST,483660,08178-0232-0024-0000,0232-0024-0000,535.705676436174,11,177545,14966.4965822762
Portsmouth,,125,0231-0013-0000,178,22,,11,178-30101,8,CamaID: 0231-0013-0000,233 HILLSIDE DR,483661,08178-0231-0013-0000,0231-0013-0000,388.733071012855,11,177546,8963.04248415473
Portsmouth,,125,0232-0008-0000,178,22,,11,178-30161,8,CamaID: 0232-0008-0000,56 LOIS ST,483662,08178-0232-0008-0000,0232-0008-0000,1082.93192994189,11,177547,42191.1013504458
Portsmouth,,129,0220-0016-0000,178,25,,11,178-29428,8,CamaID: 0220-0016-0000,737 WOODBURY AVE,483663,08178-0220-0016-0000,0220-0016-0000,488.997835967607,11,177548,14939.1154597071
Portsmouth,,129,0220-0016-0001,178,25,,11,178-53306,8,CamaID: 0220-0016-0001,727 WOODBURY AVE,483664,08178-0220-0016-0001,0220-0016-0001,371.968339414266,11,177549,7589.31394686499
Portsmouth,,125,0232-0043-0001,178,22,,11,178-52973,8,CamaID: 0232-0043-0001,3 SYLVESTER ST,483665,08178-0232-0043-0001,0232-0043-0001,323.367827253271,11,177550,6532.25876913786
Portsmouth,,305,0125-0017-0000,178,60,,23,178-37487,8,CamaID: 0125-0017-0000,165 DEER ST,483666,08178-0125-0017-0000,0125-0017-0000,647.924176749374,23,177551,26509.3190351675
Portsmouth,,301,0216-0001-0010,178,56,,33,178-35369,8,CamaID: 0216-0001-0010,155 COMMERCE WAY,483667,08178-0216-0001-0010,0216-0001-0010,2612.39667314447,33,177552,238050.044065625
Portsmouth,,301,0216-0001-0009,178,56,,33,178-35377,8,CamaID: 0216-0001-0009,175 COMMERCE WAY,483668,08178-0216-0001-0009,0216-0001-0009,2702.77273036147,33,177553,177235.676107816
Portsmouth,,301,0213-0001-0000,178,56,,60,178-50550,8,CamaID: 0213-0001-0000,GOSLING ROAD,483669,08178-0213-0001-0000,0213-0001-0000,2598.54940885013,60,177554,401280.278443624
Portsmouth,,301,0215-0001-0000,178,56,,33,178-35354,8,CamaID: 0215-0001-0000,150 GOSLING RD,483670,08178-0215-0001-0000,0215-0001-0000,1118.9193725711,33,177555,59769.881543648
Portsmouth,,125,0232-0012-0000,178,22,,22,178-30164,8,CamaID: 0232-0012-0000,LOIS ST,483671,08178-0232-0012-0000,0232-0012-0000,422.902675160825,22,177556,10437.7710411632
Portsmouth,,125,0232-0023-0000,178,22,,11,178-30174,8,CamaID: 0232-0023-0000,50 MARJORIE ST,483672,08178-0232-0023-0000,0232-0023-0000,322.991211646359,11,177557,6519.58450062623
Portsmouth,,125,0231-0014-0000,178,22,,11,178-30102,8,CamaID: 0231-0014-0000,225 HILLSIDE DR,483673,08178-0231-0014-0000,0231-0014-0000,388.917577448594,11,177558,8962.60105523493
Portsmouth,,125,0231-0015-0000,178,22,,11,178-30103,8,CamaID: 0231-0015-0000,221 HILLSIDE DR,483674,08178-0231-0015-0000,0231-0015-0000,387.870852456639,11,177559,8889.00928474873
Portsmouth,,125,0231-0040-0000,178,22,,11,178-30128,8,CamaID: 0231-0040-0000,220 HILLSIDE DR,483675,08178-0231-0040-0000,0231-0040-0000,391.225417269586,11,177560,9032.62593878534
Portsmouth,,125,0231-0039-0000,178,22,,11,178-30127,8,CamaID: 0231-0039-0000,210 HILLSIDE DR,483676,08178-0231-0039-0000,0231-0039-0000,393.034013457193,11,177561,9136.55535354853
Portsmouth,,305A,0157-0001-0000,178,61,,34,178-37598,8,CamaID: 0157-0001-0000,105 BARTLETT ST,483677,08178-0157-0001-0000,0157-0001-0000,1224.47902675118,34,177562,59454.8801049935
Portsmouth,,105,0136-0030-0000,178,7,,12,178-34108,8,CamaID: 0136-0030-0000,122 AUSTIN ST,483678,08178-0136-0030-0000,0136-0030-0000,404.569626268128,12,177563,7591.64266093478
Portsmouth,,105,0145-0022-0000,178,7,,12,178-34390,8,CamaID: 0145-0022-0000,43 UNION ST,483679,08178-0145-0022-0000,0145-0022-0000,170.818027660871,12,177564,1691.61538561876
Portsmouth,,105,0136-0026-0000,178,7,,12,178-34104,8,CamaID: 0136-0026-0000,60 SUMMER ST,483680,08178-0136-0026-0000,0136-0026-0000,239.598183295439,12,177565,3537.76981792771
Portsmouth,,304,0136-0005-0000,178,59,,57,178-34088,8,CamaID: 0136-0005-0000,39 SUMMER ST,483681,08178-0136-0005-0000,0136-0005-0000,332.38472556771,57,177566,6078.6417623477
Portsmouth,,105,0145-0082-0000,178,7,,12,178-34442,8,CamaID: 0145-0082-0000,176 CABOT ST,483682,08178-0145-0082-0000,0145-0082-0000,277.203418463009,12,177567,4124.46041178086
Portsmouth,,204,0145-0088-0000,178,34,,14,178-38844,8,CamaID: 0145-0088-0001,145 CABOT ST #1,483683,08178-0145-0088-0000,0145-0088-0001,371.384014479292,14,177568,6908.5992358351
Portsmouth,,105,0136-0027-0000,178,7,,11,178-34105,8,CamaID: 0136-0027-0000,72 SUMMER ST,483684,08178-0136-0027-0000,0136-0027-0000,196.797557277685,11,177569,2224.86782717589
Portsmouth,,204,0145-0034-0000,178,34,,14,178-53967,8,CamaID: 0145-0034-0001,410 ISLINGTON ST,483685,08178-0145-0034-0000,0145-0034-0001,846.709239192907,14,177570,39967.2029340702
Portsmouth,,304,0145-0021-0000,178,59,,57,178-34389,8,CamaID: 0145-0021-0000,33 UNION ST,483686,08178-0145-0021-0000,0145-0021-0000,329.343060270403,57,177571,5821.80258428293
Portsmouth,,105,0157-0009-0000,178,7,,12,178-34876,8,CamaID: 0157-0009-0000,439 ISLINGTON ST,483687,08178-0157-0009-0000,0157-0009-0000,194.208157980859,12,177572,2350.76576436122
Portsmouth,,307,0308-0003-0000,178,63,,44,178-37864,8,CamaID: 0308-0003-0000,32 ROCHESTER AVE,483688,08178-0308-0003-0000,0308-0003-0000,1282.5425532604,44,177573,73003.2372264469
Portsmouth,,307,0308-0005-0000,178,63,,57,178-38390,8,CamaID: 0308-0005-0000,75 ROCHESTER AVE,483689,08178-0308-0005-0000,0308-0005-0000,1025.21221588363,57,177574,46629.914793003
Portsmouth,,307,0308-0004-0000,178,63,,44,178-38180,8,CamaID: 0308-0004-0000,7 LEE ST,483690,08178-0308-0004-0000,0308-0004-0000,705.519330262948,44,177575,30503.9501040281
Portsmouth,,301,0236-0076-0000,178,56,,57,178-35523,8,CamaID: 0236-0076-0000,75 LONGMEADOW LN,483691,08178-0236-0076-0000,0236-0076-0000,2593.24084083221,57,177576,173723.055168172
Portsmouth,,129,0237-0047-0000,178,25,,12,178-30676,8,CamaID: 0237-0047-0000,123 WOODLAWN CIR,483692,08178-0237-0047-0000,0237-0047-0000,378.520281798102,12,177577,8769.94119573637
Portsmouth,,129,0236-0078-0000,178,25,,11,178-30628,8,CamaID: 0236-0078-0000,11 MEADOW RD,483693,08178-0236-0078-0000,0236-0078-0000,403.45607402853,11,177578,9459.98218735058
Portsmouth,,129,0236-0077-0000,178,25,,11,178-30627,8,CamaID: 0236-0077-0000,29 MEADOW RD,483694,08178-0236-0077-0000,0236-0077-0000,451.670997810375,11,177579,12673.7608808268
Portsmouth,,129,0236-0071-0000,178,25,,11,178-30622,8,CamaID: 0236-0071-0000,71 MEADOW RD,483695,08178-0236-0071-0000,0236-0071-0000,402.690005717294,11,177580,9542.94056316705
Portsmouth,,129,0236-0070-0000,178,25,,11,178-30621,8,CamaID: 0236-0070-0000,87 MEADOW RD,483696,08178-0236-0070-0000,0236-0070-0000,401.127734915321,11,177581,9445.12891456617
Portsmouth,,129,0236-0057-0000,178,25,,12,178-30608,8,CamaID: 0236-0057-0000,942 WOODBURY AVE,483697,08178-0236-0057-0000,0236-0057-0000,401.256339454987,12,177582,9408.16354063046
Portsmouth,,129,0236-0056-0000,178,25,,11,178-30607,8,CamaID: 0236-0056-0000,924 WOODBURY AVE,483698,08178-0236-0056-0000,0236-0056-0000,439.387369626616,11,177583,11792.7869625777
Portsmouth,,129,0236-0059-0000,178,25,,11,178-30610,8,CamaID: 0236-0059-0000,24 MEADOW RD,483699,08178-0236-0059-0000,0236-0059-0000,378.255631914599,11,177584,8885.85411398452
Portsmouth,,129,0236-0060-0000,178,25,,11,178-30611,8,CamaID: 0236-0060-0000,50 MEADOW RD,483700,08178-0236-0060-0000,0236-0060-0000,494.021738788088,11,177585,14746.735411568
Portsmouth,,129,0236-0069-0000,178,25,,11,178-30620,8,CamaID: 0236-0069-0000,99 MEADOW RD,483701,08178-0236-0069-0000,0236-0069-0000,405.978651875666,11,177586,9746.57956950025
Portsmouth,,304,0237-0030-0000,178,59,,57,178-30660,8,CamaID: 0237-0030-0000,18 HILLCREST DR,483702,08178-0237-0030-0000,0237-0030-0000,455.511797881228,57,177587,11873.4980140783
Portsmouth,,129,0237-0031-0000,178,25,,11,178-30661,8,CamaID: 0237-0031-0000,35 HILLCREST DR,483703,08178-0237-0031-0000,0237-0031-0000,430.325831690424,11,177588,9881.41693172255
Portsmouth,,127,0237-0059-0000,178,23,,11,178-30687,8,CamaID: 0237-0059-0000,171 ECHO AVE,483704,08178-0237-0059-0000,0237-0059-0000,346.779590714545,11,177589,7236.46908315853
Portsmouth,,127,0237-0037-0000,178,23,,11,178-30667,8,CamaID: 0237-0037-0000,104 ECHO AVE,483705,08178-0237-0037-0000,0237-0037-0000,498.966739074208,11,177590,14896.0505839086
Portsmouth,,304,0237-0012-0000,178,59,,13,178-30642,8,CamaID: 0237-0012-0000,1094 WOODBURY AVE,483706,08178-0237-0012-0000,0237-0012-0000,1136.87606355715,13,177591,61111.529929374
Portsmouth,,129,0237-0027-0000,178,25,,11,178-30657,8,CamaID: 0237-0027-0000,54 HILLCREST DR,483707,08178-0237-0027-0000,0237-0027-0000,592.166021913775,11,177592,12060.0614469462
Portsmouth,,129,0237-0028-0000,178,25,,11,178-30658,8,CamaID: 0237-0028-0000,44 HILLCREST DR,483708,08178-0237-0028-0000,0237-0028-0000,606.97024909423,11,177593,16160.9049660322
Portsmouth,,129,0237-0029-0000,178,25,,11,178-30659,8,CamaID: 0237-0029-0000,5 HILLCREST DR,483709,08178-0237-0029-0000,0237-0029-0000,616.996784820168,11,177594,16273.6928200206
Portsmouth,,129,0237-0011-0000,178,25,,11,178-30641,8,CamaID: 0237-0011-0000,1050 WOODBURY AVE,483710,08178-0237-0011-0000,0237-0011-0000,404.715168066571,11,177595,9900.4564477925
Portsmouth,,304,0260-0140-0000,178,59,,27,178-35773,8,CamaID: 0260-0140-0000,COLONIAL DR,483711,08178-0260-0140-0000,0260-0140-0000,1024.04363735165,27,177596,26733.2472774168
Portsmouth,,121,0260-0072-0000,178,20,,11,178-31327,8,CamaID: 0260-0072-0000,10 MASON AVE,483712,08178-0260-0072-0000,0260-0072-0000,358.795643795102,11,177597,7986.17463932627
Portsmouth,,121,0260-0136-0000,178,20,,11,178-31391,8,CamaID: 0260-0136-0000,346 COLONIAL DR,483713,08178-0260-0136-0000,0260-0136-0000,298.932449039904,11,177598,5744.73507058182
Portsmouth,,121,0260-0108-0000,178,20,,11,178-31363,8,CamaID: 0260-0108-0000,364 COLONIAL DR,483714,08178-0260-0108-0000,0260-0108-0000,349.62113294683,11,177599,7673.4575380862
Portsmouth,,123,0233-0040-0000,178,21,,11,178-30407,8,CamaID: 0233-0040-0000,29 HAMPSHIRE RD,483715,08178-0233-0040-0000,0233-0040-0000,373.461549518411,11,177600,9098.50081984575
Portsmouth,,121,0261-0060-0000,178,20,,11,178-31480,8,CamaID: 0261-0060-0000,100 HOLLY LN,483716,08178-0261-0060-0000,0261-0060-0000,394.311391461588,11,177601,9193.97803261244
Portsmouth,,103A,0221-0084-0000,178,4,,11,178-29592,8,CamaID: 0221-0084-0000,44 LOOKOUT LN,483717,08178-0221-0084-0000,0221-0084-0000,526.951466724863,11,177602,16391.7052782313
Portsmouth,,121,0260-0029-0000,178,20,,11,178-31284,8,CamaID: 0260-0029-0000,563 COLONIAL DR,483718,08178-0260-0029-0000,0260-0029-0000,361.957734675021,11,177603,7088.17760919581
Portsmouth,,121,0260-0052-0000,178,20,,11,178-31307,8,CamaID: 0260-0052-0000,303 DECATUR RD,483719,08178-0260-0052-0000,0260-0052-0000,303.469456076296,11,177604,5820.32497344873
Portsmouth,,121,0261-0062-0000,178,20,,11,178-31482,8,CamaID: 0261-0062-0000,78 HOLLY LN,483720,08178-0261-0062-0000,0261-0062-0000,359.629327005271,11,177605,7890.60057506995
Portsmouth,,121,0260-0051-0000,178,20,,11,178-31306,8,CamaID: 0260-0051-0000,6 VICTORY RD,483721,08178-0260-0051-0000,0260-0051-0000,371.286839617702,11,177606,7941.12233943065
Portsmouth,,121,0261-0066-0000,178,20,,11,178-31486,8,CamaID: 0261-0066-0000,95 HOLLY LN,483722,08178-0261-0066-0000,0261-0066-0000,357.816404783821,11,177607,7738.36702624443
Portsmouth,,121,0260-0063-0000,178,20,,11,178-31318,8,CamaID: 0260-0063-0000,534 COLONIAL DR,483723,08178-0260-0063-0000,0260-0063-0000,327.358319740029,11,177608,6606.82600294721
Portsmouth,,121,0260-0055-0000,178,20,,11,178-31310,8,CamaID: 0260-0055-0000,424 COLONIAL DR,483724,08178-0260-0055-0000,0260-0055-0000,321.953489128437,11,177609,6012.33008704891
Portsmouth,,121,0260-0032-0000,178,20,,11,178-31287,8,CamaID: 0260-0032-0000,20 GEORGES TER,483725,08178-0260-0032-0000,0260-0032-0000,464.788062694641,11,177610,13032.7442942859
Portsmouth,,121,0261-0064-0000,178,20,,11,178-31484,8,CamaID: 0261-0064-0000,61 HOLLY LN,483726,08178-0261-0064-0000,0261-0064-0000,378.524536123426,11,177611,8450.10922578854
Portsmouth,,121,0261-0044-0000,178,20,,11,178-31464,8,CamaID: 0261-0044-0000,274 HOLLY LN,483727,08178-0261-0044-0000,0261-0044-0000,490.844779381006,11,177612,12809.8455267988
Portsmouth,,121,0260-0057-0000,178,20,,11,178-31312,8,CamaID: 0260-0057-0000,452 COLONIAL DR,483728,08178-0260-0057-0000,0260-0057-0000,336.154306167747,11,177613,6515.36636251645
Portsmouth,,114,0268-0027-0000,178,14,,11,178-31548,8,CamaID: 0268-0027-0000,44 MCKINLEY RD,483729,08178-0268-0027-0000,0268-0027-0000,542.60138311992,11,177614,16464.0131406772
Portsmouth,,111,0203-0001-0000,178,11,,57,178-35305,8,CamaID: 0203-0001-0000,LITTLE HARBOR RD,483730,08178-0203-0001-0000,0203-0001-0000,4360.22695011229,57,177615,937640.945012764
Portsmouth,,120,0268-0001-0000,178,19,,11,178-31524,8,CamaID: 0268-0001-0000,1847 LAFAYETTE RD,483731,08178-0268-0001-0000,0268-0001-0000,509.490356642077,11,177616,14819.5241120076
Portsmouth,,114,0251-0024-0000,178,14,,11,178-31070,8,CamaID: 0251-0024-0000,40 TAFT RD,483732,08178-0251-0024-0000,0251-0024-0000,382.818671085214,11,177617,9134.36751581847
Portsmouth,,114,0251-0045-0000,178,14,,11,178-31091,8,CamaID: 0251-0045-0000,195 GRANT AVE,483733,08178-0251-0045-0000,0251-0045-0000,378.472501583307,11,177618,8912.79359257913
Portsmouth,,120,0251-0082-0000,178,19,,11,178-31128,8,CamaID: 0251-0082-0000,1821 LAFAYETTE RD,483734,08178-0251-0082-0000,0251-0082-0000,539.069993896423,11,177619,16340.590094753
Portsmouth,,114,0251-0044-0000,178,14,,11,178-31090,8,CamaID: 0251-0044-0000,187 GRANT AVE,483735,08178-0251-0044-0000,0251-0044-0000,492.350604694933,11,177620,14829.1462130706
Portsmouth,,114,0251-0068-0000,178,14,,11,178-31114,8,CamaID: 0251-0068-0000,200 GRANT AVE,483736,08178-0251-0068-0000,0251-0068-0000,463.144465837635,11,177621,13032.0715931315
Portsmouth,,114,0251-0043-0000,178,14,,11,178-31089,8,CamaID: 0251-0043-0000,181 GRANT AVE,483737,08178-0251-0043-0000,0251-0043-0000,490.468691921114,11,177622,13957.0799924647
Portsmouth,,120,0251-0081-0000,178,19,,11,178-31127,8,CamaID: 0251-0081-0000,1801 LAFAYETTE RD,483738,08178-0251-0081-0000,0251-0081-0000,556.216044139481,11,177623,17847.8765885146
Portsmouth,,114,0251-0069-0000,178,14,,11,178-31115,8,CamaID: 0251-0069-0000,190 GRANT AVE,483739,08178-0251-0069-0000,0251-0069-0000,457.939260478532,11,177624,12456.3323776792
Portsmouth,,120,0251-0080-0000,178,19,,11,178-31126,8,CamaID: 0251-0080-0000,1781 LAFAYETTE RD,483740,08178-0251-0080-0000,0251-0080-0000,553.607100671161,11,177625,17600.4454838846
Portsmouth,,114,0251-0041-0000,178,14,,11,178-31087,8,CamaID: 0251-0041-0000,175 GRANT AVE,483741,08178-0251-0041-0000,0251-0041-0000,484.818987664246,11,177626,13643.2450582604
Portsmouth,,120,0251-0079-0000,178,19,,11,178-31125,8,CamaID: 0251-0079-0000,1761 LAFAYETTE RD,483742,08178-0251-0079-0000,0251-0079-0000,560.111612671124,11,177627,18162.8528562162
Portsmouth,,204,0219-0004-0000,178,34,,14,178-53628,8,CamaID: 0219-0004-0001,996 MAPLEWOOD AVE #A,483743,08178-0219-0004-0000,0219-0004-0001,1829.31050884007,14,177628,113402.064671892
Portsmouth,,129,0219-0008-0000,178,25,,11,178-29306,8,CamaID: 0219-0008-0000,1102 MAPLEWOOD AVE,483744,08178-0219-0008-0000,0219-0008-0000,407.833669187181,11,177629,9234.33426660841
Portsmouth,,129,0219-0009-0000,178,25,,11,178-29307,8,CamaID: 0219-0009-0000,1104 MAPLEWOOD AVE,483745,08178-0219-0009-0000,0219-0009-0000,377.146606637226,11,177630,8091.40912716835
Portsmouth,,129,0219-0010-0000,178,25,,11,178-29308,8,CamaID: 0219-0010-0000,1106 MAPLEWOOD AVE,483746,08178-0219-0010-0000,0219-0010-0000,372.055259031798,11,177631,8058.89041938216
Portsmouth,,129,0219-0011-0000,178,25,,11,178-29309,8,CamaID: 0219-0011-0000,1108 MAPLEWOOD AVE,483747,08178-0219-0011-0000,0219-0011-0000,377.281580068296,11,177632,8559.62382736857
Portsmouth,,129,0219-0012-0000,178,25,,11,178-29310,8,CamaID: 0219-0012-0000,1110 MAPLEWOOD AVE,483748,08178-0219-0012-0000,0219-0012-0000,373.624307511659,11,177633,8501.99523843871
Portsmouth,,129,0219-0015-0000,178,25,,11,178-29313,8,CamaID: 0219-0015-0000,4 FAIRVIEW DR,483749,08178-0219-0015-0000,0219-0015-0000,423.835653019131,11,177634,11129.5905036967
Portsmouth,,129,0219-0016-0000,178,25,,11,178-29314,8,CamaID: 0219-0016-0000,6 FAIRVIEW DR,483750,08178-0219-0016-0000,0219-0016-0000,426.150801465532,11,177635,10700.9124060205
Portsmouth,,129,0219-0017-0000,178,25,,11,178-29315,8,CamaID: 0219-0017-0000,8 FAIRVIEW DR,483751,08178-0219-0017-0000,0219-0017-0000,422.937912993822,11,177636,10575.0108866289
Portsmouth,,129,0219-0018-0000,178,25,,11,178-29316,8,CamaID: 0219-0018-0000,10 FAIRVIEW DR,483752,08178-0219-0018-0000,0219-0018-0000,408.030271317924,11,177637,9679.35783456754
Portsmouth,,129,0219-0019-0000,178,25,,11,178-29317,8,CamaID: 0219-0019-0000,12 FAIRVIEW DR,483753,08178-0219-0019-0000,0219-0019-0000,405.141403165215,11,177638,9541.48566541992
Portsmouth,73,129,0219-0022-0000,178,25,,11,178-29319,8,CamaID: 0219-0022-0000,13 FAIRVIEW DR,483754,08178-0219-0022-0000,0219-0022-0000,595.840988091106,11-73,177639,16755.4520567509
Portsmouth,,129,0219-0023-0000,178,25,,11,178-29320,8,CamaID: 0219-0023-0000,11 FAIRVIEW DR,483755,08178-0219-0023-0000,0219-0023-0000,490.970153751539,11,177640,14538.8229075301
Portsmouth,,129,0219-0025-0000,178,25,,11,178-29322,8,CamaID: 0219-0025-0000,7 FAIRVIEW DR,483756,08178-0219-0025-0000,0219-0025-0000,630.533765476734,11,177641,19868.8915220642
Portsmouth,,129,0219-0034-0000,178,25,,11,178-29330,8,CamaID: 0219-0034-0000,915 WOODBURY AVE,483757,08178-0219-0034-0000,0219-0034-0000,600.160756118826,11,177642,14887.0520776675
Portsmouth,,206,0219-0035-0000,178,36,,14,178-52346,8,CamaID: 0219-0035-0002,897 WOODBURY AVE #2,483758,08178-0219-0035-0000,0219-0035-0002,644.437780484169,14,177643,25028.0735039603
Portsmouth,73,129,0219-0024-0000,178,25,,11,178-29321,8,CamaID: 0219-0024-0000,9 FAIRVIEW DR,483759,08178-0219-0024-0000,0219-0024-0000,1558.52720001174,11-73,177644,96293.6539590233
Portsmouth,,129,0219-0036-0000,178,25,,11,178-29332,8,CamaID: 0219-0036-0000,893 WOODBURY AVE,483760,08178-0219-0036-0000,0219-0036-0000,398.483009512491,11,177645,9923.57245381612
Portsmouth,,129,0219-0037-0000,178,25,,11,178-29333,8,CamaID: 0219-0037-0000,869 WOODBURY AVE,483761,08178-0219-0037-0000,0219-0037-0000,400.006167922772,11,177646,10000.3083675333
Portsmouth,,129,0236-0044-0000,178,25,,11,178-30595,8,CamaID: 0236-0044-0000,231 MEADOW RD,483762,08178-0236-0044-0000,0236-0044-0000,397.207557088964,11,177647,9246.08112029117
Portsmouth,,129,0236-0042-0000,178,25,,11,178-30593,8,CamaID: 0236-0042-0000,15 CLOVER LN,483763,08178-0236-0042-0000,0236-0042-0000,362.280012904608,11,177648,8088.15013006008
Portsmouth,,129,0236-0013-0000,178,25,,11,178-30570,8,CamaID: 0236-0013-0000,196 MEADOW RD,483764,08178-0236-0013-0000,0236-0013-0000,347.529446707089,11,177649,7383.86010103543
Portsmouth,,129,0236-0010-0000,178,25,,11,178-30567,8,CamaID: 0236-0010-0000,778 WOODBURY AVE,483765,08178-0236-0010-0000,0236-0010-0000,401.849454138856,11,177650,9354.1651876381
Portsmouth,,129,0236-0009-0000,178,25,,11,178-30566,8,CamaID: 0236-0009-0000,762 WOODBURY AVE,483766,08178-0236-0009-0000,0236-0009-0000,454.333085522052,11,177651,11428.3316540276
Portsmouth,,129,0236-0014-0000,178,25,,11,178-30571,8,CamaID: 0236-0014-0000,212 MEADOW RD,483767,08178-0236-0014-0000,0236-0014-0000,451.351392102641,11,177652,11270.5092567936
Portsmouth,,129,0236-0008-0001,178,25,,11,178-30631,8,CamaID: 0236-0008-0001,740 WOODBURY AVE,483768,08178-0236-0008-0001,0236-0008-0001,457.801690227011,11,177653,11680.9391113782
Portsmouth,,129,0236-0008-0000,178,25,,11,178-30565,8,CamaID: 0236-0008-0000,710 WOODBURY AVE,483769,08178-0236-0008-0000,0236-0008-0000,500.928172519622,11,177654,14952.5087301824
Portsmouth,,129,0236-0015-0000,178,25,,11,178-30572,8,CamaID: 0236-0015-0000,260 MEADOW RD,483770,08178-0236-0015-0000,0236-0015-0000,749.760754894,11,177655,18547.4748878855
Portsmouth,,129,0236-0016-0000,178,25,,11,178-30573,8,CamaID: 0236-0016-0000,270 MEADOW RD,483771,08178-0236-0016-0000,0236-0016-0000,640.551995441896,11,177656,19965.653516079
Portsmouth,,129,0236-0007-0000,178,25,,11,178-30564,8,CamaID: 0236-0007-0000,700 WOODBURY AVE,483772,08178-0236-0007-0000,0236-0007-0000,535.779521144491,11,177657,17759.2883851416
Portsmouth,,129,0236-0006-0000,178,25,,11,178-30563,8,CamaID: 0236-0006-0000,690 WOODBURY AVE,483773,08178-0236-0006-0000,0236-0006-0000,569.543297282755,11,177658,19986.4564756369
Portsmouth,,129,0236-0027-0000,178,25,,11,178-30584,8,CamaID: 0236-0027-0000,275 MEADOW RD,483774,08178-0236-0027-0000,0236-0027-0000,603.892616257437,11,177659,17351.4029937609
Portsmouth,,129,0236-0028-0000,178,25,,11,178-30585,8,CamaID: 0236-0028-0000,10 CLOVER LN,483775,08178-0236-0028-0000,0236-0028-0000,580.149078654066,11,177660,15991.8872564147
Portsmouth,,129,0236-0029-0000,178,25,,11,178-30586,8,CamaID: 0236-0029-0000,22 CLOVER LN,483776,08178-0236-0029-0000,0236-0029-0000,680.897107015991,11,177661,27212.5856199913
Portsmouth,,129,0236-0017-0000,178,25,,11,178-30574,8,CamaID: 0236-0017-0000,350 MEADOW RD,483777,08178-0236-0017-0000,0236-0017-0000,565.754067185002,11,177662,19538.1764812325
Portsmouth,,129,0236-0004-0000,178,25,,11,178-30562,8,CamaID: 0236-0004-0000,620 WOODBURY AVE,483778,08178-0236-0004-0000,0236-0004-0000,573.339640142359,11,177663,20463.8671202158
Portsmouth,,,0,178,,,,,,,,483779,08178-0,,177.475910600656,,177664,1663.12239949665
Portsmouth,,307,0313-0016-0000,178,63,,44,178-37892,8,CamaID: 0313-0016-0000,30 RYE ST,483780,08178-0313-0016-0000,0313-0016-0000,534.940902329228,44,177665,11821.6228852311
Portsmouth,,307,0308-0006-0000,178,63,,45,178-37865,8,CamaID: 0308-0006-0000,5 AVIATION AVE,483781,08178-0308-0006-0000,0308-0006-0000,168.768662012671,45,177666,1663.71397288849
Portsmouth,,121,0261-0037-0000,178,20,,11,178-31458,8,CamaID: 0261-0037-0000,510 SHERBURNE RD,483782,08178-0261-0037-0000,0261-0037-0000,506.104525089615,11,177667,14503.0603791345
Portsmouth,,121,0261-0036-0000,178,20,,11,178-31457,8,CamaID: 0261-0036-0000,506 SHERBURNE RD,483783,08178-0261-0036-0000,0261-0036-0000,512.898636675707,11,177668,15029.8960270401
Portsmouth,,121,0261-0031-0000,178,20,,11,178-31452,8,CamaID: 0261-0031-0000,19 WITMER AVE,483784,08178-0261-0031-0000,0261-0031-0000,433.86147610651,11,177669,11122.5973854297
Portsmouth,,121,0261-0034-0000,178,20,,11,178-31455,8,CamaID: 0261-0034-0000,19 DORIS AVE,483785,08178-0261-0034-0000,0261-0034-0000,430.082613811018,11,177670,10880.6366941451
Portsmouth,70,111,0203-0005-0000,178,11,,11,178-28608,8,CamaID: 0203-0005-0000,365 LITTLE HARBOR RD,483786,08178-0203-0005-0000,0203-0005-0000,938.201543355193,11-70,177671,53388.9809203557
Portsmouth,,111,0203-0003-0000,178,11,,12,178-28607,8,CamaID: 0203-0003-0000,385 LITTLE HARBOR RD,483787,08178-0203-0003-0000,0203-0003-0000,823.961665540199,12,177672,39315.1695237926
Portsmouth,,133,0224-0006-0000,178,29,,22,178-29972,8,CamaID: 0224-0006-0000,SAGAMORE AVE,483788,08178-0224-0006-0000,0224-0006-0000,497.58461679519,22,177673,9578.10027964234
Portsmouth,,111,0202-0007-0000,178,11,,22,178-28585,8,CamaID: 0202-0007-0000,WALKER BUNGALOW RD,483789,08178-0202-0007-0000,0202-0007-0000,403.027779745743,22,177674,10150.8258142645
Portsmouth,,111,0202-0005-0000,178,11,,11,178-28583,8,CamaID: 0202-0005-0000,147 WALKER BUNGALOW RD,483790,08178-0202-0005-0000,0202-0005-0000,402.467008943087,11,177675,10073.0802007707
Portsmouth,,111,0223-0006-0000,178,11,,11,178-29819,8,CamaID: 0223-0006-0000,96 CLIFF RD,483791,08178-0223-0006-0000,0223-0006-0000,543.058054637585,11,177676,18031.2540345783
Portsmouth,,111,0222-0003-0000,178,11,,11,178-29601,8,CamaID: 0222-0003-0000,72 WALKER BUNGALOW RD,483792,08178-0222-0003-0000,0222-0003-0000,782.981136284212,11,177677,36686.1003959028
Portsmouth,,111,0222-0006-0000,178,11,,11,178-29603,8,CamaID: 0222-0006-0000,3 LITTLE HARBOR RD,483793,08178-0222-0006-0000,0222-0006-0000,643.14552327692,11,177678,20677.4726208836
Portsmouth,73,109,0207-0022-0000,178,9,,11,178-28677,8,CamaID: 0207-0022-0000,5 MOEBUS TER,483794,08178-0207-0022-0000,0207-0022-0000,375.304363616599,11-73,177679,8583.97712628519
Portsmouth,73,109,0207-0021-0000,178,9,,11,178-28676,8,CamaID: 0207-0021-0000,3 MOEBUS TER,483795,08178-0207-0021-0000,0207-0021-0000,412.053395426107,11-73,177680,10841.3702176507
Portsmouth,73,109,0207-0017-0000,178,9,,11,178-28673,8,CamaID: 0207-0017-0000,55 PLEASANT POINT DR,483796,08178-0207-0017-0000,0207-0017-0000,428.827429845803,11-73,177681,10756.5915874158
Portsmouth,73,109,0207-0031-0000,178,9,,11,178-28686,8,CamaID: 0207-0031-0000,1 BOYAN PL,483797,08178-0207-0031-0000,0207-0031-0000,436.811141609805,11-73,177682,11819.7830697063
Portsmouth,73,101,0207-0048-0000,178,2,,11,178-28703,8,CamaID: 0207-0048-0000,37 BAYCLIFF RD,483798,08178-0207-0048-0000,0207-0048-0000,355.236060891484,11-73,177683,7114.35482786843
Portsmouth,,,0206-0019-0000,178,,,,,,,,483799,08178-0206-0019-0000,,613.925134701267,,177684,25570.8910445917
Portsmouth,,103B,0206-0015-0000,178,5,,11,178-28639,8,CamaID: 0206-0015-0000,139 BRACKETT RD,483800,08178-0206-0015-0000,0206-0015-0000,415.007732737783,11,177685,8950.3377404484
Portsmouth,,103B,0206-0004-0000,178,5,,11,178-28629,8,CamaID: 0206-0004-0000,57 HAVEN RD,483801,08178-0206-0004-0000,0206-0004-0000,296.810935751389,11,177686,5223.30660897156
Portsmouth,,103B,0206-0007-0000,178,5,,11,178-28632,8,CamaID: 0206-0007-0000,60 BRACKETT LN,483802,08178-0206-0007-0000,0206-0007-0000,331.643555137853,11,177687,6673.60217591097
Portsmouth,,103B,0206-0005-0000,178,5,,11,178-28630,8,CamaID: 0206-0005-0000,79 HAVEN RD,483803,08178-0206-0005-0000,0206-0005-0000,465.868707691195,11,177688,12148.6768697261
Portsmouth,,103B,0206-0028-0000,178,5,,11,178-28651,8,CamaID: 0206-0028-0000,84 HAVEN RD,483804,08178-0206-0028-0000,0206-0028-0000,449.914607515772,11,177689,11987.1084680955
Portsmouth,,103B,0206-0029-0000,178,5,,11,178-28652,8,CamaID: 0206-0029-0000,80 HAVEN RD,483805,08178-0206-0029-0000,0206-0029-0000,470.464706024473,11,177690,12792.1301323519
Portsmouth,,103B,0206-0030-0000,178,5,,11,178-28653,8,CamaID: 0206-0030-0000,64 HAVEN RD,483806,08178-0206-0030-0000,0206-0030-0000,439.200094229259,11,177691,9700.29206815371
Portsmouth,,129,0236-0061-0000,178,25,,11,178-30612,8,CamaID: 0236-0061-0000,70 MEADOW RD,483807,08178-0236-0061-0000,0236-0061-0000,358.784866988194,11,177692,7927.4609076562
Portsmouth,,129,0236-0062-0000,178,25,,11,178-30613,8,CamaID: 0236-0062-0000,100 MEADOW RD,483808,08178-0236-0062-0000,0236-0062-0000,344.051625478105,11,177693,7204.39548521366
Portsmouth,,129,0219-0038-0000,178,25,,11,178-29334,8,CamaID: 0219-0038-0000,865 WOODBURY AVE,483809,08178-0219-0038-0000,0219-0038-0000,396.202781753889,11,177694,9807.47980863067
Portsmouth,,304,0219-0039-0000,178,59,,57,178-35399,8,CamaID: 0219-0039-0000,827 WOODBURY AVE,483810,08178-0219-0039-0000,0219-0039-0000,2841.17632240216,57,177695,442008.636626025
Portsmouth,,129,0236-0055-0000,178,25,,11,178-30606,8,CamaID: 0236-0055-0000,906 WOODBURY AVE,483811,08178-0236-0055-0000,0236-0055-0000,544.942370111448,11,177696,18467.2045648566
Portsmouth,,129,0236-0054-0000,178,25,,11,178-30605,8,CamaID: 0236-0054-0000,900 WOODBURY AVE,483812,08178-0236-0054-0000,0236-0054-0000,410.289776785042,11,177697,9913.97397027494
Portsmouth,,129,0236-0063-0000,178,25,,11,178-30614,8,CamaID: 0236-0063-0000,108 MEADOW RD,483813,08178-0236-0063-0000,0236-0063-0000,348.699247841825,11,177698,7444.59268628978
Portsmouth,,129,0236-0064-0000,178,25,,11,178-30615,8,CamaID: 0236-0064-0000,122 MEADOW RD,483814,08178-0236-0064-0000,0236-0064-0000,349.408877024624,11,177699,7487.3816851186
Portsmouth,,129,0236-0051-0000,178,25,,12,178-30602,8,CamaID: 0236-0051-0000,876 WOODBURY AVE,483815,08178-0236-0051-0000,0236-0051-0000,407.261789074746,12,177700,9641.40843048445
Portsmouth,,129,0236-0050-0000,178,25,,12,178-30601,8,CamaID: 0236-0050-0000,870 WOODBURY AVE,483816,08178-0236-0050-0000,0236-0050-0000,411.281428992446,12,177701,9879.47825355863
Portsmouth,,129,0236-0065-0000,178,25,,11,178-30616,8,CamaID: 0236-0065-0000,142 MEADOW RD,483817,08178-0236-0065-0000,0236-0065-0000,349.816012294859,11,177702,7514.84489248796
Portsmouth,,129,0236-0048-0000,178,25,,11,178-30599,8,CamaID: 0236-0048-0000,32 FARM LN,483818,08178-0236-0048-0000,0236-0048-0000,349.155684537486,11,177703,7489.36759629838
Portsmouth,,129,0236-0011-0000,178,25,,12,178-30568,8,CamaID: 0236-0011-0000,828 WOODBURY AVE,483819,08178-0236-0011-0000,0236-0011-0000,403.621628628185,12,177704,9434.29732778481
Portsmouth,,129,0236-0068-0000,178,25,,11,178-30619,8,CamaID: 0236-0068-0000,125 MEADOW RD,483820,08178-0236-0068-0000,0236-0068-0000,549.989224715134,11,177705,18749.5416223136
Portsmouth,,129,0236-0067-0000,178,25,,11,178-30618,8,CamaID: 0236-0067-0000,141 MEADOW RD,483821,08178-0236-0067-0000,0236-0067-0000,389.774723700891,11,177706,8695.43926973448
Portsmouth,,129,0236-0074-0000,178,25,,11,178-30625,8,CamaID: 0236-0074-0000,86 FARM LN,483822,08178-0236-0074-0000,0236-0074-0000,858.339645093268,11,177707,39846.8244370173
Portsmouth,,127,0237-0020-0000,178,23,,11,178-30650,8,CamaID: 0237-0020-0000,48 ECHO AVE,483823,08178-0237-0020-0000,0237-0020-0000,348.302171192545,11,177708,7505.60458695347
Portsmouth,,127,0237-0019-0000,178,23,,11,178-30649,8,CamaID: 0237-0019-0000,30 ECHO AVE,483824,08178-0237-0019-0000,0237-0019-0000,358.609418396919,11,177709,7977.70380222063
Portsmouth,,127,0237-0017-0000,178,23,,11,178-30647,8,CamaID: 0237-0017-0000,1196 WOODBURY AVE,483825,08178-0237-0017-0000,0237-0017-0000,609.385983889344,11,177710,19760.0811068265
Portsmouth,,127,0237-0016-0000,178,23,,11,178-30646,8,CamaID: 0237-0016-0000,1176 WOODBURY AVE,483826,08178-0237-0016-0000,0237-0016-0000,604.692609263395,11,177711,20438.6822437951
Portsmouth,,127,0237-0063-0000,178,23,,11,178-30690,8,CamaID: 0237-0063-0000,91 ECHO AVE,483827,08178-0237-0063-0000,0237-0063-0000,452.518604526247,11,177712,12124.479798531
Portsmouth,,127,0237-0062-0000,178,23,,11,178-30689,8,CamaID: 0237-0062-0000,115 ECHO AVE,483828,08178-0237-0062-0000,0237-0062-0000,390.655614251403,11,177713,9125.77699311313
Portsmouth,,127,0237-0061-0000,178,23,,11,178-30688,8,CamaID: 0237-0061-0000,125 ECHO AVE,483829,08178-0237-0061-0000,0237-0061-0000,600.940031467437,11,177714,19640.2816690521
Portsmouth,,302,0236-0036-0000,178,57,,23,178-35519,8,CamaID: 0236-0036-0000,FARM LN,483830,08178-0236-0036-0000,0236-0036-0000,459.63074965193,23,177715,5335.88241286392
Portsmouth,,129,0236-0047-0000,178,25,,11,178-30598,8,CamaID: 0236-0047-0000,187 MEADOW RD,483831,08178-0236-0047-0000,0236-0047-0000,448.657326651255,11,177716,12438.7635833326
Portsmouth,,129,0236-0046-0000,178,25,,11,178-30597,8,CamaID: 0236-0046-0000,193 MEADOW RD,483832,08178-0236-0046-0000,0236-0046-0000,396.194037227559,11,177717,9185.47526049545
Portsmouth,,129,0236-0041-0000,178,25,,11,178-30592,8,CamaID: 0236-0041-0000,25 CLOVER LN,483833,08178-0236-0041-0000,0236-0041-0000,523.270088217284,11,177718,16177.6270836442
Portsmouth,,305A,0126-0050-0000,178,61,,57,178-33663,8,CamaID: 0126-0050-0000,19 ISLINGTON ST,483834,08178-0126-0050-0000,0126-0050-0000,324.835570450037,57,177719,6078.26604295415
Portsmouth,,105,0126-0029-0000,178,7,,12,178-33647,8,CamaID: 0126-0029-0000,350 HANOVER ST,483835,08178-0126-0029-0000,0126-0029-0000,202.833762046043,12,177720,2522.29968914999
Portsmouth,,105,0126-0049-0000,178,7,,11,178-33662,8,CamaID: 0126-0049-0000,29 TANNER ST,483836,08178-0126-0049-0000,0126-0049-0000,220.944038054839,11,177721,3025.85581379474
Portsmouth,,105,0126-0043-0000,178,7,,11,178-33656,8,CamaID: 0126-0043-0000,332 HANOVER ST,483837,08178-0126-0043-0000,0126-0043-0000,261.230957704978,11,177722,4185.44371490053
Portsmouth,70,131,0159-0005-0000,178,27,,11,178-34900,8,CamaID: 0159-0005-0000,135 SPARHAWK ST,483838,08178-0159-0005-0000,0159-0005-0000,478.966482602449,11-70,177723,9132.42256305828
Portsmouth,,105,0126-0042-0000,178,7,,11,178-33655,8,CamaID: 0126-0042-0000,324 HANOVER ST,483839,08178-0126-0042-0000,0126-0042-0000,225.953906676923,11,177724,2507.4464536985
Portsmouth,,105,0126-0048-0000,178,7,,11,178-33661,8,CamaID: 0126-0048-0000,37 TANNER ST,483840,08178-0126-0048-0000,0126-0048-0000,198.075640787627,11,177725,2346.08938850877
Portsmouth,,204,0138-0064-0000,178,34,,14,178-38687,8,CamaID: 0138-0064-0001,349 HANOVER ST #1,483841,08178-0138-0064-0000,0138-0064-0001,295.630440208852,14,177726,5393.98893783649
Portsmouth,,131,0159-0004-0000,178,27,,12,178-34899,8,CamaID: 0159-0004-0000,123 SPARHAWK ST,483842,08178-0159-0004-0000,0159-0004-0000,497.700407602173,12,177727,10169.1866580059
Portsmouth,,105,0126-0037-0000,178,7,,11,178-33651,8,CamaID: 0126-0037-0000,52 TANNER ST,483843,08178-0126-0037-0000,0126-0037-0000,154.438576717625,11,177728,1377.63966789525
Portsmouth,,303,0215-0007-0000,178,58,,33,178-35358,8,CamaID: 0215-0007-0000,1981 WOODBURY AVE,483844,08178-0215-0007-0000,0215-0007-0000,1742.35540821128,33,177729,160752.399082497
Portsmouth,,301,0215-0009-0000,178,56,,57,178-29042,8,CamaID: 0215-0009-0000,ORIENTAL GDNS,483845,08178-0215-0009-0000,0215-0009-0000,4823.25129173821,57,177730,897570.680945131
Portsmouth,,119,0213-0004-0000,178,18,,11,178-29035,8,CamaID: 0213-0004-0000,15 DUNLIN WAY,483846,08178-0213-0004-0000,0213-0004-0000,531.311917521712,11,177731,17343.9814233731
Portsmouth,,303,0215-0014-0000,178,58,,33,178-35363,8,CamaID: 0215-0014-0000,1811 WOODBURY AVE,483847,08178-0215-0014-0000,0215-0014-0000,3345.86613652615,33,177732,529297.712324803
Portsmouth,,301,0214-0003-0000,178,56,,60,178-35352,8,CamaID: 0214-0003-0000,300 GOSLING RD,483848,08178-0214-0003-0000,0214-0003-0000,7413.71951277758,60,177733,1687837.65825308
Portsmouth,,301,0216-0001-0001,178,56,,24,178-35368,8,CamaID: 0216-0001-0001,COMMERCE WAY,483849,08178-0216-0001-0001,0216-0001-0001,1751.01018730935,24,177734,179475.391724473
Portsmouth,,119,0213-0003-0000,178,18,,11,178-29034,8,CamaID: 0213-0003-0000,17 DUNLIN WAY,483850,08178-0213-0003-0000,0213-0003-0000,598.951696850673,11,177735,13184.2347332587
Portsmouth,,304,0213-0002-1500,178,59,,13,178-38181,8,CamaID: 0213-0002-1500,139 OSPREY DR,483851,08178-0213-0002-1500,0213-0002-1500,3084.07633319678,13,177736,284515.424250391
Portsmouth,,119,0213-0010-0000,178,18,,11,178-29041,8,CamaID: 0213-0010-0000,20 DUNLIN WAY,483852,08178-0213-0010-0000,0213-0010-0000,477.197693468053,11,177737,13133.9931913949
Portsmouth,,130,0212-0124-0000,178,26,,11,178-28948,8,CamaID: 0212-0124-0000,276 CRESCENT WAY,483853,08178-0212-0124-0000,0212-0124-0000,427.491126267703,11,177738,10587.4600973341
Portsmouth,,130,0212-0125-0000,178,26,,11,178-28949,8,CamaID: 0212-0125-0000,264 CRESCENT WAY,483854,08178-0212-0125-0000,0212-0125-0000,393.23555293323,11,177739,8316.01243766347
Portsmouth,,130,0212-0126-0000,178,26,,11,178-28950,8,CamaID: 0212-0126-0000,254 CRESCENT WAY,483855,08178-0212-0126-0000,0212-0126-0000,374.246857592385,11,177740,6946.87425959383
Portsmouth,,301,0213-0011-0000,178,56,,60,178-35379,8,CamaID: 0213-0011-0000,DUNLIN WAY,483856,08178-0213-0011-0000,0213-0011-0000,2517.79342177004,60,177741,238373.677256315
Portsmouth,,301,0214-0001-0000,178,56,,60,178-35350,8,CamaID: 0214-0001-0000,400 GOSLING RD,483857,08178-0214-0001-0000,0214-0001-0000,12606.2450564036,60,177742,1473446.1498283
Portsmouth,,204,0212-0168-0000,178,34,,14,178-38911,8,CamaID: 0212-0168-0001,39 ALBACORE WAY A #39A,483858,08178-0212-0168-0000,0212-0168-0001,737.434591544377,14,177743,27464.9893033462
Portsmouth,,301,0213-0012-0000,178,56,,24,178-38498,8,CamaID: 0213-0012-0000,DUNLIN WAY,483859,08178-0213-0012-0000,0213-0012-0000,2534.96107194169,24,177744,364473.636604513
Portsmouth,,301,0216-0001-0011,178,56,,33,178-35370,8,CamaID: 0216-0001-0011,135 COMMERCE WAY,483860,08178-0216-0001-0011,0216-0001-0011,2544.00635671249,33,177745,235828.051976873
Portsmouth,,301,0214-0002-0000,178,56,,60,178-35351,8,CamaID: 0214-0002-0000,280 GOSLING RD,483861,08178-0214-0002-0000,0214-0002-0000,6682.15895186045,60,177746,1782491.85328046
Portsmouth,,301,0216-0001-008A,178,56,,33,178-35375,8,CamaID: 0216-0001-008A,215 COMMERCE WAY,483862,08178-0216-0001-008A,0216-0001-008A,3460.32864129745,33,177747,383015.249355345
Portsmouth,,125,0243-0065-0000,178,22,,12,178-30812,8,CamaID: 0243-0065-0000,350 GREENLEAF AVE,483863,08178-0243-0065-0000,0243-0065-0000,750.81189334952,12,177748,27489.8858014404
Portsmouth,,125,0243-0021-0000,178,22,,22,178-30773,8,CamaID: 0243-0021-0000,SWETT AVE,483864,08178-0243-0021-0000,0243-0021-0000,487.290522327749,22,177749,13371.9346245288
Portsmouth,,125,0243-0020-0000,178,22,,22,178-30772,8,CamaID: 0243-0020-0000,SWETT AVE,483865,08178-0243-0020-0000,0243-0020-0000,474.980559720235,22,177750,12606.5621255269
Portsmouth,,125,0243-0019-0000,178,22,,27,178-30771,8,CamaID: 0243-0019-0000,SWETT AVE,483866,08178-0243-0019-0000,0243-0019-0000,390.845135328309,27,177751,6224.9223177557
Portsmouth,,125,0243-0045-0000,178,22,,22,178-30794,8,CamaID: 0243-0045-0000,LEAVITT AVE,483867,08178-0243-0045-0000,0243-0045-0000,238.936642335166,22,177752,3193.74587406874
Portsmouth,,125,0243-0018-0000,178,22,,22,178-30770,8,CamaID: 0243-0018-0000,SWETT AVE,483868,08178-0243-0018-0000,0243-0018-0000,467.016122412125,22,177753,12292.902032662
Portsmouth,,125,0243-0044-0000,178,22,,22,178-30793,8,CamaID: 0243-0044-0000,LEAVITT AVE,483869,08178-0243-0044-0000,0243-0044-0000,239.198780192934,22,177754,3185.75044329599
Portsmouth,,125,0243-0016-0000,178,22,,27,178-30768,8,CamaID: 0243-0016-0000,SWETT AVE,483870,08178-0243-0016-0000,0243-0016-0000,457.237760984681,27,177755,11939.4901300266
Portsmouth,,125,0243-0030-0000,178,22,,19,178-30782,8,CamaID: 0243-0030-0000,SWETT AVE,483871,08178-0243-0030-0000,0243-0030-0000,246.853686908337,19,177756,3317.64829410006
Portsmouth,,125,0243-0034-0000,178,22,,11,178-30786,8,CamaID: 0243-0034-0000,75 WOODWORTH AVE,483872,08178-0243-0034-0000,0243-0034-0000,410.137493011585,11,177757,10184.9981519166
Portsmouth,,125,0243-0015-0000,178,22,,11,178-30767,8,CamaID: 0243-0015-0000,170 SWETT AVE,483873,08178-0243-0015-0000,0243-0015-0000,603.702098293284,11,177758,22679.5589492892
Portsmouth,,125,0243-0039-0000,178,22,,11,178-30789,8,CamaID: 0243-0039-0000,84 WOODWORTH AVE,483874,08178-0243-0039-0000,0243-0039-0000,559.046321167867,11,177759,15928.3798172123
Portsmouth,,133,0224-0008-0000,178,29,,57,178-29974,8,CamaID: 0224-0008-0000,1185 SAGAMORE AVE,483875,08178-0224-0008-0000,0224-0008-0000,592.130159173058,57,177760,19576.9569731771
Portsmouth,,133,0224-0009-0000,178,29,,12,178-29975,8,CamaID: 0224-0009-0000,1183 SAGAMORE AVE,483876,08178-0224-0009-0000,0224-0009-0000,586.020898245456,12,177761,18604.3004202355
Portsmouth,,103B,0150-0015-0000,178,5,,11,178-34683,8,CamaID: 0150-0015-0000,1126 SOUTH ST,483877,08178-0150-0015-0000,0150-0015-0000,525.960874096618,11,177762,12386.3886531116
Portsmouth,,131,0163-0008-0000,178,27,,12,178-35101,8,CamaID: 0163-0008-0000,2 WOODBURY AVE,483886,08178-0163-0008-0000,0163-0008-0000,235.412444953737,12,177763,3323.54215073238
Portsmouth,,304,0145-0084-0000,178,59,,57,178-34444,8,CamaID: 0145-0084-0000,824 STATE ST,483887,08178-0145-0084-0000,0145-0084-0000,284.228451100645,57,177764,4358.15754428818
Portsmouth,,305A,0145-0039-0000,178,61,,33,178-37562,8,CamaID: 0145-0039-0000,462 ISLINGTON ST,483888,08178-0145-0039-0000,0145-0039-0000,324.173889956432,33,177765,5984.89235109866
Portsmouth,70,131,0143-0022-0000,178,27,,11,178-34320,8,CamaID: 0143-0022-0000,32 MONTEITH ST,483878,08178-0143-0022-0000,0143-0022-0000,1097.5460758348,11-70,177766,38612.1459894364
Portsmouth,,305,0125-0006-0000,178,60,,57,178-37484,8,CamaID: 0125-0006-0000,96 BRIDGE ST,483879,08178-0125-0006-0000,0125-0006-0000,254.177734089002,57,177767,2640.97746636348
Portsmouth,,305,0125-0016-0000,178,60,,33,178-37486,8,CamaID: 0125-0016-0000,126 BRIDGE ST,483880,08178-0125-0016-0000,0125-0016-0000,679.72933833163,33,177768,26717.9026577827
Portsmouth,,304,0145-0086-0000,178,59,,57,178-34446,8,CamaID: 0145-0086-0000,846 STATE ST,483881,08178-0145-0086-0000,0145-0086-0000,224.152592803984,57,177769,3124.84312172834
Portsmouth,,105,0145-0078-0000,178,7,,12,178-34438,8,CamaID: 0145-0078-0000,136 CABOT ST,483882,08178-0145-0078-0000,0145-0078-0000,365.047272107599,12,177770,6650.16427678725
Portsmouth,,105,0145-0085-0000,178,7,,11,178-34445,8,CamaID: 0145-0085-0000,834 STATE ST,483883,08178-0145-0085-0000,0145-0085-0000,190.322688024517,11,177771,2252.66892431111
Portsmouth,,105,0145-0040-0000,178,7,,12,178-34404,8,CamaID: 0145-0040-0000,23 COLUMBIA ST,483884,08178-0145-0040-0000,0145-0040-0000,338.084888578315,12,177772,5855.29158171932
Portsmouth,,,0145-0079-0000,178,,,,,,,,483885,08178-0145-0079-0000,,392.890456697694,,177773,8430.05898546745
Portsmouth,,105,0145-0008-0000,178,7,,11,178-34377,8,CamaID: 0145-0008-0000,843 STATE ST,483889,08178-0145-0008-0000,0145-0008-0000,221.655941547995,11,177774,2731.79266651742
Portsmouth,,131,0162-0026-0000,178,27,,11,178-35055,8,CamaID: 0162-0026-0000,90 PINE ST,483890,08178-0162-0026-0000,0162-0026-0000,357.036587006764,11,177775,6657.99624921042
Portsmouth,,123,0169-0003-0000,178,21,,11,178-35222,8,CamaID: 0169-0003-0000,225 SPINNEY RD,483891,08178-0169-0003-0000,0169-0003-0000,684.29905784498,11,177776,17828.4479456747
Portsmouth,,,0,178,,,,,,,,483892,08178-0,,40.0004277076039,,177777,100.002138509095
Portsmouth,,123,0233-0029-0000,178,21,,11,178-30396,8,CamaID: 0233-0029-0000,20 HAMPSHIRE RD,483893,08178-0233-0029-0000,0233-0029-0000,365.795186705993,11,177778,8242.34057491026
Portsmouth,,123,0233-0030-0000,178,21,,11,178-30397,8,CamaID: 0233-0030-0000,28 HAMPSHIRE RD,483894,08178-0233-0030-0000,0233-0030-0000,362.708807450004,11,177779,8097.86852755352
Portsmouth,,123,0233-0031-0000,178,21,,11,178-30398,8,CamaID: 0233-0031-0000,24 HAMPSHIRE RD,483895,08178-0233-0031-0000,0233-0031-0000,361.022994406195,11,177780,8034.28270685122
Portsmouth,,123,0233-0032-0000,178,21,,11,178-30399,8,CamaID: 0233-0032-0000,18 HAMPSHIRE RD,483896,08178-0233-0032-0000,0233-0032-0000,361.539324875969,11,177781,8074.97617994624
Portsmouth,,123,0233-0036-0000,178,21,,11,178-30403,8,CamaID: 0233-0036-0000,17 HAMPSHIRE RD,483897,08178-0233-0036-0000,0233-0036-0000,356.647169062614,11,177782,7937.66858811611
Portsmouth,,125,0243-0060-0000,178,22,,11,178-30807,8,CamaID: 0243-0060-0000,404 GREENLEAF AVE,483898,08178-0243-0060-0000,0243-0060-0000,795.314433240709,11,177783,28199.6332025908
Portsmouth,,125,0232-0091-0000,178,22,,11,178-30235,8,CamaID: 0232-0091-0000,46 PEVERLY HILL RD,483899,08178-0232-0091-0000,0232-0091-0000,503.854309183149,11,177784,14217.6459202594
Portsmouth,,125,0232-0092-0000,178,22,,11,178-30236,8,CamaID: 0232-0092-0000,78 PEVERLY HILL RD,483900,08178-0232-0092-0000,0232-0092-0000,547.404445058695,11,177785,18195.0176600945
Portsmouth,,125,0232-0088-0000,178,22,,11,178-30233,8,CamaID: 0232-0088-0000,74 LEAVITT AVE,483901,08178-0232-0088-0000,0232-0088-0000,479.486385262178,11,177786,12736.7487834777
Portsmouth,,125,0232-0093-0000,178,22,,11,178-30237,8,CamaID: 0232-0093-0000,82 PEVERLY HILL RD,483902,08178-0232-0093-0000,0232-0093-0000,561.701113910951,11,177787,16112.9139990437
Portsmouth,,125,0232-0095-0000,178,22,,27,178-35493,8,CamaID: 0232-0095-0000,PEVERLY HILL RD,483903,08178-0232-0095-0000,0232-0095-0000,239.282567175431,27,177788,3127.83543275536
Portsmouth,,125,0232-0076-0000,178,22,,11,178-30221,8,CamaID: 0232-0076-0000,44 WOODWORTH AVE,483904,08178-0232-0076-0000,0232-0076-0000,289.734102829582,11,177789,5172.48685482093
Portsmouth,,125,0232-0066-0000,178,22,,11,178-30211,8,CamaID: 0232-0066-0000,35 SWETT AVE,483905,08178-0232-0066-0000,0232-0066-0000,577.489644580096,11,177790,17548.1354312906
Portsmouth,,125,0232-0073-0000,178,22,,22,178-30218,8,CamaID: 0232-0073-0000,WOODWORTH AVE,483906,08178-0232-0073-0000,0232-0073-0000,252.657121999307,22,177791,3493.19097754803
Portsmouth,,125,0232-0072-0000,178,22,,11,178-30217,8,CamaID: 0232-0072-0000,31 WOODWORTH AVE,483907,08178-0232-0072-0000,0232-0072-0000,497.143968821613,11,177792,13963.491036699
Portsmouth,,125,0232-0067-0000,178,22,,11,178-30212,8,CamaID: 0232-0067-0000,33 SWETT AVE,483908,08178-0232-0067-0000,0232-0067-0000,330.702727059569,11,177793,6822.58934561046
Portsmouth,,125,0232-0056-0000,178,22,,11,178-30204,8,CamaID: 0232-0056-0000,32 SWETT AVE,483909,08178-0232-0056-0000,0232-0056-0000,373.943964618429,11,177794,8507.7226843642
Portsmouth,,125,0232-0057-0000,178,22,,11,178-30205,8,CamaID: 0232-0057-0000,34 SWETT AVE,483910,08178-0232-0057-0000,0232-0057-0000,385.283452244565,11,177795,9028.47014133243
Portsmouth,,125,0232-0058-0000,178,22,,11,178-30206,8,CamaID: 0232-0058-0000,44 SWETT AVE,483911,08178-0232-0058-0000,0232-0058-0000,393.907969169981,11,177796,9391.31146254304
Portsmouth,,125,0232-0059-0000,178,22,,11,178-30207,8,CamaID: 0232-0059-0000,50 SWETT AVE,483912,08178-0232-0059-0000,0232-0059-0000,314.497100000152,11,177797,4588.58041677033
Portsmouth,,125,0232-0060-0000,178,22,,11,178-30208,8,CamaID: 0232-0060-0000,54 SWETT AVE,483913,08178-0232-0060-0000,0232-0060-0000,403.518268950466,11,177798,9757.2633095841
Portsmouth,,125,0232-0048-0000,178,22,,11,178-30196,8,CamaID: 0232-0048-0000,740 MIDDLE RD,483914,08178-0232-0048-0000,0232-0048-0000,972.196198294212,11,177799,21959.9471143144
Portsmouth,,125,0232-0047-0000,178,22,,11,178-30195,8,CamaID: 0232-0047-0000,726 MIDDLE RD,483915,08178-0232-0047-0000,0232-0047-0000,973.110329532617,11,177800,21693.0667915461
Portsmouth,,123,0241-0021-0001,178,21,,11,178-30757,8,CamaID: 0241-0021-0001,1755 ISLINGTON ST,483916,08178-0241-0021-0001,0241-0021-0001,1132.48462340583,11,177801,43795.7887189553
Portsmouth,,123,0241-0021-0000,178,21,,11,178-30752,8,CamaID: 0241-0021-0000,1745 ISLINGTON ST,483917,08178-0241-0021-0000,0241-0021-0000,1078.50040421913,11,177802,43334.5072254881
Portsmouth,,123,0241-0022-0000,178,21,,11,178-30753,8,CamaID: 0241-0022-0000,1727 ISLINGTON ST,483918,08178-0241-0022-0000,0241-0022-0000,943.241377398656,11,177803,28689.434903545
Portsmouth,,123,0232-0101-0000,178,21,,11,178-30243,8,CamaID: 0232-0101-0000,107 PEARSON ST,483919,08178-0232-0101-0000,0232-0101-0000,524.036848238706,11,177804,15365.850863679
Portsmouth,,123,0232-0112-0000,178,21,,22,178-30254,8,CamaID: 0232-0112-0000,SHERBURNE ST,483920,08178-0232-0112-0000,0232-0112-0000,283.343734286609,22,177805,4510.61230710596
Portsmouth,,123,0233-0110-0000,178,21,,11,178-30475,8,CamaID: 0233-0110-0000,1527 ISLINGTON ST,483921,08178-0233-0110-0000,0233-0110-0000,447.510606216787,11,177806,11710.5167415293
Portsmouth,,125,0232-0046-0000,178,22,,11,178-30194,8,CamaID: 0232-0046-0000,710 MIDDLE RD,483922,08178-0232-0046-0000,0232-0046-0000,627.896520694326,11,177807,21054.5014878079
Portsmouth,,125,0232-0044-0000,178,22,,11,178-30193,8,CamaID: 0232-0044-0000,636 MIDDLE RD,483923,08178-0232-0044-0000,0232-0044-0000,236.730340133975,11,177808,3100.02085324738
Portsmouth,,125,0232-0033-0000,178,22,,11,178-30184,8,CamaID: 0232-0033-0000,610 MIDDLE RD,483924,08178-0232-0033-0000,0232-0033-0000,310.614408777164,11,177809,6026.6654396333
Portsmouth,,125,0232-0032-0000,178,22,,11,178-30183,8,CamaID: 0232-0032-0000,1 MARJORIE ST,483925,08178-0232-0032-0000,0232-0032-0000,240.04096420969,11,177810,3220.28963631381
Portsmouth,,125,0232-0122-0000,178,22,,11,178-30262,8,CamaID: 0232-0122-0000,639 MIDDLE RD,483926,08178-0232-0122-0000,0232-0122-0000,802.63258601541,11,177811,40151.9677722015
Portsmouth,,125,0232-0123-0000,178,22,,11,178-30263,8,CamaID: 0232-0123-0000,623 MIDDLE RD,483927,08178-0232-0123-0000,0232-0123-0000,554.175087282307,11,177812,14985.2361942312
Portsmouth,,123,0232-0143-0000,178,21,,11,178-30282,8,CamaID: 0232-0143-0000,100 SHEFFIELD RD,483928,08178-0232-0143-0000,0232-0143-0000,359.829143957807,11,177813,7984.53428117368
Portsmouth,,123,0232-0135-0000,178,21,,11,178-30274,8,CamaID: 0232-0135-0000,219 ESSEX AVE,483929,08178-0232-0135-0000,0232-0135-0000,508.230814106996,11,177814,10018.9536434982
Portsmouth,,123,0232-0136-0000,178,21,,11,178-30275,8,CamaID: 0232-0136-0000,239 ESSEX AVE,483930,08178-0232-0136-0000,0232-0136-0000,372.598343381339,11,177815,8598.63201704189
Portsmouth,,123,0232-0137-0000,178,21,,22,178-30276,8,CamaID: 0232-0137-0000,ESSEX AVE,483931,08178-0232-0137-0000,0232-0137-0000,317.835802450291,22,177816,6107.1129798114
Portsmouth,,123,0232-0138-0000,178,21,,11,178-30277,8,CamaID: 0232-0138-0000,245 ESSEX AVE,483932,08178-0232-0138-0000,0232-0138-0000,480.903816955059,11,177817,12850.69198574
Portsmouth,,123,0232-0128-0000,178,21,,11,178-30267,8,CamaID: 0232-0128-0000,198 ESSEX AVE,483933,08178-0232-0128-0000,0232-0128-0000,771.851271430637,11,177818,32574.7810235457
Portsmouth,,123,0232-0129-0000,178,21,,11,178-30268,8,CamaID: 0232-0129-0000,170 ESSEX AVE,483934,08178-0232-0129-0000,0232-0129-0000,461.362681215334,11,177819,13107.50902978
Portsmouth,,123,0233-0075-0000,178,21,,11,178-30441,8,CamaID: 0233-0075-0000,74 SIMS AVE,483935,08178-0233-0075-0000,0233-0075-0000,306.466289200184,11,177820,5182.41882239179
Portsmouth,,123,0233-0080-0000,178,21,,11,178-30446,8,CamaID: 0233-0080-0000,194 MELBOURNE ST,483936,08178-0233-0080-0000,0233-0080-0000,364.934749737395,11,177821,6567.83193694037
Portsmouth,,123,0233-0079-0000,178,21,,11,178-30445,8,CamaID: 0233-0079-0000,20 SIMS AVE,483937,08178-0233-0079-0000,0233-0079-0000,388.645718115941,11,177822,7228.21008273355
Portsmouth,,123,0233-0087-0000,178,21,,11,178-30453,8,CamaID: 0233-0087-0000,255 MELBOURNE ST,483938,08178-0233-0087-0000,0233-0087-0000,329.334645915207,11,177823,6489.44974687689
Portsmouth,,123,0233-0088-0000,178,21,,11,178-30454,8,CamaID: 0233-0088-0000,253 MELBOURNE ST,483939,08178-0233-0088-0000,0233-0088-0000,332.064109936692,11,177824,6621.88894515836
Portsmouth,,123,0233-0089-0000,178,21,,11,178-30455,8,CamaID: 0233-0089-0000,239 MELBOURNE ST,483940,08178-0233-0089-0000,0233-0089-0000,328.998884707502,11,177825,6465.50048149607
Portsmouth,,123,0233-0090-0000,178,21,,11,178-30456,8,CamaID: 0233-0090-0000,227 MELBOURNE ST,483941,08178-0233-0090-0000,0233-0090-0000,327.17763256167,11,177826,6370.32512833484
Portsmouth,,123,0233-0092-0000,178,21,,11,178-30458,8,CamaID: 0233-0092-0000,203 MELBOURNE ST,483942,08178-0233-0092-0000,0233-0092-0000,350.499462593454,11,177827,7527.16246820517
Portsmouth,,123,0233-0094-0000,178,21,,11,178-30460,8,CamaID: 0233-0094-0000,163 MELBOURNE ST,483943,08178-0233-0094-0000,0233-0094-0000,500.494191997608,11,177828,15035.163223141
Portsmouth,,123,0233-0093-0000,178,21,,11,178-30459,8,CamaID: 0233-0093-0000,187 MELBOURNE ST,483944,08178-0233-0093-0000,0233-0093-0000,303.160697058958,11,177829,5156.60205665541
Portsmouth,,123,0233-0115-0000,178,21,,12,178-30480,8,CamaID: 0233-0115-0000,1447 ISLINGTON ST,483945,08178-0233-0115-0000,0233-0115-0000,476.030175957265,12,177830,13559.1064604862
Portsmouth,,123,0233-0121-0000,178,21,,11,178-30486,8,CamaID: 0233-0121-0000,1273 ISLINGTON ST,483946,08178-0233-0121-0000,0233-0121-0000,436.567366401187,11,177831,9505.76760072488
Portsmouth,,123,0233-0117-0000,178,21,,11,178-30482,8,CamaID: 0233-0117-0000,1363 ISLINGTON ST,483947,08178-0233-0117-0000,0233-0117-0000,378.776570315572,11,177832,8492.39817103369
Portsmouth,,123,0233-0067-0000,178,21,,11,178-30433,8,CamaID: 0233-0067-0000,100 ESSEX AVE,483948,08178-0233-0067-0000,0233-0067-0000,405.02203761716,11,177833,10250.0639156114
Portsmouth,,123,0233-0067-0001,178,21,,11,178-30509,8,CamaID: 0233-0067-0001,23 SIMS AVE,483949,08178-0233-0067-0001,0233-0067-0001,394.757775034047,11,177834,9735.5686537
Portsmouth,,123,0233-0039-0000,178,21,,11,178-30406,8,CamaID: 0233-0039-0000,27 HAMPSHIRE RD,483950,08178-0233-0039-0000,0233-0039-0000,401.010245312787,11,177835,10077.0960836157
Portsmouth,,123,0233-0042-0000,178,21,,11,178-30409,8,CamaID: 0233-0042-0000,45 SHEFFIELD RD,483951,08178-0233-0042-0000,0233-0042-0000,383.062627550368,11,177836,9021.1134464152
Portsmouth,,123,0233-0038-0000,178,21,,11,178-30405,8,CamaID: 0233-0038-0000,25 HAMPSHIRE RD,483952,08178-0233-0038-0000,0233-0038-0000,389.799888784678,11,177837,9420.9028794148
Portsmouth,,123,0233-0043-0000,178,21,,11,178-30410,8,CamaID: 0233-0043-0000,55 SHEFFIELD RD,483953,08178-0233-0043-0000,0233-0043-0000,369.229512701851,11,177838,8443.76660192312
Portsmouth,,123,0233-0037-0000,178,21,,11,178-30404,8,CamaID: 0233-0037-0000,21 HAMPSHIRE RD,483954,08178-0233-0037-0000,0233-0037-0000,375.167079210429,11,177839,8773.54610911187
Portsmouth,,123,0233-0044-0000,178,21,,11,178-30411,8,CamaID: 0233-0044-0000,61 SHEFFIELD RD,483955,08178-0233-0044-0000,0233-0044-0000,345.891176037785,11,177840,7414.86259256028
Portsmouth,,123,0233-0045-0000,178,21,,11,178-30412,8,CamaID: 0233-0045-0000,71 SHEFFIELD RD,483956,08178-0233-0045-0000,0233-0045-0000,330.669377827265,11,177841,6794.10799965231
Portsmouth,,123,0233-0046-0000,178,21,,11,178-30413,8,CamaID: 0233-0046-0000,70 SHEFFIELD RD,483957,08178-0233-0046-0000,0233-0046-0000,375.016137984184,11,177842,8698.49791665978
Portsmouth,,123,0233-0047-0000,178,21,,11,178-30414,8,CamaID: 0233-0047-0000,64 SHEFFIELD RD,483958,08178-0233-0047-0000,0233-0047-0000,374.65956794571,11,177843,8692.18874703546
Portsmouth,,123,0233-0048-0000,178,21,,11,178-30415,8,CamaID: 0233-0048-0000,56 SHEFFIELD RD,483959,08178-0233-0048-0000,0233-0048-0000,375.669634934531,11,177844,8753.19868350805
Portsmouth,,123,0233-0049-0000,178,21,,11,178-30416,8,CamaID: 0233-0049-0000,46 SHEFFIELD RD,483960,08178-0233-0049-0000,0233-0049-0000,373.89618868181,11,177845,8672.733153283
Portsmouth,,123,0233-0050-0000,178,21,,11,178-35496,8,CamaID: 0233-0050-0000,36 SHEFFIELD RD,483961,08178-0233-0050-0000,0233-0050-0000,369.829597221226,11,177846,8477.96376511256
Portsmouth,,123,0233-0053-0000,178,21,,11,178-30419,8,CamaID: 0233-0053-0000,14 SHEFFIELD RD,483962,08178-0233-0053-0000,0233-0053-0000,399.491539565728,11,177847,9972.90032118984
Portsmouth,,123,0233-0054-0000,178,21,,22,178-30420,8,CamaID: 0233-0054-0000,MELBOURNE ST,483963,08178-0233-0054-0000,0233-0054-0000,337.051721675852,22,177848,6169.74490523396
Portsmouth,,123,0233-0056-0000,178,21,,11,178-30422,8,CamaID: 0233-0056-0000,105 ESSEX AVE,483964,08178-0233-0056-0000,0233-0056-0000,500.867523964615,11,177849,13838.4995751831
Portsmouth,,123,0233-0057-0000,178,21,,11,178-30423,8,CamaID: 0233-0057-0000,111 ESSEX AVE,483965,08178-0233-0057-0000,0233-0057-0000,418.115361902914,11,177850,8020.81818598426
Portsmouth,,123,0233-0058-0000,178,21,,11,178-30424,8,CamaID: 0233-0058-0000,113 ESSEX AVE,483966,08178-0233-0058-0000,0233-0058-0000,517.215085975736,11,177851,15903.3751934591
Portsmouth,,123,0233-0059-0000,178,21,,11,178-30425,8,CamaID: 0233-0059-0000,125 ESSEX AVE,483967,08178-0233-0059-0000,0233-0059-0000,463.755363461622,11,177852,11737.5441529312
Portsmouth,,123,0233-0060-0000,178,21,,11,178-30426,8,CamaID: 0233-0060-0000,139 ESSEX AVE,483968,08178-0233-0060-0000,0233-0060-0000,463.580550669643,11,177853,11770.609490304
Portsmouth,,123,0233-0061-0000,178,21,,11,178-30427,8,CamaID: 0233-0061-0000,151 ESSEX AVE,483969,08178-0233-0061-0000,0233-0061-0000,413.569774043706,11,177854,7903.85430579931
Portsmouth,,123,0233-0062-0000,178,21,,11,178-30428,8,CamaID: 0233-0062-0000,161 ESSEX AVE,483970,08178-0233-0062-0000,0233-0062-0000,507.647654846146,11,177855,15282.2951402939
Portsmouth,,123,0232-0134-0000,178,21,,11,178-30273,8,CamaID: 0232-0134-0000,169 ESSEX AVE,483971,08178-0232-0134-0000,0232-0134-0000,507.951823024233,11,177856,15347.6771776461
Portsmouth,,123,0233-0013-0000,178,21,,12,178-30380,8,CamaID: 0233-0013-0000,25 MELBOURNE ST,483972,08178-0233-0013-0000,0233-0013-0000,349.101761453157,12,177857,7476.05344808985
Portsmouth,,123,0233-0012-0000,178,21,,11,178-30379,8,CamaID: 0233-0012-0000,45 MELBOURNE ST,483973,08178-0233-0012-0000,0233-0012-0000,349.879589212128,11,177858,7507.82444792796
Portsmouth,,123,0233-0015-0000,178,21,,11,178-30382,8,CamaID: 0233-0015-0000,43 RUTLAND ST,483974,08178-0233-0015-0000,0233-0015-0000,375.495054316685,11,177859,8390.00452951792
Portsmouth,,123,0233-0126-0000,178,21,,12,178-30491,8,CamaID: 0233-0126-0000,1207 ISLINGTON ST,483975,08178-0233-0126-0000,0233-0126-0000,453.273869638577,12,177860,6636.22310089737
Portsmouth,,123,0233-0125-0000,178,21,,11,178-30490,8,CamaID: 0233-0125-0000,1223 ISLINGTON ST,483976,08178-0233-0125-0000,0233-0125-0000,520.730128901991,11,177861,14357.2635093995
Portsmouth,,123,0233-0124-0000,178,21,,12,178-30489,8,CamaID: 0233-0124-0000,1231 ISLINGTON ST,483977,08178-0233-0124-0000,0233-0124-0000,420.701844727471,12,177862,6318.75841420585
Portsmouth,,123,0233-0123-0000,178,21,,11,178-30488,8,CamaID: 0233-0123-0000,1239 ISLINGTON ST,483978,08178-0233-0123-0000,0233-0123-0000,435.59337295797,11,177863,8093.61009670692
Portsmouth,,123,0233-0122-0000,178,21,,12,178-30487,8,CamaID: 0233-0122-0000,1253 ISLINGTON ST,483979,08178-0233-0122-0000,0233-0122-0000,489.132155605745,12,177864,13171.6629901934
Portsmouth,,123,0233-0146-0000,178,21,,27,178-30506,8,CamaID: 0233-0146-0000,HAIG AVE,483980,08178-0233-0146-0000,0233-0146-0000,537.983256697011,27,177865,13816.2386617983
Portsmouth,,301,0233-0138-0000,178,56,,27,178-35500,8,CamaID: 0233-0138-0000,FOCH AVE,483981,08178-0233-0138-0000,0233-0138-0000,666.594742349288,27,177866,20346.9372152126
Portsmouth,,123,0233-0137-0000,178,21,,11,178-30500,8,CamaID: 0233-0137-0000,40 FOCH AVE,483982,08178-0233-0137-0000,0233-0137-0000,727.997313503428,11,177867,27044.2065953405
Portsmouth,,123,0233-0131-0000,178,21,,11,178-30494,8,CamaID: 0233-0131-0000,18 BARBERRY LN,483983,08178-0233-0131-0000,0233-0131-0000,594.321562176242,11,177868,17179.1517170341
Portsmouth,,123,0233-0132-0000,178,21,,11,178-30495,8,CamaID: 0233-0132-0000,16 BARBERRY LN,483984,08178-0233-0132-0000,0233-0132-0000,449.662277950805,11,177869,10803.4099255238
Portsmouth,,123,0233-0133-0000,178,21,,27,178-30496,8,CamaID: 0233-0133-0000,BARBERRY LN,483985,08178-0233-0133-0000,0233-0133-0000,343.105053164928,27,177870,5250.51036761295
Portsmouth,,123,0233-0142-0000,178,21,,11,178-30503,8,CamaID: 0233-0142-0000,10 BARBERRY LN,483986,08178-0233-0142-0000,0233-0142-0000,382.659578421908,11,177871,7348.7496500656
Portsmouth,,129,0234-0028-0000,178,25,,11,178-30531,8,CamaID: 0234-0028-0000,6 COAKLEY RD,483987,08178-0234-0028-0000,0234-0028-0000,339.165411194987,11,177872,7160.5739424387
Portsmouth,,129,0234-0027-0000,178,25,,11,178-30530,8,CamaID: 0234-0027-0000,10 COAKLEY RD,483988,08178-0234-0027-0000,0234-0027-0000,338.308268634297,11,177873,7128.54280763047
Portsmouth,,129,0234-0026-0000,178,25,,11,178-30529,8,CamaID: 0234-0026-0000,14 COAKLEY RD,483989,08178-0234-0026-0000,0234-0026-0000,341.599822298889,11,177874,7248.94612533335
Portsmouth,,129,0234-0025-0000,178,25,,11,178-30528,8,CamaID: 0234-0025-0000,18 COAKLEY RD,483990,08178-0234-0025-0000,0234-0025-0000,336.737102345763,11,177875,7031.02957631972
Portsmouth,,129,0234-0024-0000,178,25,,11,178-30527,8,CamaID: 0234-0024-0000,22 COAKLEY RD,483991,08178-0234-0024-0000,0234-0024-0000,333.642041963533,11,177876,6955.58092388384
Portsmouth,,129,0234-0029-0000,178,25,,11,178-30532,8,CamaID: 0234-0029-0000,11 COAKLEY RD,483992,08178-0234-0029-0000,0234-0029-0000,345.309876203285,11,177877,7185.28142481437
Portsmouth,,129,0234-0035-0000,178,25,,11,178-30538,8,CamaID: 0234-0035-0000,6 LARRY LN,483993,08178-0234-0035-0000,0234-0035-0000,361.712080549583,11,177878,8086.29281106374
Portsmouth,70,131,0158-0004-0000,178,27,,11,178-34886,8,CamaID: 0158-0004-0000,110 CLINTON ST,483994,08178-0158-0004-0000,0158-0004-0000,799.675843547593,11-70,177879,27955.181907794
Portsmouth,,131,0162-0025-0000,178,27,,11,178-35054,8,CamaID: 0162-0025-0000,80 PINE ST,483995,08178-0162-0025-0000,0162-0025-0000,369.575945748044,11,177880,7421.38911093276
Portsmouth,,131,0162-0024-0000,178,27,,11,178-35053,8,CamaID: 0162-0024-0000,64 PINE ST,483996,08178-0162-0024-0000,0162-0024-0000,374.359726851099,11,177881,7683.35456529581
Portsmouth,70,131,0158-0014-0000,178,27,,11,178-38155,8,CamaID: 0158-0014-0000,130 CLINTON ST,483997,08178-0158-0014-0000,0158-0014-0000,754.313762597073,11-70,177882,34132.5775480072
Portsmouth,,103B,0133-0035-0000,178,5,,11,178-33929,8,CamaID: 0133-0035-0000,279 WIBIRD ST,483998,08178-0133-0035-0000,0133-0035-0000,401.665250960382,11,177883,7459.82246362765
Portsmouth,,103B,0148-0018-0000,178,5,,11,178-34553,8,CamaID: 0148-0018-0000,648 LINCOLN AVE,483999,08178-0148-0018-0000,0148-0018-0000,305.197454243477,11,177884,5037.84420740195
Portsmouth,,103B,0148-0017-0000,178,5,,11,178-34552,8,CamaID: 0148-0017-0000,636 LINCOLN AVE,484000,08178-0148-0017-0000,0148-0017-0000,275.077713238154,11,177885,4415.72296143324
Portsmouth,,103B,0148-0016-0000,178,5,,11,178-34551,8,CamaID: 0148-0016-0000,620 LINCOLN AVE,484001,08178-0148-0016-0000,0148-0016-0000,377.074647377361,11,177886,8846.59434532281
Portsmouth,,103B,0148-0012-0000,178,5,,11,178-34547,8,CamaID: 0148-0012-0000,83 MENDUM AVE,484002,08178-0148-0012-0000,0148-0012-0000,327.114364928917,11,177887,5315.93670767796
Portsmouth,,103B,0148-0011-0000,178,5,,11,178-34546,8,CamaID: 0148-0011-0000,65 MENDUM AVE,484003,08178-0148-0011-0000,0148-0011-0000,441.492970897753,11,177888,12064.3053736424
Portsmouth,,103B,0148-0010-0000,178,5,,11,178-34545,8,CamaID: 0148-0010-0000,49 MENDUM AVE,484004,08178-0148-0010-0000,0148-0010-0000,404.762016866214,11,177889,10231.3385438318
Portsmouth,,103B,0149-0012-0000,178,5,,11,178-34615,8,CamaID: 0149-0012-0000,252 WIBIRD ST,484005,08178-0149-0012-0000,0149-0012-0000,281.713466591596,11,177890,4822.22482897624
Portsmouth,,103B,0149-0010-0000,178,5,,11,178-34613,8,CamaID: 0149-0010-0000,25 ORCHARD ST,484006,08178-0149-0010-0000,0149-0010-0000,283.38999175636,11,177891,4999.8078241305
Portsmouth,,,0203-0000-0000,178,,,,,,,,484007,08178-0203-0000-0000,,309.687546433548,,177892,3081.55966093071
Portsmouth,,303,0239-0013-0001,178,58,,33,178-35548,8,CamaID: 0239-0013-0001,3 GOSLING RD,484008,08178-0239-0013-0001,0239-0013-0001,1666.28850296785,33,177893,142892.577965242
Portsmouth,,303,0239-0013-0002,178,58,,23,178-35549,8,CamaID: 0239-0013-0002,GOSLING RD,484009,08178-0239-0013-0002,0239-0013-0002,3030.91086948971,23,177894,273140.470579791
Portsmouth,,301,0215-0003-0000,178,56,,34,178-35356,8,CamaID: 0215-0003-0000,114 GOSLING RD,484010,08178-0215-0003-0000,0215-0003-0000,1447.99814520287,34,177895,128684.680058253
Portsmouth,,301,0215-0002-0000,178,56,,57,178-35355,8,CamaID: 0215-0002-0000,120 GOSLING RD,484011,08178-0215-0002-0000,0215-0002-0000,163.549728917804,57,177896,1272.64814479246
Portsmouth,,303,0215-0010-0000,178,58,,33,178-35359,8,CamaID: 0215-0010-0000,1725 WOODBURY AVE,484012,08178-0215-0010-0000,0215-0010-0000,691.087547084081,33,177897,24593.9594615497
Portsmouth,,303,0239-0015-0000,178,58,,33,178-35545,8,CamaID: 0239-0015-0000,99 DURGIN LN,484013,08178-0239-0015-0000,0239-0015-0000,1125.65179968316,33,177898,79631.8688352074
Portsmouth,,301,0216-0001-0002,178,56,,33,178-35371,8,CamaID: 0216-0001-0002,170 COMMERCE WAY,484014,08178-0216-0001-0002,0216-0001-0002,2270.66522117503,33,177899,301354.402176575
Portsmouth,,127,0238-0006-0000,178,23,,11,178-30734,8,CamaID: 0238-0006-0000,1420 WOODBURY AVE,484015,08178-0238-0006-0000,0238-0006-0000,1063.6987108912,11,177900,49730.466972874
Portsmouth,,301,0216-0001-0004,178,56,,33,178-35372,8,CamaID: 0216-0001-0004,210 COMMERCE WAY,484016,08178-0216-0001-0004,0216-0001-0004,2064.41795292053,33,177901,184465.487097693
Portsmouth,,129,0236-0026-0000,178,25,,11,178-30583,8,CamaID: 0236-0026-0000,347 MEADOW RD,484017,08178-0236-0026-0000,0236-0026-0000,800.853649401488,11,177902,38398.9993033906
Portsmouth,,129,0236-0024-0000,178,25,,11,178-30581,8,CamaID: 0236-0024-0000,365 MEADOW RD,484018,08178-0236-0024-0000,0236-0024-0000,665.157065971197,11,177903,22620.4601084296
Portsmouth,,119,0213-0009-0000,178,18,,11,178-29040,8,CamaID: 0213-0009-0000,18 DUNLIN WAY,484019,08178-0213-0009-0000,0213-0009-0000,491.12240792349,11,177904,14198.9785878748
Portsmouth,,119,0213-0008-0000,178,18,,11,178-29039,8,CamaID: 0213-0008-0000,16 DUNLIN WAY,484020,08178-0213-0008-0000,0213-0008-0000,491.108318715767,11,177905,14197.9121662725
Portsmouth,,119,0213-0007-0000,178,18,,11,178-37220,8,CamaID: 0213-0007-0000,14 DUNLIN WAY,484021,08178-0213-0007-0000,0213-0007-0000,491.13691680677,11,177906,14199.8804844932
Portsmouth,,119,0213-0006-0000,178,18,,11,178-29038,8,CamaID: 0213-0006-0000,12 DUNLIN WAY,484022,08178-0213-0006-0000,0213-0006-0000,491.122245068042,11,177907,14198.7556062166
Portsmouth,,119,0218-0040-0000,178,18,,11,178-29037,8,CamaID: 0218-0040-0000,10 DUNLIN WAY,484023,08178-0218-0040-0000,0218-0040-0000,489.783190293678,11,177908,14088.6122121978
Portsmouth,,119,0218-0041-0000,178,18,,11,178-29286,8,CamaID: 0218-0041-0000,8 DUNLIN WAY,484024,08178-0218-0041-0000,0218-0041-0000,480.23075678967,11,177909,13368.9162116025
Portsmouth,,119,0218-0042-0000,178,18,,11,178-29287,8,CamaID: 0218-0042-0000,6 DUNLIN WAY,484025,08178-0218-0042-0000,0218-0042-0000,480.230737386296,11,177910,13368.9150459025
Portsmouth,,119,0218-0043-0000,178,18,,11,178-29288,8,CamaID: 0218-0043-0000,4 DUNLIN WAY,484026,08178-0218-0043-0000,0218-0043-0000,480.216356901196,11,177911,13368.0566990752
Portsmouth,,119,0218-0046-0000,178,18,,11,178-29291,8,CamaID: 0218-0046-0000,191 BLUE HERON DR,484027,08178-0218-0046-0000,0218-0046-0000,323.284437151589,11,177912,6446.40322761123
Portsmouth,,119,0218-0047-0000,178,18,,11,178-37294,8,CamaID: 0218-0047-0000,5 DUNLIN WAY,484028,08178-0218-0047-0000,0218-0047-0000,453.083459283091,11,177913,11722.3711651786
Portsmouth,,119,0218-0048-0000,178,18,,57,178-29293,8,CamaID: 0218-0048-0000,7 DUNLIN WAY,484029,08178-0218-0048-0000,0218-0048-0000,457.200014504171,57,177914,11887.0467954313
Portsmouth,,119,0218-0049-0000,178,18,,11,178-29294,8,CamaID: 0218-0049-0000,9 DUNLIN WAY,484030,08178-0218-0049-0000,0218-0049-0000,461.302004891836,11,177915,12050.6303895229
Portsmouth,,128,0218-0014-0000,178,24,,11,178-29272,8,CamaID: 0218-0014-0000,21 OAK ST,484031,08178-0218-0014-0000,0218-0014-0000,443.798877676224,11,177916,10507.3778381103
Portsmouth,,128,0218-0012-0000,178,24,,11,178-29270,8,CamaID: 0218-0012-0000,15 OAK ST,484032,08178-0218-0012-0000,0218-0012-0000,313.282530753792,11,177917,6069.49291892342
Portsmouth,,128,0218-0013-0000,178,24,,11,178-29271,8,CamaID: 0218-0013-0000,17 OAK ST,484033,08178-0218-0013-0000,0218-0013-0000,248.757405523248,11,177918,3688.24165469859
Portsmouth,,129,0219-0064-0000,178,25,,11,178-29354,8,CamaID: 0219-0064-0000,791 MAPLEWOOD AVE,484034,08178-0219-0064-0000,0219-0064-0000,652.629430067721,11,177919,25372.7288125261
Portsmouth,,129,0219-0056-0000,178,25,,12,178-29347,8,CamaID: 0219-0056-0000,939 MAPLEWOOD AVE,484035,08178-0219-0056-0000,0219-0056-0000,590.209321713389,12,177920,21459.8069808979
Portsmouth,,129,0219-0057-0000,178,25,,11,178-29348,8,CamaID: 0219-0057-0000,903 MAPLEWOOD AVE,484036,08178-0219-0057-0000,0219-0057-0000,391.540434706898,11,177921,9575.78259188131
Portsmouth,,129,0219-0061-0000,178,25,,11,178-29352,8,CamaID: 0219-0061-0000,873 MAPLEWOOD AVE,484037,08178-0219-0061-0000,0219-0061-0000,496.649940553373,11,177922,14868.2801981316
Portsmouth,,129,0219-0062-0000,178,25,,11,178-29353,8,CamaID: 0219-0062-0000,825 MAPLEWOOD AVE,484038,08178-0219-0062-0000,0219-0062-0000,425.043719854305,11,177923,11182.4016699174
Portsmouth,,129,0219-0002-0000,178,25,,11,178-29301,8,CamaID: 0219-0002-0000,940 MAPLEWOOD AVE,484039,08178-0219-0002-0000,0219-0002-0000,540.167303607171,11,177924,14819.311279694
Portsmouth,,129,0219-0001-0000,178,25,,11,178-29300,8,CamaID: 0219-0001-0000,934 MAPLEWOOD AVE,484040,08178-0219-0001-0000,0219-0001-0000,367.185141105925,11,177925,6915.32478508596
Portsmouth,,129,0220-0065-0000,178,25,,11,178-29476,8,CamaID: 0220-0065-0000,900 MAPLEWOOD AVE,484041,08178-0220-0065-0000,0220-0065-0000,324.499068671463,11,177926,6281.18531469379
Portsmouth,,129,0220-0074-0000,178,25,,11,178-29485,8,CamaID: 0220-0074-0000,860 MAPLEWOOD AVE,484042,08178-0220-0074-0000,0220-0074-0000,469.653113972555,11,177927,13434.6809337868
Portsmouth,,129,0219-0058-0000,178,25,,11,178-29349,8,CamaID: 0219-0058-0000,901 MAPLEWOOD AVE,484043,08178-0219-0058-0000,0219-0058-0000,291.10396592412,11,177928,4725.34580445187
Portsmouth,,129,0219-0059-0000,178,25,,11,178-29350,8,CamaID: 0219-0059-0000,899 MAPLEWOOD AVE,484044,08178-0219-0059-0000,0219-0059-0000,299.11145754394,11,177929,5092.78082486443
Portsmouth,,129,0219-0060-0000,178,25,,11,178-29351,8,CamaID: 0219-0060-0000,897 MAPLEWOOD AVE,484045,08178-0219-0060-0000,0219-0060-0000,420.180296586497,11,177930,10980.3704149018
Portsmouth,,129,0219-0003-0002,178,25,,11,178-29357,8,CamaID: 0219-0003-0002,202 OLEARY PL,484046,08178-0219-0003-0002,0219-0003-0002,705.350449384123,11,177931,21516.6802578584
Portsmouth,,129,0220-0060-0000,178,25,,11,178-29471,8,CamaID: 0220-0060-0000,82 FAIRVIEW AVE,484047,08178-0220-0060-0000,0220-0060-0000,322.03064292744,11,177932,6092.68434407875
Portsmouth,,129,0220-0061-0000,178,25,,11,178-29472,8,CamaID: 0220-0061-0000,98 FAIRVIEW AVE,484048,08178-0220-0061-0000,0220-0061-0000,984.687862233312,11,177933,42214.2714548933
Portsmouth,,129,0220-0062-0000,178,25,,11,178-29473,8,CamaID: 0220-0062-0000,114 FAIRVIEW AVE,484049,08178-0220-0062-0000,0220-0062-0000,440.271500460599,11,177934,10002.1104915129
Portsmouth,,129,0220-0077-0000,178,25,,11,178-29488,8,CamaID: 0220-0077-0000,218 EDMOND AVE,484050,08178-0220-0077-0000,0220-0077-0000,826.768854513253,11,177935,24489.7626497508
Portsmouth,,129,0220-0071-0000,178,25,,11,178-29482,8,CamaID: 0220-0071-0000,41 FAIRVIEW AVE,484051,08178-0220-0071-0000,0220-0071-0000,418.73173728691,11,177936,10940.4252374332
Portsmouth,,301,0220-0090-0000,178,56,,23,178-29497,8,CamaID: 0220-0090-0000,686 MAPLEWOOD AVE,484052,08178-0220-0090-0000,0220-0090-0000,1351.40584014657,23,177937,63017.9057439307
Portsmouth,,129,0220-0075-0000,178,25,,11,178-29486,8,CamaID: 0220-0075-0000,768 MAPLEWOOD AVE,484053,08178-0220-0075-0000,0220-0075-0000,467.173219394817,11,177938,13312.455402753
Portsmouth,,129,0219-0003-0003,178,25,,11,178-29358,8,CamaID: 0219-0003-0003,303 OLEARY PL,484054,08178-0219-0003-0003,0219-0003-0003,655.491630210017,11,177939,23829.3253088122
Portsmouth,,129,0220-0072-0000,178,25,,11,178-29483,8,CamaID: 0220-0072-0000,237 EDMOND AVE,484055,08178-0220-0072-0000,0220-0072-0000,411.156898360793,11,177940,10334.00473124
Portsmouth,,129,0220-0063-0000,178,25,,11,178-29474,8,CamaID: 0220-0063-0000,134 FAIRVIEW AVE,484056,08178-0220-0063-0000,0220-0063-0000,539.092337309151,11,177941,14201.0484413196
Portsmouth,,129,0219-0003-0004,178,25,,11,178-29359,8,CamaID: 0219-0003-0004,960 MAPLEWOOD AVE,484057,08178-0219-0003-0004,0219-0003-0004,1323.1589116388,11,177942,86439.0133986567
Portsmouth,,129,0220-0087-0001,178,25,,12,178-51766,8,CamaID: 0220-0087-0001,86 EMERY ST,484058,08178-0220-0087-0001,0220-0087-0001,1071.57148099888,12,177943,39390.7717294735
Portsmouth,,206,0220-0087-0002,178,36,,14,178-54228,8,CamaID: 0220-0087-0002,64 EMERY ST UNIT #2,484059,08178-0220-0087-0002,0220-0087-0002,801.333491492553,14,177944,32427.5222917375
Portsmouth,,129,0220-0058-0001,178,25,,11,178-29507,8,CamaID: 0220-0058-0001,195 EDMOND AVE,484060,08178-0220-0058-0001,0220-0058-0001,448.358879943413,11,177945,10712.1680751688
Portsmouth,,129,0220-0032-0000,178,25,,11,178-29444,8,CamaID: 0220-0032-0000,9 ONYX LN,484061,08178-0220-0032-0000,0220-0032-0000,471.621024484363,11,177946,12248.3601353812
Portsmouth,,305,0116-0054-0000,178,60,,57,178-33411,8,CamaID: 0116-0054-0000,54 COURT ST,484062,08178-0116-0054-0000,0116-0054-0000,322.355318766898,57,177947,5679.82358397229
Portsmouth,,105,0127-0015-0000,178,7,,12,178-33683,8,CamaID: 0127-0015-0000,526 STATE ST,484063,08178-0127-0015-0000,0127-0015-0000,192.112282551182,12,177948,2069.26758559251
Portsmouth,,103A,0113-0022-0001,178,4,,11,178-53922,8,CamaID: 0113-0022-0001,57 SHERBURNE AVE,484064,08178-0113-0022-0001,0113-0022-0001,217.764527075485,11,177949,2943.28602561958
Portsmouth,,103A,0113-0035-0000,178,4,,11,178-33371,8,CamaID: 0113-0035-0000,81 LINCOLN AVE,484065,08178-0113-0035-0000,0113-0035-0000,299.654440605965,11,177950,4963.85774438124
Portsmouth,,307,0309-0005-0000,178,63,,34,178-38212,8,CamaID: 0309-0005-0000,104 GRAFTON DR,484066,08178-0309-0005-0000,0309-0005-0000,3004.89973918937,34,177951,220031.979547225
Portsmouth,,129,0220-0039-0000,178,25,,11,178-29451,8,CamaID: 0220-0039-0000,47 OPAL AVE,484067,08178-0220-0039-0000,0220-0039-0000,439.877480236119,11,177952,12499.3297454243
Portsmouth,,129,0220-0086-0000,178,25,,11,178-29494,8,CamaID: 0220-0086-0000,287 MYRTLE AVE,484068,08178-0220-0086-0000,0220-0086-0000,737.087541509577,11,177953,26338.4430349141
Portsmouth,,129,0220-0036-0000,178,25,,11,178-29448,8,CamaID: 0220-0036-0000,41 TOPAZ PL,484069,08178-0220-0036-0000,0220-0036-0000,400.315099384041,11,177954,10637.4573455135
Portsmouth,,129,0220-0079-0000,178,25,,27,178-35408,8,CamaID: 0220-0079-0000,EDMOND AVE,484070,08178-0220-0079-0000,0220-0079-0000,748.317617553792,27,177955,26990.0220217931
Portsmouth,,129,0220-0035-0000,178,25,,11,178-29447,8,CamaID: 0220-0035-0000,65 ONYX LN,484071,08178-0220-0035-0000,0220-0035-0000,555.792651253305,11,177956,14709.9880924312
Portsmouth,,129,0220-0038-0000,178,25,,11,178-29450,8,CamaID: 0220-0038-0000,5 OPAL AVE,484072,08178-0220-0038-0000,0220-0038-0000,472.187684533359,11,177957,13704.3169921147
Portsmouth,,129,0220-0037-0000,178,25,,11,178-29449,8,CamaID: 0220-0037-0000,8 ONYX LN,484073,08178-0220-0037-0000,0220-0037-0000,478.159272448037,11,177958,12923.5030560991
Portsmouth,,129,0220-0056-0000,178,25,,11,178-29467,8,CamaID: 0220-0056-0000,185 EDMOND AVE,484074,08178-0220-0056-0000,0220-0056-0000,537.743317886481,11,177959,16885.4660836925
Portsmouth,,129,0220-0034-0000,178,25,,11,178-29446,8,CamaID: 0220-0034-0000,49 ONYX LN,484075,08178-0220-0034-0000,0220-0034-0000,405.503899821913,11,177960,10261.5995318142
Portsmouth,,129,0220-0057-0000,178,25,,11,178-29468,8,CamaID: 0220-0057-0000,187 EDMOND AVE,484076,08178-0220-0057-0000,0220-0057-0000,471.461317828359,11,177961,12582.8700274973
Portsmouth,,129,0220-0078-0000,178,25,,11,178-29489,8,CamaID: 0220-0078-0000,188 EDMOND AVE,484077,08178-0220-0078-0000,0220-0078-0000,735.265433220477,11,177962,23482.1545216357
Portsmouth,,129,0220-0031-0000,178,25,,11,178-29443,8,CamaID: 0220-0031-0000,119 DIAMOND DR,484078,08178-0220-0031-0000,0220-0031-0000,490.911766556804,11,177963,13374.9701271754
Portsmouth,,129,0220-0058-0000,178,25,,11,178-29469,8,CamaID: 0220-0058-0000,48 FAIRVIEW AVE,484079,08178-0220-0058-0000,0220-0058-0000,413.469780084494,11,177964,7927.45688079561
Portsmouth,,129,0220-0059-0000,178,25,,11,178-29470,8,CamaID: 0220-0059-0000,60 FAIRVIEW AVE,484080,08178-0220-0059-0000,0220-0059-0000,400.08197294005,11,177965,10000.1773069184
Portsmouth,,121,0260-0166-0000,178,20,,11,178-31419,8,CamaID: 0260-0166-0000,211 SHERBURNE RD,484081,08178-0260-0166-0000,0260-0166-0000,432.945030316402,11,177966,11537.8522991659
Portsmouth,,121,0260-0165-0000,178,20,,11,178-31418,8,CamaID: 0260-0165-0000,229 SHERBURNE RD,484082,08178-0260-0165-0000,0260-0165-0000,357.523981714889,11,177967,7519.23902221183
Portsmouth,,112,0222-0043-0000,178,12,,11,178-29637,8,CamaID: 0222-0043-0000,102 MARNE AVE,484091,08178-0222-0043-0000,0222-0043-0000,574.218419249512,11,177968,19098.5135109027
Portsmouth,,306,0201-0026-0000,178,62,,27,178-35303,8,CamaID: 0201-0026-0000,SAGAMORE AVE,484083,08178-0201-0026-0000,0201-0026-0000,3837.52192156562,27,177969,718207.643463119
Portsmouth,,306,0223-025A-0000,178,62,,57,178-35424,8,CamaID: 0223-025A-0000,1149 SAGAMORE AVE,484084,08178-0223-025A-0000,0223-025A-0000,946.676400383392,57,177970,42033.7445410881
Portsmouth,,111,0202-0020-0000,178,11,,11,178-28596,8,CamaID: 0202-0020-0000,30 MARTINE COTTAGE RD,484085,08178-0202-0020-0000,0202-0020-0000,2200.30379947768,11,177971,245027.607972542
Portsmouth,,111,0222-0004-0000,178,11,,11,178-29602,8,CamaID: 0222-0004-0000,58 WALKER BUNGALOW RD,484086,08178-0222-0004-0000,0222-0004-0000,626.116740415419,11,177972,24060.9750421547
Portsmouth,,111,0222-0005-0001,178,11,,11,178-29811,8,CamaID: 0222-0005-0001,40 WALKER BUNGALOW RD,484087,08178-0222-0005-0001,0222-0005-0001,1095.78018186203,11,177973,54853.2165502393
Portsmouth,,111,0222-0005-0002,178,11,,11,178-29812,8,CamaID: 0222-0005-0002,26 WALKER BUNGALOW RD,484088,08178-0222-0005-0002,0222-0005-0002,958.559084472486,11,177974,39673.4854270734
Portsmouth,,111,0222-0005-0003,178,11,,11,178-29813,8,CamaID: 0222-0005-0003,16 WALKER BUNGALOW RD,484089,08178-0222-0005-0003,0222-0005-0003,859.941542399459,11,177975,30554.8710716131
Portsmouth,,112,0222-0067-0000,178,12,,11,178-29659,8,CamaID: 0222-0067-0000,185 JONES AVE,484090,08178-0222-0067-0000,0222-0067-0000,492.911142500495,11,177976,14073.1935392668
Portsmouth,,111,0204-0008-0000,178,11,,57,178-35311,8,CamaID: 0204-0008-0000,LITTLE HARBOR RD,484092,08178-0204-0008-0000,0204-0008-0000,2304.86709543533,57,177977,246017.071073621
Portsmouth,,111,0204-0009-0000,178,11,,57,178-35312,8,CamaID: 0204-0009-0000,LITTLE HARBOR RD,484093,08178-0204-0009-0000,0204-0009-0000,1815.58595596713,57,177978,167017.510845191
Portsmouth,,129,0236-0031-0000,178,25,,11,178-30588,8,CamaID: 0236-0031-0000,42 CLOVER LN,484094,08178-0236-0031-0000,0236-0031-0000,343.843979152308,11,177979,7249.17279699451
Portsmouth,70,128,0209-0044-0000,178,24,,11,178-28767,8,CamaID: 0209-0044-0000,348 LESLIE DR,484095,08178-0209-0044-0000,0209-0044-0000,406.296010827845,11-70,177980,8803.71923773383
Portsmouth,70,128,0209-0043-0000,178,24,,11,178-28766,8,CamaID: 0209-0043-0000,360 LESLIE DR,484096,08178-0209-0043-0000,0209-0043-0000,458.715415033849,11-70,177981,11122.3064578371
Portsmouth,,128,0209-0042-0000,178,24,,11,178-28765,8,CamaID: 0209-0042-0000,376 LESLIE DR,484097,08178-0209-0042-0000,0209-0042-0000,445.767287784743,11,177982,10744.0836636539
Portsmouth,,128,0209-0040-0000,178,24,,11,178-28763,8,CamaID: 0209-0040-0000,414 LESLIE DR,484098,08178-0209-0040-0000,0209-0040-0000,425.978842413814,11,177983,9405.8560123129
Portsmouth,,128,0209-0074-0000,178,24,,11,178-28797,8,CamaID: 0209-0074-0000,229 LESLIE DR,484099,08178-0209-0074-0000,0209-0074-0000,336.883169317394,11,177984,7055.65876488193
Portsmouth,,128,0209-0073-0000,178,24,,11,178-28796,8,CamaID: 0209-0073-0000,215 LESLIE DR,484100,08178-0209-0073-0000,0209-0073-0000,337.745908446267,11,177985,7049.06864500652
Portsmouth,,128,0209-0072-0000,178,24,,11,178-28795,8,CamaID: 0209-0072-0000,199 LESLIE DR,484101,08178-0209-0072-0000,0209-0072-0000,343.526981865329,11,177986,7148.26491413307
Portsmouth,,128,0209-0071-0000,178,24,,11,178-28794,8,CamaID: 0209-0071-0000,187 LESLIE DR,484102,08178-0209-0071-0000,0209-0071-0000,354.756803723469,11,177987,7479.24390415357
Portsmouth,,128,0209-0070-0000,178,24,,11,178-28793,8,CamaID: 0209-0070-0000,171 LESLIE DR,484103,08178-0209-0070-0000,0209-0070-0000,370.51431421309,11,177988,8144.56220337222
Portsmouth,,128,0209-0069-0000,178,24,,11,178-28792,8,CamaID: 0209-0069-0000,159 LESLIE DR,484104,08178-0209-0069-0000,0209-0069-0000,350.939712402739,11,177989,7399.37316841769
Portsmouth,,128,0209-0028-0000,178,24,,11,178-28751,8,CamaID: 0209-0028-0000,24 CENTRAL AVE,484105,08178-0209-0028-0000,0209-0028-0000,531.191510763795,11,177990,15511.3551786152
Portsmouth,,129,0209-0010-0000,178,25,,11,178-35326,8,CamaID: 0209-0010-0000,635 MAPLEWOOD AVE,484106,08178-0209-0010-0000,0209-0010-0000,633.001618307849,11,177991,15143.3957073135
Portsmouth,,129,0209-0008-0000,178,25,,11,178-28732,8,CamaID: 0209-0008-0000,641 MAPLEWOOD AVE,484107,08178-0209-0008-0000,0209-0008-0000,298.457557103559,11,177992,5635.74562325724
Portsmouth,,129,0209-0009-0000,178,25,,11,178-28733,8,CamaID: 0209-0009-0000,639 MAPLEWOOD AVE,484108,08178-0209-0009-0000,0209-0009-0000,220.810283478038,11,177993,2801.44073956326
Portsmouth,,129,0209-0012-0000,178,25,,12,178-28735,8,CamaID: 0209-0012-0000,559 MAPLEWOOD AVE,484109,08178-0209-0012-0000,0209-0012-0000,394.376324028676,12,177994,9384.64063672749
Portsmouth,,302,0142-0038-0000,178,57,,33,178-37557,8,CamaID: 0142-0038-0000,927 US ROUTE 1 BYP,484110,08178-0142-0038-0000,0142-0038-0000,616.900275857349,33,177995,15204.8183921983
Portsmouth,,129,0220-0097-0000,178,25,,12,178-29503,8,CamaID: 0220-0097-0000,175 MYRTLE AVE,484111,08178-0220-0097-0000,0220-0097-0000,455.279948589173,12,177996,9409.91173751499
Portsmouth,,129,0220-0095-0000,178,25,,11,178-29501,8,CamaID: 0220-0095-0000,187 MYRTLE AVE,484112,08178-0220-0095-0000,0220-0095-0000,300.196081584661,11,177997,5472.89926741578
Portsmouth,,129,0220-0096-0000,178,25,,11,178-29502,8,CamaID: 0220-0096-0000,185 MYRTLE AVE,484113,08178-0220-0096-0000,0220-0096-0000,231.573451085905,11,177998,3017.43162744595
Portsmouth,,129,0220-0094-0000,178,25,,12,178-29500,8,CamaID: 0220-0094-0000,195 MYRTLE AVE,484114,08178-0220-0094-0000,0220-0094-0000,461.95321367546,12,177999,10246.3638123277
Portsmouth,,129,0220-0093-0000,178,25,,11,178-29499,8,CamaID: 0220-0093-0000,207 MYRTLE AVE,484115,08178-0220-0093-0000,0220-0093-0000,390.085352604336,11,178000,7636.27400474991
Portsmouth,,302,0142-0017-000A,178,57,,33,178-37555,8,CamaID: 0142-0017-000A,940 US ROUTE 1 BYP,484116,08178-0142-0017-000A,0142-0017-000A,478.408429263717,33,178001,11801.0451296614
Portsmouth,,131,0142-0020-0000,178,27,,12,178-34292,8,CamaID: 0142-0020-0000,33 KANE ST #35,484117,08178-0142-0020-0000,0142-0020-0000,303.657910814725,12,178002,5096.96493906202
Portsmouth,,131,0142-0022-0000,178,27,,11,178-34294,8,CamaID: 0142-0022-0000,1 KANE ST,484118,08178-0142-0022-0000,0142-0022-0000,480.842567443742,11,178003,9626.62635358131
Portsmouth,,305,0116-0019-0000,178,60,,57,178-37314,8,CamaID: 0116-0019-0000,73 COURT ST,484119,08178-0116-0019-0000,0116-0019-0000,257.480588655748,57,178004,4026.85318700815
Portsmouth,,305,0116-0020-0000,178,60,,57,178-33392,8,CamaID: 0116-0020-0000,75 COURT ST,484120,08178-0116-0020-0000,0116-0020-0000,288.252933428618,57,178005,5182.6692703217
Portsmouth,,102,0116-0021-0000,178,3,,11,178-37974,8,CamaID: 0116-0021-0000,95 COURT ST,484121,08178-0116-0021-0000,0116-0021-0000,258.32446659572,11,178006,4134.24287825145
Portsmouth,,102,0103-0091-0000,178,3,,11,178-33037,8,CamaID: 0103-0091-0000,67 GATES ST,484122,08178-0103-0091-0000,0103-0091-0000,220.859326756384,11,178007,2473.90450620936
Portsmouth,,102,0103-0098-0000,178,3,,11,178-33043,8,CamaID: 0103-0098-0000,135 GATES ST,484123,08178-0103-0098-0000,0103-0098-0000,173.595170631066,11,178008,1729.88430726805
Portsmouth,,102,0102-0068-0000,178,3,,11,178-32941,8,CamaID: 0102-0068-0000,405 PLEASANT ST,484124,08178-0102-0068-0000,0102-0068-0000,181.072268222026,11,178009,1829.51286263282
Portsmouth,73,102,0109-0012-0000,178,3,,11,178-33201,8,CamaID: 0109-0012-0000,69 WENTWORTH ST,484125,08178-0109-0012-0000,0109-0012-0000,176.363673505043,11-73,178010,1940.50666334301
Portsmouth,73,102,0109-0013-0000,178,3,,11,178-33202,8,CamaID: 0109-0013-0000,65 WENTWORTH ST,484126,08178-0109-0013-0000,0109-0013-0000,160.202948598845,11-73,178011,1578.78569957954
Portsmouth,,102,0109-0014-0000,178,3,,12,178-33203,8,CamaID: 0109-0014-0000,53 WENTWORTH ST,484127,08178-0109-0014-0000,0109-0014-0000,167.588263537942,12,178012,1561.00219363831
Portsmouth,,102,0109-0015-0000,178,3,,11,178-33204,8,CamaID: 0109-0015-0000,47 WENTWORTH ST,484128,08178-0109-0015-0000,0109-0015-0000,162.838802160509,11,178013,1572.77871330011
Portsmouth,,102,0102-0065-0000,178,3,,12,178-32938,8,CamaID: 0102-0065-0000,38 WHIDDEN ST,484129,08178-0102-0065-0000,0102-0065-0000,208.972092023677,12,178014,2679.13023787425
Portsmouth,,101,0102-0016-0000,178,2,,12,178-32893,8,CamaID: 0102-0016-0000,25 SOUTH MILL ST,484130,08178-0102-0016-0000,0102-0016-0000,316.249794706129,12,178015,5431.35416744989
Portsmouth,73,101,0101-0013-0000,178,2,,11,178-32809,8,CamaID: 0101-0013-0000,39 HOLMES CT,484131,08178-0101-0013-0000,0101-0013-0000,221.813126200285,11-73,178016,2711.90730948355
Portsmouth,,102,0102-0045-0000,178,3,,11,178-32919,8,CamaID: 0102-0045-0000,97 SOUTH ST,484132,08178-0102-0045-0000,0102-0045-0000,272.14368280565,11,178017,3351.46594737522
Portsmouth,,102,0101-0041-0000,178,3,,11,178-32835,8,CamaID: 0101-0041-0000,33 HUMPHREYS CT,484133,08178-0101-0041-0000,0101-0041-0000,210.555873326573,11,178018,2767.54587386256
Portsmouth,,102,0110-0003-0000,178,3,,11,178-33225,8,CamaID: 0110-0003-0000,21 BLOSSOM ST,484134,08178-0110-0003-0000,0110-0003-0000,236.957137570794,11,178019,2972.28586088695
Portsmouth,,129,0220-0101-0000,178,25,,11,178-29506,8,CamaID: 0220-0101-0000,298 MYRTLE AVE,484135,08178-0220-0101-0000,0220-0101-0000,521.232667886511,11,178020,11417.5657964861
Portsmouth,,129,0220-0100-0000,178,25,,11,178-29505,8,CamaID: 0220-0100-0000,260 MYRTLE AVE,484136,08178-0220-0100-0000,0220-0100-0000,562.463942049149,11,178021,18297.709095404
Portsmouth,,129,0220-0099-0000,178,25,,11,178-29504,8,CamaID: 0220-0099-0000,240 MYRTLE AVE,484137,08178-0220-0099-0000,0220-0099-0000,682.522712739163,11,178022,23393.4168955437
Portsmouth,,129,0220-0098-0001,178,25,,12,178-29508,8,CamaID: 0220-0098-0001,236 MYRTLE AVE,484138,08178-0220-0098-0001,0220-0098-0001,643.941414755826,12,178023,17933.2530520465
Portsmouth,,304,0220-0098-0002,178,59,,57,178-29509,8,CamaID: 0220-0098-0002,214 MYRTLE AVE,484139,08178-0220-0098-0002,0220-0098-0002,618.431575466753,57,178024,20827.9671959697
Portsmouth,,302,0160-0044-0000,178,57,,33,178-37615,8,CamaID: 0160-0044-0000,851 US ROUTE 1 BYP,484140,08178-0160-0044-0000,0160-0044-0000,719.712680543225,33,178025,14411.5673578504
Portsmouth,,131,0161-0034-0000,178,27,,11,178-35020,8,CamaID: 0161-0034-0000,633 DENNETT ST,484141,08178-0161-0034-0000,0161-0034-0000,308.439795403644,11,178026,5786.23465383616
Portsmouth,,131,0161-0035-0000,178,27,,11,178-35021,8,CamaID: 0161-0035-0000,623 DENNETT ST,484142,08178-0161-0035-0000,0161-0035-0000,406.226695819015,11,178027,9136.66457625042
Portsmouth,,129,0236-0019-0000,178,25,,12,178-30576,8,CamaID: 0236-0019-0000,73 ROCKINGHAM AVE,484143,08178-0236-0019-0000,0236-0019-0000,342.973810750893,12,178028,6851.69810164874
Portsmouth,,129,0236-0001-0000,178,25,,11,178-30559,8,CamaID: 0236-0001-0000,580 WOODBURY AVE,484144,08178-0236-0001-0000,0236-0001-0000,313.640139311038,11,178029,5460.50340552213
Portsmouth,,129,0236-0002-0000,178,25,,11,178-30560,8,CamaID: 0236-0002-0000,586 WOODBURY AVE,484145,08178-0236-0002-0000,0236-0002-0000,394.82526291793,11,178030,9199.51877763912
Portsmouth,,129,0236-0003-0000,178,25,,11,178-30561,8,CamaID: 0236-0003-0000,606 WOODBURY AVE,484146,08178-0236-0003-0000,0236-0003-0000,400.204315219967,11,178031,9448.89504629215
Portsmouth,,129,0220-0069-0000,178,25,,11,178-29480,8,CamaID: 0220-0069-0000,91 FAIRVIEW AVE,484147,08178-0220-0069-0000,0220-0069-0000,497.551145289785,11,178032,14883.6704587579
Portsmouth,,129,0220-0070-0000,178,25,,11,178-29481,8,CamaID: 0220-0070-0000,43 FAIRVIEW AVE,484148,08178-0220-0070-0000,0220-0070-0000,320.545501025726,11,178033,6015.00565601249
Portsmouth,,129,0236-0021-0000,178,25,,11,178-30578,8,CamaID: 0236-0021-0000,27 ROCKINGHAM AVE,484149,08178-0236-0021-0000,0236-0021-0000,451.083744052151,11,178034,12077.7808841932
Portsmouth,,129,0236-0022-0000,178,25,,11,178-30579,8,CamaID: 0236-0022-0000,35 ROCKINGHAM AVE,484150,08178-0236-0022-0000,0236-0022-0000,472.808577421973,11,178035,13861.2175346142
Portsmouth,,129,0236-019A-0000,178,25,,11,178-30630,8,CamaID: 0236-019A-0000,370 MEADOW RD,484151,08178-0236-019A-0000,0236-019A-0000,672.197539388493,11,178036,21984.7091313146
Portsmouth,,129,0236-0018-0000,178,25,,11,178-30575,8,CamaID: 0236-0018-0000,360 MEADOW RD,484152,08178-0236-0018-0000,0236-0018-0000,593.918088015497,11,178037,21967.348617276
Portsmouth,,121,0260-0053-0000,178,20,,11,178-31308,8,CamaID: 0260-0053-0000,400 COLONIAL DR,484153,08178-0260-0053-0000,0260-0053-0000,317.994772766148,11,178038,6124.99125517255
Portsmouth,,129,0220-0015-0000,178,25,,11,178-29427,8,CamaID: 0220-0015-0000,759 WOODBURY AVE,484154,08178-0220-0015-0000,0220-0015-0000,498.795654201339,11,178039,15542.8818901718
Portsmouth,,129,0220-0022-0000,178,25,,11,178-29434,8,CamaID: 0220-0022-0000,55 RUBY RD,484155,08178-0220-0022-0000,0220-0022-0000,399.595735867501,11,178040,9979.46478039299
Portsmouth,,129,0220-0017-0000,178,25,,11,178-29429,8,CamaID: 0220-0017-0000,717 WOODBURY AVE,484156,08178-0220-0017-0000,0220-0017-0000,481.665384752008,11,178041,14475.1008675285
Portsmouth,,129,0220-0021-0000,178,25,,11,178-29433,8,CamaID: 0220-0021-0000,35 RUBY RD,484157,08178-0220-0021-0000,0220-0021-0000,403.669485071999,11,178042,10174.1326437722
Portsmouth,,129,0220-0018-0000,178,25,,27,178-29430,8,CamaID: 0220-0018-0000,WOODBURY AVE,484158,08178-0220-0018-0000,0220-0018-0000,427.74891838095,27,178043,11122.1980118495
Portsmouth,,129,0220-0019-0000,178,25,,11,178-29431,8,CamaID: 0220-0019-0000,673 WOODBURY AVE,484159,08178-0220-0019-0000,0220-0019-0000,369.816911140416,11,178044,7552.60937072685
Portsmouth,,129,0220-0013-0000,178,25,,11,178-29425,8,CamaID: 0220-0013-0000,633 WOODBURY AVE,484160,08178-0220-0013-0000,0220-0013-0000,450.365870839561,11,178045,12511.1534849262
Portsmouth,,132,0258-0051-0000,178,28,,11,178-31231,8,CamaID: 0258-0051-0000,369 GREENLAND RD,484161,08178-0258-0051-0000,0258-0051-0000,458.387603880794,11,178046,11084.69465441
Portsmouth,,,0345-0001-0000,178,,,,,,,,484162,08178-0345-0001-0000,,1603.92503466758,,178047,162018.5235027
Portsmouth,,132,0259-0020-0000,178,28,,11,178-31245,8,CamaID: 0259-0020-0000,1 PRINCETON ST,484163,08178-0259-0020-0000,0259-0020-0000,410.804162272477,11,178048,9345.36904882199
Portsmouth,,132,0259-0023-0000,178,28,,11,178-31248,8,CamaID: 0259-0023-0000,2 PRINCETON ST,484164,08178-0259-0023-0000,0259-0023-0000,326.342143348106,11,178049,6284.23204857287
Portsmouth,,132,0259-0029-0000,178,28,,11,178-31252,8,CamaID: 0259-0029-0000,46 HARVARD ST,484165,08178-0259-0029-0000,0259-0029-0000,531.124610599262,11,178050,17581.4176937164
Portsmouth,,121,0259-0002-0000,178,20,,11,178-31234,8,CamaID: 0259-0002-0000,858 GREENLAND RD,484166,08178-0259-0002-0000,0259-0002-0000,600.414353234764,11,178051,20427.0881564207
Portsmouth,,121,0259-0007-0000,178,20,,11,178-35728,8,CamaID: 0259-0007-0000,917 GREENLAND RD,484167,08178-0259-0007-0000,0259-0007-0000,487.301318318778,11,178052,13541.415061096
Portsmouth,,125,0230-0023-0000,178,22,,11,178-35467,8,CamaID: 0230-0023-0000,417 LAFAYETTE RD,484168,08178-0230-0023-0000,0230-0023-0000,564.105842584387,11,178053,17624.0372818291
Portsmouth,,103B,0230-0022-0000,178,5,,11,178-30090,8,CamaID: 0230-0022-0000,409 LAFAYETTE RD,484169,08178-0230-0022-0000,0230-0022-0000,813.090485531763,11,178054,29985.3023031288
Portsmouth,,301,0259-0012-0000,178,56,,44,178-35760,8,CamaID: 0259-0012-0C01,875 GREENLAND RD #C1,484170,08178-0259-0012-0000,0259-0012-0C01,2106.15796996628,44,178055,289117.296819877
Portsmouth,,125,0231-0046-0000,178,22,,11,178-30134,8,CamaID: 0231-0046-0000,22 GREENLEAF AVE,484171,08178-0231-0046-0000,0231-0046-0000,455.729561541013,11,178056,12586.6426677029
Portsmouth,,125,0231-0048-0000,178,22,,11,178-30136,8,CamaID: 0231-0048-0000,344 LAFAYETTE RD,484172,08178-0231-0048-0000,0231-0048-0000,593.709785732944,11,178057,17605.2881317605
Portsmouth,,125,0231-0026-0000,178,22,,11,178-30114,8,CamaID: 0231-0026-0000,87 HILLSIDE DR,484173,08178-0231-0026-0000,0231-0026-0000,418.770584215551,11,178058,8953.87263795225
Portsmouth,,121,0260-0086-0000,178,20,,11,178-31341,8,CamaID: 0260-0086-0000,700 COLONIAL DR,484174,08178-0260-0086-0000,0260-0086-0000,350.446631605727,11,178059,7115.9571500569
Portsmouth,,121,0261-0009-0000,178,20,,11,178-31430,8,CamaID: 0261-0009-0000,30 SUTTON AVE,484175,08178-0261-0009-0000,0261-0009-0000,404.781530063338,11,178060,10236.0832441641
Portsmouth,,121,0261-0026-0000,178,20,,11,178-31447,8,CamaID: 0261-0026-0000,496 GREENSIDE AVE,484176,08178-0261-0026-0000,0261-0026-0000,444.004053266735,11,178061,12260.1014216288
Portsmouth,,125,0232-0125-0000,178,22,,11,178-30265,8,CamaID: 0232-0125-0000,589 MIDDLE RD,484177,08178-0232-0125-0000,0232-0125-0000,820.504100911676,11,178062,41965.20960109
Portsmouth,,121,0260-0160-0000,178,20,,11,178-31413,8,CamaID: 0260-0160-0000,14 SCHURMAN AVE,484178,08178-0260-0160-0000,0260-0160-0000,360.883583234279,11,178063,7435.4680999356
Portsmouth,,121,0260-0016-0000,178,20,,11,178-31271,8,CamaID: 0260-0016-0000,691 COLONIAL DR,484179,08178-0260-0016-0000,0260-0016-0000,322.814969770623,11,178064,6199.88197888323
Portsmouth,,121,0260-0139-0000,178,20,,11,178-31394,8,CamaID: 0260-0139-0000,316 COLONIAL DR,484180,08178-0260-0139-0000,0260-0139-0000,357.602527549356,11,178065,7460.20213004099
Portsmouth,,121,0261-0023-0000,178,20,,11,178-31444,8,CamaID: 0261-0023-0000,28 DORIS AVE,484181,08178-0261-0023-0000,0261-0023-0000,443.082708898064,11,178066,11501.5584389621
Portsmouth,,121,0261-0030-0000,178,20,,11,178-31451,8,CamaID: 0261-0030-0000,582 GREENSIDE AVE,484182,08178-0261-0030-0000,0261-0030-0000,559.6258622722,11,178067,14553.7382705448
Portsmouth,,129,0234-0013-0000,178,25,,11,178-30516,8,CamaID: 0234-0013-0000,66 COAKLEY RD,484183,08178-0234-0013-0000,0234-0013-0000,335.306949557748,11,178068,6989.65171686879
Portsmouth,,129,0234-0042-0000,178,25,,11,178-30545,8,CamaID: 0234-0042-0000,31 COAKLEY RD,484184,08178-0234-0042-0000,0234-0042-0000,343.257123335403,11,178069,6944.38371360871
Portsmouth,,129,0234-0016-0000,178,25,,11,178-30519,8,CamaID: 0234-0016-0000,54 COAKLEY RD,484185,08178-0234-0016-0000,0234-0016-0000,493.765962395647,11,178070,14082.6127868658
Portsmouth,,129,0234-0018-0000,178,25,,11,178-30521,8,CamaID: 0234-0018-0000,46 COAKLEY RD,484186,08178-0234-0018-0000,0234-0018-0000,334.155235922018,11,178071,6945.67079889158
Portsmouth,,131,0142-0008-0000,178,27,,12,178-34283,8,CamaID: 0142-0008-0000,197 DENNETT ST,484187,08178-0142-0008-0000,0142-0008-0000,273.920338486341,12,178072,4379.72088179274
Portsmouth,,302,0142-0016-0000,178,57,,33,178-37554,8,CamaID: 0142-0016-0000,930 INTERSTATE BY PS,484188,08178-0142-0016-0000,0142-0016-0000,570.002124316559,33,178073,14562.6095035609
Portsmouth,,302,0142-0039-0000,178,57,,33,178-38060,8,CamaID: 0142-0039-0000,919 US ROUTE 1 BYP,484189,08178-0142-0039-0000,0142-0039-0000,470.291701810614,33,178074,12948.6340234143
Portsmouth,,131,0142-0018-0000,178,27,,11,178-34290,8,CamaID: 0142-0018-0000,14 ALDER WAY,484190,08178-0142-0018-0000,0142-0018-0000,366.946146041777,11,178075,8072.13060657282
Portsmouth,,302,0142-0037-0000,178,57,,34,178-37552,8,CamaID: 0142-0037-0000,933 US ROUTE 1 BYP,484191,08178-0142-0037-0000,0142-0037-0000,1866.1740247399,34,178076,152863.847637749
Portsmouth,,129,0220-0076-0000,178,25,,11,178-29487,8,CamaID: 0220-0076-0000,230 EDMOND AVE,484192,08178-0220-0076-0000,0220-0076-0000,393.709602347307,11,178077,9676.23934088428
Portsmouth,,301,0220-0088-0000,178,56,,33,178-35410,8,CamaID: 0220-0088-0000,650 MAPLEWOOD AVE,484193,08178-0220-0088-0000,0220-0088-0000,1297.99384348993,33,178078,75248.3328297593
Portsmouth,,128,0209-0001-0000,178,24,,11,178-28728,8,CamaID: 0209-0001-0000,5 CENTRAL AVE,484194,08178-0209-0001-0000,0209-0001-0000,299.997359542906,11,178079,4826.06605254346
Portsmouth,,128,0209-0014-0000,178,24,,11,178-28737,8,CamaID: 0209-0014-0000,18 CUTTS ST,484195,08178-0209-0014-0000,0209-0014-0000,301.416922304344,11,178080,4922.68787402369
Portsmouth,,129,0220-0064-0000,178,25,,11,178-29475,8,CamaID: 0220-0064-0000,898 MAPLEWOOD AVE,484196,08178-0220-0064-0000,0220-0064-0000,339.373681799767,11,178081,7029.28846734745
Portsmouth,,304,0209-0007-0000,178,59,,23,178-35325,8,CamaID: 0209-0007-0000,MAPLEWOOD AVE,484197,08178-0209-0007-0000,0209-0007-0000,438.557622801051,23,178082,11347.2636552896
Portsmouth,,128,0209-0024-0000,178,24,,11,178-28747,8,CamaID: 0209-0024-0000,4 ASHLAND ST,484198,08178-0209-0024-0000,0209-0024-0000,300.347256669388,11,178083,4783.37732544654
Portsmouth,,128,0209-0084-0000,178,24,,11,178-28807,8,CamaID: 0209-0084-0000,55 CUTTS ST,484199,08178-0209-0084-0000,0209-0084-0000,449.331196839184,11,178084,12140.7170681237
Portsmouth,,130,0212-0092-0000,178,26,,11,178-28923,8,CamaID: 0212-0092-0000,229 CRESCENT WAY,484200,08178-0212-0092-0000,0212-0092-0000,280.053660605238,11,178085,4788.63623020774
Portsmouth,,130,0212-0074-0000,178,26,,11,178-28905,8,CamaID: 0212-0074-0000,236 CONCORD WAY,484201,08178-0212-0074-0000,0212-0074-0000,212.306744278124,11,178086,2049.51380783132
Portsmouth,,305,0125-0001-0000,178,60,,44,178-51584,8,CamaID: 0125-0001-0002,195  HANOVER ST  #2,484202,08178-0125-0001-0000,0125-0001-0002,1184.54601632076,44,178087,83869.1327273487
Portsmouth,,305A,0156-0003-0000,178,61,,57,178-34849,8,CamaID: 0156-0003-0000,524 ISLINGTON ST,484203,08178-0156-0003-0000,0156-0003-0000,387.208456458755,57,178088,9193.22613942053
Portsmouth,70,130,0212-0153-0000,178,26,,11,178-28975,8,CamaID: 0212-0153-0000,180 PORPOISE WAY,484211,08178-0212-0153-0000,0212-0153-0000,613.043945041405,11-70,178089,19378.7109305525
Portsmouth,,130,0212-0075-0001,178,26,,11,178-38496,8,CamaID: 0212-0075-0001,224 CONCORD WAY,484212,08178-0212-0075-0001,0212-0075-0001,201.99540090277,11,178090,1933.71828313391
Portsmouth,,130,0212-0075-0000,178,26,,11,178-28906,8,CamaID: 0212-0075-0000,226 CONCORD WAY,484213,08178-0212-0075-0000,0212-0075-0000,202.845076625098,11,178091,1959.96639746206
Portsmouth,,201,0125-0002-0000,178,31,,14,178-52588,8,CamaID: 0125-0002-0207,111 BRIDGE ST #207,484204,08178-0125-0002-0000,0125-0002-0207,976.834473158078,14,178092,34889.7772188976
Portsmouth,,305,0125-0023-0000,178,60,,33,178-50572,8,CamaID: 0125-0023-0000,99 HANOVER ST,484205,08178-0125-0023-0000,0125-0023-0000,661.650582704236,33,178093,26588.2457356196
Portsmouth,,304,0212-0144-0000,178,59,,27,178-35345,8,CamaID: 0212-0144-0000,PREBLE WAY,484206,08178-0212-0144-0000,0212-0144-0000,243.462983711116,27,178094,1311.21098310544
Portsmouth,,304,0242-0002-0000,178,59,,57,178-35590,8,CamaID: 0242-0002-0000,1 PLAINS AVE,484207,08178-0242-0002-0000,0242-0002-0000,715.671818593004,57,178095,13627.7243211981
Portsmouth,70,130,0212-0157-0000,178,26,,11,178-28979,8,CamaID: 0212-0157-0000,130 CRESCENT WAY,484208,08178-0212-0157-0000,0212-0157-0000,465.08376841253,11-70,178096,10198.0883688392
Portsmouth,70,130,0212-0155-0000,178,26,,11,178-28977,8,CamaID: 0212-0155-0000,154 CRESCENT WAY,484209,08178-0212-0155-0000,0212-0155-0000,503.473110952641,11-70,178097,11648.2089742308
Portsmouth,70,130,0212-0154-0000,178,26,,11,178-28976,8,CamaID: 0212-0154-0000,164 CRESCENT WAY,484210,08178-0212-0154-0000,0212-0154-0000,588.933196165649,11-70,178098,17273.3084172092
Portsmouth,,130,0212-0067-0000,178,26,,11,178-28898,8,CamaID: 0212-0067-0000,109 PORPOISE WAY,484214,08178-0212-0067-0000,0212-0067-0000,279.3291774509,11,178099,4655.90551864636
Portsmouth,,130,0212-0068-0000,178,26,,11,178-28899,8,CamaID: 0212-0068-0000,121 PORPOISE WAY,484215,08178-0212-0068-0000,0212-0068-0000,224.121294565572,11,178100,2254.40680916708
Portsmouth,,130,0212-0071-0001,178,26,,11,178-38779,8,CamaID: 0212-0071-0001,193 CRESCENT WAY,484216,08178-0212-0071-0001,0212-0071-0001,218.384842213731,11,178101,2040.66217046071
Portsmouth,73,130,0212-0152-0001,178,26,,11,178-38778,8,CamaID: 0212-0152-0001,129 CRESCENT WAY,484217,08178-0212-0152-0001,0212-0152-0001,206.348336948075,11-73,178102,2442.52900498246
Portsmouth,,130,0212-0069-0001,178,26,,11,178-38701,8,CamaID: 0212-0069-0001,133 PORPOISE WAY,484218,08178-0212-0069-0001,0212-0069-0001,217.546774537501,11,178103,2176.04820867344
Portsmouth,,118,0292-0091-0000,178,17,,11,178-32554,8,CamaID: 0292-0091-0000,20 SUZANNE DR,484219,08178-0292-0091-0000,0292-0091-0000,618.259037197594,11,178104,17828.5150086136
Portsmouth,,301,0297-0004-003A,178,56,,27,178-36019,8,CamaID: 0297-0004-003A,COACH RD,484220,08178-0297-0004-003A,0297-0004-003A,1363.4204634896,27,178105,89987.579760644
Portsmouth,,119,0288-0003-0003,178,18,,11,178-32239,8,CamaID: 0288-0003-0003,94 EASTWOOD DR,484221,08178-0288-0003-0003,0288-0003-0003,824.858493574485,11,178106,36620.5279533394
Portsmouth,,119,0288-0003-0020,178,18,,11,178-32237,8,CamaID: 0288-0003-0020,97 EASTWOOD DR,484222,08178-0288-0003-0020,0288-0003-0020,953.680242063869,11,178107,35457.4699261455
Portsmouth,,119,0288-0003-0004,178,18,,11,178-32240,8,CamaID: 0288-0003-0004,100 EASTWOOD DR,484223,08178-0288-0003-0004,0288-0003-0004,796.369792916742,11,178108,31072.5732531053
Portsmouth,,119,0288-0003-0005,178,18,,11,178-32241,8,CamaID: 0288-0003-0005,114 EASTWOOD DR,484224,08178-0288-0003-0005,0288-0003-0005,818.802949368467,11,178109,32487.2011863906
Portsmouth,,119,0288-0003-0009,178,18,,11,178-32245,8,CamaID: 0288-0003-0009,176 EASTWOOD DR,484225,08178-0288-0003-0009,0288-0003-0009,656.963824802458,11,178110,24180.4696503719
Portsmouth,,119,0288-0003-0010,178,18,,11,178-32226,8,CamaID: 0288-0003-0010,186 EASTWOOD DR,484226,08178-0288-0003-0010,0288-0003-0010,644.199511481266,11,178111,26098.3109456505
Portsmouth,,301,0218-0039-0000,178,56,,23,178-35396,8,CamaID: 0218-0039-0000,KEARSARGE WAY,484227,08178-0218-0039-0000,0218-0039-0000,475.395379866282,23,178112,13586.4279046675
Portsmouth,,130,0212-0150-0000,178,26,,11,178-28972,8,CamaID: 0212-0150-0000,101 CRESCENT WAY,484228,08178-0212-0150-0000,0212-0150-0000,275.628691088986,11,178113,4472.10161062299
Portsmouth,,130,0212-0070-0000,178,26,,11,178-28901,8,CamaID: 0212-0070-0000,145 PORPOISE WAY,484229,08178-0212-0070-0000,0212-0070-0000,242.827668383002,11,178114,3354.41889348389
Portsmouth,,130,0212-0129-0000,178,26,,11,178-28953,8,CamaID: 0212-0129-0000,218 CRESCENT WAY,484230,08178-0212-0129-0000,0212-0129-0000,296.086566501253,11,178115,4857.49417837958
Portsmouth,,130,0212-0151-0000,178,26,,11,178-28973,8,CamaID: 0212-0151-0000,111 CRESCENT WAY,484231,08178-0212-0151-0000,0212-0151-0000,267.548944452901,11,178116,4184.05884844951
Portsmouth,,130,0212-0131-0000,178,26,,11,178-28955,8,CamaID: 0212-0131-0000,210 CRESCENT WAY,484232,08178-0212-0131-0000,0212-0131-0000,270.944754326854,11,178117,4051.64784835085
Portsmouth,73,130,0212-0152-0000,178,26,,11,178-28974,8,CamaID: 0212-0152-0000,127 CRESCENT WAY,484233,08178-0212-0152-0000,0212-0152-0000,233.217946875232,11-73,178118,3043.69884464297
Portsmouth,,130,0212-0134-0000,178,26,,11,178-28958,8,CamaID: 0212-0134-0000,149 CRESCENT WAY,484234,08178-0212-0134-0000,0212-0134-0000,352.020010564055,11,178119,6924.00972913091
Portsmouth,,130,0212-0130-0000,178,26,,11,178-28954,8,CamaID: 0212-0130-0000,214 CRESCENT WAY,484235,08178-0212-0130-0000,0212-0130-0000,317.872189657604,11,178120,6151.71330871897
Portsmouth,,130,0212-0132-0000,178,26,,12,178-28956,8,CamaID: 0212-0132-0000,169 PORPOISE WAY,484236,08178-0212-0132-0000,0212-0132-0000,295.942314455191,12,178121,5070.5424260946
Portsmouth,,,,178,,,,,,,,484237,08178-,,13122.7226524744,,178122,514708.959761062
Portsmouth,,130,0212-0049-0001,178,26,,11,178-51624,8,CamaID: 0212-0049-0001,124 RALEIGH WAY,484238,08178-0212-0049-0001,0212-0049-0001,239.771216307803,11,178123,2290.72249592877
Portsmouth,,305A,0155-0005-0000,178,61,,44,178-51604,8,CamaID: 0155-0005-00B1,90 BREWERY LN #B1,484239,08178-0155-0005-0000,0155-0005-00B1,1959.17466411904,44,178124,119266.652163574
Portsmouth,,129,0173-0006-0000,178,25,,11,178-35262,8,CamaID: 0173-0006-0000,120 COTTAGE ST,484240,08178-0173-0006-0000,0173-0006-0000,402.072550421832,11,178125,10093.6317610531
Portsmouth,,104,0167-0004-0000,178,6,,11,178-35187,8,CamaID: 0167-0004-0000,251 THAXTER RD,484241,08178-0167-0004-0000,0167-0004-0000,468.72661182217,11,178126,12798.0153364796
Portsmouth,,104,0152-0035-0000,178,6,,11,178-34779,8,CamaID: 0152-0035-0000,265 THAXTER RD,484242,08178-0152-0035-0000,0152-0035-0000,402.191773428458,11,178127,7314.39558406207
Portsmouth,,104,0152-0036-0000,178,6,,11,178-34780,8,CamaID: 0152-0036-0000,277 THAXTER RD,484243,08178-0152-0036-0000,0152-0036-0000,449.618406192494,11,178128,11118.6909341721
Portsmouth,,305A,0164-0005-0000,178,61,,33,178-37611,8,CamaID: 0164-0005-0000,653 ISLINGTON ST,484244,08178-0164-0005-0000,0164-0005-0000,502.676687309542,33,178129,14034.7857622774
Portsmouth,,305A,0155-0001-0000,178,61,,57,178-37568,8,CamaID: 0155-0001-0000,610 ISLINGTON ST,484245,08178-0155-0001-0000,0155-0001-0000,496.206853691873,57,178130,11280.9339782946
Portsmouth,,129,0173-0005-0000,178,25,,11,178-37786,8,CamaID: 0173-0005-0000,92 COTTAGE ST,484246,08178-0173-0005-0000,0173-0005-0000,488.181596180022,11,178131,13562.83614661
Portsmouth,,302,0174-0014-0000,178,57,,33,178-35275,8,CamaID: 0174-0014-0000,185 COTTAGE ST,484247,08178-0174-0014-0000,0174-0014-0000,987.469871158285,33,178132,39806.5333644633
Portsmouth,,302,0164-0002-0000,178,57,,33,178-37610,8,CamaID: 0164-0002-0000,105 BARTLETT ST,484248,08178-0164-0002-0000,0164-0002-0000,627.17647323191,33,178133,20677.9041445843
Portsmouth,,,,178,,,,,,,,484249,08178-,,5544.06441126038,,178134,130705.226961072
Portsmouth,,306,0201-0012-0000,178,62,,44,178-28571,8,CamaID: 0201-0012-0000,187 WENTWORTH HOUSE RD,484250,08178-0201-0012-0000,0201-0012-0000,2212.07871607699,44,178135,144505.817949061
Portsmouth,,306,0223-0034-0000,178,62,,33,178-35421,8,CamaID: 0223-0034-0000,895 SAGAMORE AVE,484251,08178-0223-0034-0000,0223-0034-0000,574.033889307536,33,178136,19946.6024205168
Portsmouth,,104,0231-0057-0000,178,6,,11,178-30143,8,CamaID: 0231-0057-0000,400 MIDDLE RD,484252,08178-0231-0057-0000,0231-0057-0000,408.930552095397,11,178137,9348.92564485386
Portsmouth,,201,0107-0055-0000,178,31,,14,178-38427,8,CamaID: 0107-0055-0002,116 STATE ST #2,484253,08178-0107-0055-0000,0107-0055-0002,363.499751631518,14,178138,3257.14165231953
Portsmouth,,305,0107-0054-0000,178,60,,57,178-37278,8,CamaID: 0107-0054-0000,112 STATE ST,484254,08178-0107-0054-0000,0107-0054-0000,234.575531300927,57,178139,2003.07634100191
Portsmouth,,305,0107-0053-0000,178,60,,57,178-37281,8,CamaID: 0107-0053-0000,110 STATE ST,484255,08178-0107-0053-0000,0107-0053-0000,240.950733371635,57,178140,2355.22711719112
Portsmouth,,102,0107-0046-0001,178,3,,11,178-33172,8,CamaID: 0107-0046-0001,18 SHEAFE ST,484256,08178-0107-0046-0001,0107-0046-0001,252.32700386281,11,178141,2751.66134924421
Portsmouth,,305,0105-0005-0000,178,60,,57,178-33055,8,CamaID: 0105-0005-0000,423 COURT ST,484257,08178-0105-0005-0000,0105-0005-0000,241.094509736625,57,178142,3188.72222757978
Portsmouth,,305,0107-0052-0001,178,60,,57,178-37279,8,CamaID: 0107-0052-0001,102 STATE ST,484258,08178-0107-0052-0001,0107-0052-0001,209.085092495519,57,178143,2325.30409286721
Portsmouth,,108,0105-0017-0000,178,8,,12,178-33061,8,CamaID: 0105-0017-0000,19 ATKINSON ST,484259,08178-0105-0017-0000,0105-0017-0000,202.143771433941,12,178144,1808.03246686009
Portsmouth,,305,0117-0013-0000,178,60,,33,178-37342,8,CamaID: 0117-0013-0000,13 CONGRESS ST,484260,08178-0117-0013-0000,0117-0013-0000,213.309095414492,33,178145,2757.12003608382
Portsmouth,,,0107-0046-0003,178,,,,,,,,484261,08178-0107-0046-0003,,438.093573574671,,178146,5070.22490628658
Portsmouth,,305,0107-0052-0000,178,60,,33,178-37277,8,CamaID: 0107-0052-0000,96 STATE ST,484262,08178-0107-0052-0000,0107-0052-0000,233.291230896723,33,178147,3210.73368091649
Portsmouth,,201,0107-0046-0004,178,31,,14,178-38419,8,CamaID: 0107-0046-004A,147 STATE ST #1,484263,08178-0107-0046-0004,0107-0046-004A,341.180819433651,14,178148,5272.48697821871
Portsmouth,,305,0107-0029-0000,178,60,,33,178-37961,8,CamaID: 0107-0029-0000,14 MARKET SQ,484264,08178-0107-0029-0000,0107-0029-0000,231.432322644545,33,178149,3055.68314549236
Portsmouth,,305,0107-0028-0000,178,60,,57,178-37297,8,CamaID: 0107-0028-0000,21 DANIEL ST,484265,08178-0107-0028-0000,0107-0028-0000,233.273539374699,57,178150,2718.07741827691
Portsmouth,,102,0107-0014-0000,178,3,,11,178-33138,8,CamaID: 0107-0014-0000,11 SHEAFE ST,484266,08178-0107-0014-0000,0107-0014-0000,155.080709165228,11,178151,1185.17852603408
Portsmouth,,102,0107-0015-0000,178,3,,11,178-33139,8,CamaID: 0107-0015-0000,17 SHEAFE ST,484267,08178-0107-0015-0000,0107-0015-0000,153.80600174695,11,178152,1153.70742336317
Portsmouth,,304,0156-0025-0000,178,59,,57,178-37594,8,CamaID: 0156-0025-0000,69 ALBANY ST,484268,08178-0156-0025-0000,0156-0025-0000,654.105920416963,57,178153,8610.68555901989
Portsmouth,,105,0156-0012-0000,178,7,,12,178-34856,8,CamaID: 0156-0012-0000,101 CASS ST,484269,08178-0156-0012-0000,0156-0012-0000,259.785223704366,12,178154,3968.30390354359
Portsmouth,,105,0156-0030-0000,178,7,,12,178-34869,8,CamaID: 0156-0030-0000,66 CASS ST,484270,08178-0156-0030-0000,0156-0030-0000,215.310663199676,12,178155,2672.46767582553
Portsmouth,,304,0156-0024-000A,178,59,,33,178-37593,8,CamaID: 0156-0024-000A,27 ALBANY ST,484271,08178-0156-0024-000A,0156-0024-000A,319.115884566952,33,178156,6276.41515075531
Portsmouth,,105,0156-0032-0000,178,7,,11,178-34871,8,CamaID: 0156-0032-0000,52 CASS ST,484272,08178-0156-0032-0000,0156-0032-0000,305.080637543112,11,178157,3013.62769639161
Portsmouth,,105,0156-0014-0000,178,7,,12,178-34857,8,CamaID: 0156-0014-0000,973 STATE ST,484273,08178-0156-0014-0000,0156-0014-0000,471.409940040141,12,178158,10302.5378621705
Portsmouth,,304,0156-0011-0000,178,59,,34,178-34855,8,CamaID: 0156-0011-0000,59 CASS ST,484274,08178-0156-0011-0000,0156-0011-0000,580.018072272443,34,178159,17210.8678043638
Portsmouth,,105,0156-0035-0000,178,7,,11,178-34872,8,CamaID: 0156-0035-0000,26 CASS ST,484275,08178-0156-0035-0000,0156-0035-0000,304.507702326916,11,178160,5147.94280531987
Portsmouth,,304,0156-0017-0000,178,59,,57,178-34860,8,CamaID: 0156-0017-0000,26 COLUMBIA CT,484276,08178-0156-0017-0000,0156-0017-0000,377.699256675623,57,178161,6378.6240382465
Portsmouth,,105,0156-0010-0000,178,7,,11,178-34854,8,CamaID: 0156-0010-0000,49 CASS ST,484277,08178-0156-0010-0000,0156-0010-0000,268.692320257876,11,178162,4202.17383713903
Portsmouth,,305A,0156-0024-0000,178,61,,33,178-38031,8,CamaID: 0156-0024-0000,566 ISLINGTON ST,484278,08178-0156-0024-0000,0156-0024-0000,935.601128001764,33,178163,26693.3455241438
Portsmouth,,105,0156-0009-0000,178,7,,11,178-34853,8,CamaID: 0156-0009-0000,39 CASS ST,484279,08178-0156-0009-0000,0156-0009-0000,262.645043412353,11,178164,4011.81953919787
Portsmouth,,305A,0156-0023-0000,178,61,,57,178-37574,8,CamaID: 0156-0023-0000,562 ISLINGTON ST,484280,08178-0156-0023-0000,0156-0023-0000,316.586994270823,57,178165,5427.77405461642
Portsmouth,,204,0156-0016-0000,178,34,,14,178-38406,8,CamaID: 0156-0016-0001,46 COLUMBIA ST #1,484281,08178-0156-0016-0000,0156-0016-0001,378.424723254272,14,178166,8867.31864365293
Portsmouth,,105,0156-0008-0000,178,7,,11,178-34852,8,CamaID: 0156-0008-0000,29 CASS ST,484282,08178-0156-0008-0000,0156-0008-0000,259.877578899011,11,178167,3971.15554745932
Portsmouth,,105,0156-0007-0000,178,7,,11,178-34851,8,CamaID: 0156-0007-0000,21 CASS ST,484283,08178-0156-0007-0000,0156-0007-0000,224.793276549501,11,178168,2939.39913026992
Portsmouth,,302,0234-0005-0000,178,57,,33,178-35507,8,CamaID: 0234-0005-0000,505 US ROUTE 1 BYP,484284,08178-0234-0005-0000,0234-0005-0000,1434.30651486979,33,178169,112459.8706557
Portsmouth,,305A,0155-0004-0000,178,61,,34,178-37572,8,CamaID: 0155-0004-0000,JEWELL CT,484285,08178-0155-0004-0000,0155-0004-0000,300.537064075224,34,178170,5403.172589293
Portsmouth,,104,0152-0021-0000,178,6,,11,178-34766,8,CamaID: 0152-0021-0000,100 KENSINGTON RD,484286,08178-0152-0021-0000,0152-0021-0000,446.830800721864,11,178171,10326.2888976647
Portsmouth,,305A,0155-0013-0000,178,61,,33,178-38064,8,CamaID: 0155-0013-0000,738 ISLINGTON ST,484287,08178-0155-0013-0000,0155-0013-0000,1422.08977182696,33,178172,114851.811968338
Portsmouth,,305A,0164-0011-0000,178,61,,57,178-35129,8,CamaID: 0164-0011-0000,697 ISLINGTON ST,484288,08178-0164-0011-0000,0164-0011-0000,251.651620255304,57,178173,3916.2481578157
Portsmouth,,105,0164-0010-0000,178,7,,12,178-35128,8,CamaID: 0164-0010-0000,17 ELM CT,484289,08178-0164-0010-0000,0164-0010-0000,206.122748362822,12,178174,2615.84776782726
Portsmouth,,105,0164-0009-0000,178,7,,11,178-35127,8,CamaID: 0164-0009-0000,27 ELM CT,484290,08178-0164-0009-0000,0164-0009-0000,217.925852887717,11,178175,2893.45714069297
Portsmouth,,305A,0155-0003-0000,178,61,,33,178-37573,8,CamaID: 0155-0003-0000,674 ISLINGTON ST,484291,08178-0155-0003-0000,0155-0003-0000,617.13057867237,33,178176,24524.4651981021
Portsmouth,,305A,0164-0012-0000,178,61,,34,178-38065,8,CamaID: 0164-0012-0000,685 ISLINGTON ST,484292,08178-0164-0012-0000,0164-0012-0000,442.135965582619,34,178177,9951.85006622866
Portsmouth,,129,0173-0008-0000,178,25,,11,178-35264,8,CamaID: 0173-0008-0000,160 COTTAGE ST,484293,08178-0173-0008-0000,0173-0008-0000,461.677730967357,11,178178,13103.5547328906
Portsmouth,,305A,0155-0002-0000,178,61,,33,178-37571,8,CamaID: 0155-0002-0000,642 ISLINGTON ST,484294,08178-0155-0002-0000,0155-0002-0000,405.697276857488,33,178179,10036.7130435395
Portsmouth,,129,0173-0007-0000,178,25,,11,178-35263,8,CamaID: 0173-0007-0000,140 COTTAGE ST,484295,08178-0173-0007-0000,0173-0007-0000,401.97141199703,11,178180,10091.7121150213
Portsmouth,,129,0163-0031-0000,178,25,,11,178-35124,8,CamaID: 0163-0031-0000,235 CATE ST,484296,08178-0163-0031-0000,0163-0031-0000,507.709364834524,11,178181,12403.2052648302
Portsmouth,,103A,0130-0049-0000,178,4,,11,178-33799,8,CamaID: 0130-0049-0000,296 RICHARDS AVE,484297,08178-0130-0049-0000,0130-0049-0000,350.408073837322,11,178182,6870.30051396576
Portsmouth,,204,0130-0050-0000,178,34,,14,178-38488,8,CamaID: 0130-0050-0001,284 RICHARDS AVE #1,484298,08178-0130-0050-0000,0130-0050-0001,388.455954134806,14,178183,9019.67821145743
Portsmouth,,204,0129-0007-0000,178,34,,14,178-33748,8,CamaID: 0129-0007-0001,264 ROCKLAND ST #1,484299,08178-0129-0007-0000,0129-0007-0001,401.322670789562,14,178184,10066.1161170099
Portsmouth,,304,0130-0051-0000,178,59,,57,178-33801,8,CamaID: 0130-0051-0000,270 RICHARDS AVE,484300,08178-0130-0051-0000,0130-0051-0000,385.652083425572,57,178185,8832.86133782182
Portsmouth,,103A,0129-0004-0000,178,4,,12,178-33706,8,CamaID: 0129-0004-0000,204 ROCKLAND ST,484301,08178-0129-0004-0000,0129-0004-0000,313.749427275973,12,178186,5619.63938765571
Portsmouth,,304,0129-0014-0000,178,59,,13,178-33714,8,CamaID: 0129-0014-0000,263 ROCKLAND ST,484302,08178-0129-0014-0000,0129-0014-0000,1032.83799915037,13,178187,47424.2406408623
Portsmouth,,204,0129-0015-0000,178,34,,14,178-33743,8,CamaID: 0129-0015-0001,98 MILLER AVE #1,484303,08178-0129-0015-0000,0129-0015-0001,310.053329263743,14,178188,5366.18702274658
Portsmouth,,204,0129-0018-0000,178,34,,14,178-33745,8,CamaID: 0129-0018-0001,40 MERRIMAC ST #1,484304,08178-0129-0018-0000,0129-0018-0001,655.065700495675,14,178189,19536.5408385102
Portsmouth,,103A,0129-0027-0000,178,4,,12,178-33722,8,CamaID: 0129-0027-0000,205 ROCKLAND ST,484305,08178-0129-0027-0000,0129-0027-0000,381.517528287486,12,178190,9027.99399203075
Portsmouth,,103A,0129-0028-0000,178,4,,11,178-33723,8,CamaID: 0129-0028-0000,204 RICHARDS AVE,484306,08178-0129-0028-0000,0129-0028-0000,339.838024130081,11,178191,6859.63244266674
Portsmouth,,105,0135-0028-0000,178,7,,11,178-34037,8,CamaID: 0135-0028-0000,180 UNION ST,484307,08178-0135-0028-0000,0135-0028-0000,304.987947025512,11,178192,5100.22027408483
Portsmouth,,304,0129-0017-0000,178,59,,57,178-33716,8,CamaID: 0129-0017-0000,10 MERRIMAC ST,484308,08178-0129-0017-0000,0129-0017-0000,477.449573778947,57,178193,12478.0466564699
Portsmouth,,105,0135-0046-0000,178,7,,12,178-34054,8,CamaID: 0135-0046-0000,16 CABOT ST,484309,08178-0135-0046-0000,0135-0046-0000,198.600411302011,12,178194,1718.1973191608
Portsmouth,,103A,0129-0029-0000,178,4,,11,178-33724,8,CamaID: 0129-0029-0000,182 RICHARDS AVE,484310,08178-0129-0029-0000,0129-0029-0000,443.793681303958,11,178195,12005.7319538682
Portsmouth,,103A,0129-0030-0000,178,4,,11,178-33725,8,CamaID: 0129-0030-0000,160 RICHARDS AVE,484311,08178-0129-0030-0000,0129-0030-0000,380.073194138266,11,178196,7820.52462978993
Portsmouth,,102,0110-0006-0000,178,3,,12,178-33228,8,CamaID: 0110-0006-0000,151 SOUTH ST,484312,08178-0110-0006-0000,0110-0006-0000,447.476571990793,12,178197,10440.435895834
Portsmouth,,105,0145-0048-0000,178,7,,11,178-34412,8,CamaID: 0145-0048-0000,886 STATE ST,484313,08178-0145-0048-0000,0145-0048-0000,174.055045644464,11,178198,1811.85816372709
Portsmouth,,304,0136-0031-0000,178,59,,57,178-34109,8,CamaID: 0136-0031-0000,170 AUSTIN ST,484314,08178-0136-0031-0000,0136-0031-0000,269.738032795634,57,178199,4495.53798660481
Portsmouth,,302,0160-0029-0000,178,57,,33,178-38032,8,CamaID: 0160-0029-0000,822 US ROUTE 1 BYP,484315,08178-0160-0029-0000,0160-0029-0000,710.475783221339,33,178200,29058.9962512868
Portsmouth,73,108,0105-0008-0000,178,8,,11,178-33057,8,CamaID: 0105-0008-0000,24 MARCY ST,484316,08178-0105-0008-0000,0105-0008-0000,387.911784263432,11-73,178201,7478.97999936034
Portsmouth,,305,0117-0024-0000,178,60,,57,178-37365,8,CamaID: 0117-0024-0000,24 MARKET ST,484317,08178-0117-0024-0000,0117-0024-0000,137.671642549849,57,178202,1008.18412409838
Portsmouth,,131,0161-0036-0000,178,27,,12,178-35022,8,CamaID: 0161-0036-0000,603 DENNETT ST,484318,08178-0161-0036-0000,0161-0036-0000,520.501341681533,12,178203,12950.018502581
Portsmouth,,301,0285-0011-000B,178,56,,33,178-35940,8,CamaID: 0285-0011-000B,70 HERITAGE AVE,484319,08178-0285-0011-000B,0285-0011-000B,3159.951166634,33,178204,313802.764723342
Portsmouth,,302,0272-0009-0006,178,57,,23,178-35866,8,CamaID: 0272-0009-0006,LAFAYETTE RD,484320,08178-0272-0009-0006,0272-0009-0006,1605.35009822628,23,178205,143920.345337504
Portsmouth,,302,0272-0008-0000,178,57,,44,178-35860,8,CamaID: 0272-0008-0001,2425 LAFAYETTE RD #1,484321,08178-0272-0008-0000,0272-0008-0001,364.049635700171,44,178206,8189.87245856595
Portsmouth,,302,0285-0016-0001,178,57,,27,178-35942,8,CamaID: 0285-0016-0001,2460 LAFAYETTE RD #A,484322,08178-0285-0016-0001,0285-0016-0001,1743.51142068603,27,178207,161608.261781377
Portsmouth,,301,0284-0011-0000,178,56,,34,178-35923,8,CamaID: 0284-0011-0000,9 POST RD,484323,08178-0284-0011-0000,0284-0011-0000,1813.54849966362,34,178208,207816.661224023
Portsmouth,,302,0273-0002-5000,178,57,,44,178-35877,8,CamaID: 0273-0002-05B1,55 CONSTITUTION AVE #1,484324,08178-0273-0002-5000,0273-0002-05B1,1139.51986064091,44,178209,71558.9826000022
Portsmouth,,301,0285-0009-0000,178,56,,34,178-35932,8,CamaID: 0285-0009-0000,20 POST RD,484325,08178-0285-0009-0000,0285-0009-0000,2531.90327995735,34,178210,363787.326317173
Portsmouth,,117,0282-0006-0023,178,16,,11,178-32145,8,CamaID: 0282-0006-0023,5 BUCKMINSTER WAY,484326,08178-0282-0006-0023,0282-0006-0023,871.489898978847,11,178211,43283.6283955244
Portsmouth,,301,0279-0001-0000,178,56,,22,178-35901,8,CamaID: 0279-0001-0000,GREENLAND RD,484327,08178-0279-0001-0000,0279-0001-0000,1281.67783988221,22,178212,73323.7810323481
Portsmouth,,,0263-0001-0003,178,,,,,,,,484328,08178-0263-0001-0003,,1403.40971302877,,178213,106427.379111403
Portsmouth,,121,0262-0001-0001,178,20,,11,178-31508,8,CamaID: 0262-0001-0001,20 SHERBURNE RD,484329,08178-0262-0001-0001,0262-0001-0001,631.475408842605,11,178214,21325.7717698431
Portsmouth,,121,0262-0001-0000,178,20,,11,178-31500,8,CamaID: 0262-0001-0000,898 GREENLAND RD,484330,08178-0262-0001-0000,0262-0001-0000,524.772506025578,11,178215,16174.9315761776
Portsmouth,,125,0231-0002-0000,178,22,,12,178-30092,8,CamaID: 0231-0002-0000,410 LAFAYETTE RD,484331,08178-0231-0002-0000,0231-0002-0000,470.897667145597,12,178216,6034.28098788155
Portsmouth,,125,0230-0020-0000,178,22,,11,178-30089,8,CamaID: 0230-0020-0000,339 LAFAYETTE RD,484332,08178-0230-0020-0000,0230-0020-0000,792.898364668217,11,178217,37113.1434129344
Portsmouth,,125,0230-0019-0000,178,22,,11,178-30088,8,CamaID: 0230-0019-0000,291 LAFAYETTE RD,484333,08178-0230-0019-0000,0230-0019-0000,607.624136035559,11,178218,15001.9224882975
Portsmouth,,131,0161-0037-0000,178,27,,11,178-35023,8,CamaID: 0161-0037-0000,589 DENNETT ST,484334,08178-0161-0037-0000,0161-0037-0000,575.286024800203,11,178219,16829.0437063069
Portsmouth,,131,0161-0039-0000,178,27,,11,178-35025,8,CamaID: 0161-0039-0000,555 DENNETT ST,484335,08178-0161-0039-0000,0161-0039-0000,280.237218871512,11,178220,4796.07594358986
Portsmouth,,131,0160-0038-0000,178,27,,11,178-34981,8,CamaID: 0160-0038-0000,36 HUNTERS HILL AVE,484336,08178-0160-0038-0000,0160-0038-0000,743.652314170137,11,178221,29722.9966327169
Portsmouth,70,111,0204-0015-0000,178,11,,11,178-28616,8,CamaID: 0204-0015-0000,6 CURRIERS CV,484337,08178-0204-0015-0000,0204-0015-0000,1773.37897489177,11-70,178222,109510.820728367
Portsmouth,,121,0260-0071-0000,178,20,,11,178-31326,8,CamaID: 0260-0071-0000,283 DECATUR RD,484338,08178-0260-0071-0000,0260-0071-0000,317.422441145682,11,178223,6438.69917308477
Portsmouth,,121,0260-0137-0000,178,20,,11,178-31392,8,CamaID: 0260-0137-0000,7 VICTORY RD,484339,08178-0260-0137-0000,0260-0137-0000,352.159993745521,11,178224,7070.60875273859
Portsmouth,,121,0260-0073-0000,178,20,,11,178-31328,8,CamaID: 0260-0073-0000,34 MASON AVE,484340,08178-0260-0073-0000,0260-0073-0000,361.785425725806,11,178225,8172.56583619464
Portsmouth,,121,0261-0061-0000,178,20,,11,178-31481,8,CamaID: 0261-0061-0000,96 HOLLY LN,484341,08178-0261-0061-0000,0261-0061-0000,438.875706254134,11,178226,12609.6704855732
Portsmouth,,121,0261-0058-0000,178,20,,11,178-31478,8,CamaID: 0261-0058-0000,138 HOLLY LN,484342,08178-0261-0058-0000,0261-0058-0000,444.141793380303,11,178227,11081.612233703
Portsmouth,,103A,0221-0083-0000,178,4,,11,178-29591,8,CamaID: 0221-0083-0000,60 PINEHURST RD,484343,08178-0221-0083-0000,0221-0083-0000,410.865238657425,11,178228,10464.93704292
Portsmouth,,121,0261-0056-0000,178,20,,11,178-31476,8,CamaID: 0261-0056-0000,156 HOLLY LN,484344,08178-0261-0056-0000,0261-0056-0000,557.75879926516,11,178229,20126.712775418
Portsmouth,,121,0260-0064-0000,178,20,,11,178-31319,8,CamaID: 0260-0064-0000,107 MASON AVE,484345,08178-0260-0064-0000,0260-0064-0000,307.759440912408,11,178230,6010.43944903143
Portsmouth,,121,0260-0069-0000,178,20,,11,178-31324,8,CamaID: 0260-0069-0000,29 MASON AVE,484346,08178-0260-0069-0000,0260-0069-0000,366.655780678446,11,178231,8412.74171791561
Portsmouth,,121,0261-0063-0000,178,20,,11,178-31483,8,CamaID: 0261-0063-0000,64 HOLLY LN,484347,08178-0261-0063-0000,0261-0063-0000,373.661624623344,11,178232,8143.86194766955
Portsmouth,,121,0260-0049-0000,178,20,,11,178-31304,8,CamaID: 0260-0049-0000,355 COLONIAL DR,484348,08178-0260-0049-0000,0260-0049-0000,371.400305612129,11,178233,8306.08020291352
Portsmouth,,121,0260-0068-0000,178,20,,11,178-31323,8,CamaID: 0260-0068-0000,43 MASON AVE,484349,08178-0260-0068-0000,0260-0068-0000,390.920297616958,11,178234,9564.00981640555
Portsmouth,,121,0261-0067-0000,178,20,,11,178-31487,8,CamaID: 0261-0067-0000,117 HOLLY LN,484350,08178-0261-0067-0000,0261-0067-0000,382.686360850082,11,178235,9880.89440960099
Portsmouth,,302,0160-0030-0000,178,57,,33,178-38033,8,CamaID: 0160-0030-0000,856 US ROUTE 1 BYP,484351,08178-0160-0030-0000,0160-0030-0000,841.202086657449,33,178236,37231.7139016904
Portsmouth,,131,0161-0044-0000,178,27,,11,178-35028,8,CamaID: 0161-0044-0000,507 DENNETT ST,484352,08178-0161-0044-0000,0161-0044-0000,309.820432922357,11,178237,5971.50348978528
Portsmouth,,131,0161-0045-0000,178,27,,11,178-35029,8,CamaID: 0161-0045-0000,493 DENNETT ST,484353,08178-0161-0045-0000,0161-0045-0000,356.165420768136,11,178238,7689.67683371254
Portsmouth,,131,0160-0027-0000,178,27,,11,178-34972,8,CamaID: 0160-0027-0000,481 DENNETT ST,484354,08178-0160-0027-0000,0160-0027-0000,333.187517380976,11,178239,6817.17527688108
Portsmouth,,204,0160-0031-0000,178,34,,14,178-52246,8,CamaID: 0160-0031-0002,419 DENNETT ST #2,484355,08178-0160-0031-0000,0160-0031-0002,500.186007769406,14,178240,15507.2723722638
Portsmouth,,131,0160-0032-0000,178,27,,11,178-34975,8,CamaID: 0160-0032-0000,405 DENNETT ST,484356,08178-0160-0032-0000,0160-0032-0000,360.014609904696,11,178241,7602.03555804366
Portsmouth,,131,0160-0033-0000,178,27,,11,178-34976,8,CamaID: 0160-0033-0000,397 DENNETT ST,484357,08178-0160-0033-0000,0160-0033-0000,337.643872347057,11,178242,6436.88459380682
Portsmouth,,131,0160-0034-0000,178,27,,11,178-34977,8,CamaID: 0160-0034-0000,383 DENNETT ST,484358,08178-0160-0034-0000,0160-0034-0000,338.952327168511,11,178243,6575.16113627914
Portsmouth,,131,0160-0035-0000,178,27,,11,178-34978,8,CamaID: 0160-0035-0000,369 DENNETT ST,484359,08178-0160-0035-0000,0160-0035-0000,376.210099977078,11,178244,6877.65895894412
Portsmouth,,131,0160-0036-0000,178,27,,11,178-34979,8,CamaID: 0160-0036-0000,361 DENNETT ST,484360,08178-0160-0036-0000,0160-0036-0000,401.289648518347,11,178245,9723.57110239003
Portsmouth,,131,0143-0016-0000,178,27,,22,178-34315,8,CamaID: 0143-0016-0000,RUTH ST,484361,08178-0143-0016-0000,0143-0016-0000,531.264727403406,22,178246,16800.2248702992
Portsmouth,,129,0163-0016-0000,178,25,,11,178-35109,8,CamaID: 0163-0016-0000,51 MORNING ST,484362,08178-0163-0016-0000,0163-0016-0000,236.404268897319,11,178247,3329.66688796843
Portsmouth,,129,0163-0017-0000,178,25,,12,178-35110,8,CamaID: 0163-0017-0000,39 MORNING ST,484363,08178-0163-0017-0000,0163-0017-0000,238.637365030089,12,178248,3510.9221858066
Portsmouth,,207,0163-0019-0000,178,37,,14,178-51944,8,CamaID: 0163-0019-0002,25 MORNING ST #B,484364,08178-0163-0019-0000,0163-0019-0002,260.429533718776,14,178249,4068.03528795911
Portsmouth,,131,0163-0010-0000,178,27,,11,178-35103,8,CamaID: 0163-0010-0000,20 WOODBURY AVE,484365,08178-0163-0010-0000,0163-0010-0000,180.305533907092,11,178250,1649.44479377804
Portsmouth,,131,0160-0005-0000,178,27,,11,178-34951,8,CamaID: 0160-0005-0000,25 SPARHAWK ST,484366,08178-0160-0005-0000,0160-0005-0000,353.330999266236,11,178251,6929.03575233834
Portsmouth,,131,0160-0006-0000,178,27,,11,178-34952,8,CamaID: 0160-0006-0000,29 SPARHAWK ST,484367,08178-0160-0006-0000,0160-0006-0000,287.673669968234,11,178252,4831.00032805213
Portsmouth,,131,0160-0015-0000,178,27,,11,178-34961,8,CamaID: 0160-0015-0000,416 DENNETT ST,484368,08178-0160-0015-0000,0160-0015-0000,377.308858142093,11,178253,8213.22196084933
Portsmouth,,131,0160-0014-0000,178,27,,11,178-34960,8,CamaID: 0160-0014-0000,406 DENNETT ST,484369,08178-0160-0014-0000,0160-0014-0000,223.290894236051,11,178254,3110.7757077491
Portsmouth,,131,0160-0013-0000,178,27,,11,178-34959,8,CamaID: 0160-0013-0000,26 SPARHAWK ST,484370,08178-0160-0013-0000,0160-0013-0000,233.039490719694,11,178255,3378.97508317999
Portsmouth,,113,0224-0010-0040,178,13,,11,178-35446,8,CamaID: 0224-0010-0040,49 ODIORNE POINT RD,484371,08178-0224-0010-0040,0224-0010-0040,1652.65056961316,11,178256,79306.799328826
Portsmouth,,133,0224-0015-0000,178,29,,11,178-29979,8,CamaID: 0224-0015-0000,1171 SAGAMORE AVE,484372,08178-0224-0015-0000,0224-0015-0000,945.353640908252,11,178257,48409.6515836858
Portsmouth,70,113,0224-0010-0004,178,13,,11,178-35445,8,CamaID: 0224-0010-0004,68 ODIORNE POINT RD,484373,08178-0224-0010-0004,0224-0010-0004,1072.37154242317,11-70,178258,58031.9902068882
Portsmouth,70,113,0224-0010-0002,178,13,,11,178-35430,8,CamaID: 0224-0010-0002,26 ODIORNE POINT RD,484374,08178-0224-0010-0002,0224-0010-0002,1397.89263517559,11-70,178259,68381.968819947
Portsmouth,70,113,0224-0010-0003,178,13,,11,178-35435,8,CamaID: 0224-0010-0003,50 ODIORNE POINT RD,484375,08178-0224-0010-0003,0224-0010-0003,1058.86560977559,11-70,178260,46621.9878129216
Portsmouth,,305,0117-0004-0000,178,60,,33,178-37330,8,CamaID: 0117-0004-0000,29 VAUGHAN MALL,484376,08178-0117-0004-0000,0117-0004-0000,373.228682405009,33,178261,7304.53194479704
Portsmouth,,305,0117-0042-0000,178,60,,57,178-37361,8,CamaID: 0117-0042-0000,70 CONGRESS ST,484377,08178-0117-0042-0000,0117-0042-0000,144.011142506906,57,178262,945.112109449082
Portsmouth,,305,0117-0041-0000,178,60,,44,178-37357,8,CamaID: 0117-041E-0000,78 FLEET ST,484378,08178-0117-0041-0000,0117-041E-0000,415.35169026495,44,178263,7257.34749347157
Portsmouth,,305,0117-0008-0000,178,60,,33,178-37368,8,CamaID: 0117-0008-0000,175 FLEET ST,484379,08178-0117-0008-0000,0117-0008-0000,255.870722784724,33,178264,4082.58332130528
Portsmouth,,101,0102-0002-0000,178,2,,11,178-32880,8,CamaID: 0102-0002-0000,11 PICKERING ST,484380,08178-0102-0002-0000,0102-0002-0000,180.054047467066,11,178265,1909.5508470804
Portsmouth,,204,0102-0075-0000,178,34,,14,178-32955,8,CamaID: 0102-0075-0001,306 MARCY ST #1,484381,08178-0102-0075-0000,0102-0075-0001,315.66989746672,14,178266,6065.23691337271
Portsmouth,,102,0102-0077-0000,178,3,,11,178-32947,8,CamaID: 0102-0077-0000,12 MEETING HOUSE HILL RD,484382,08178-0102-0077-0000,0102-0077-0000,244.850734008381,11,178267,2333.47789364564
Portsmouth,,204,0102-0072-0000,178,34,,14,178-32953,8,CamaID: 0102-0072-0001,445 PLEASANT ST #1,484383,08178-0102-0072-0000,0102-0072-0001,372.600506826385,14,178268,6585.00322169227
Portsmouth,,104,0166-0044-0000,178,6,,11,178-35177,8,CamaID: 0166-0044-0000,105 THAXTER RD,484384,08178-0166-0044-0000,0166-0044-0000,303.545762336121,11,178269,5192.98346413407
Portsmouth,,104,0153-0026-0000,178,6,,11,178-34822,8,CamaID: 0153-0026-0000,204 ALDRICH RD,484385,08178-0153-0026-0000,0153-0026-0000,333.926798692384,11,178270,5846.30339250142
Portsmouth,,104,0166-0013-0000,178,6,,11,178-35147,8,CamaID: 0166-0013-0000,266 ALDRICH RD,484386,08178-0166-0013-0000,0166-0013-0000,304.39932203865,11,178271,5074.63320592147
Portsmouth,,104,0166-0043-0000,178,6,,11,178-35176,8,CamaID: 0166-0043-0000,93 THAXTER RD,484387,08178-0166-0043-0000,0166-0043-0000,298.99917220383,11,178272,4951.69393370173
Portsmouth,,104,0166-0014-0000,178,6,,11,178-35148,8,CamaID: 0166-0014-0000,276 ALDRICH RD,484388,08178-0166-0014-0000,0166-0014-0000,298.072978750779,11,178273,4881.29969515032
Portsmouth,,104,0166-0042-0000,178,6,,11,178-35175,8,CamaID: 0166-0042-0000,83 THAXTER RD,484389,08178-0166-0042-0000,0166-0042-0000,302.283599331251,11,178274,5101.77165459913
Portsmouth,,302,0171-0015-0000,178,57,,33,178-37660,8,CamaID: 0171-0015-0000,999 ISLINGTON ST,484390,08178-0171-0015-0000,0171-0015-0000,692.502097312378,33,178275,27705.6866008486
Portsmouth,,204,0171-0001-0000,178,34,,14,178-38857,8,CamaID: 0171-0001-0001,962 ISLINGTON ST #1,484391,08178-0171-0001-0000,0171-0001-0001,447.329127535639,14,178276,11628.9848699842
Portsmouth,,301,0233-0139-0000,178,56,,27,178-35501,8,CamaID: 0233-0139-0000,FOCH AVE,484392,08178-0233-0139-0000,0233-0139-0000,334.701122172912,27,178277,4887.45466058164
Portsmouth,,104,0166-0041-0000,178,6,,11,178-35174,8,CamaID: 0166-0041-0000,73 THAXTER RD,484393,08178-0166-0041-0000,0166-0041-0000,300.634371035444,11,178278,5004.24347045234
Portsmouth,,104,0166-0045-0000,178,6,,11,178-35178,8,CamaID: 0166-0045-0000,286 ALDRICH RD,484394,08178-0166-0045-0000,0166-0045-0000,290.042784110887,11,178279,4474.71682438907
Portsmouth,,104,0166-0038-0000,178,6,,11,178-35171,8,CamaID: 0166-0038-0000,954 ISLINGTON ST,484395,08178-0166-0038-0000,0166-0038-0000,372.284677201263,11,178280,7843.58337829675
Portsmouth,,104,0166-0040-0000,178,6,,11,178-35173,8,CamaID: 0166-0040-0000,63 THAXTER RD,484396,08178-0166-0040-0000,0166-0040-0000,343.86278058102,11,178281,7160.5892943853
Portsmouth,,104,0166-0008-0000,178,6,,11,178-35142,8,CamaID: 0166-0008-0000,261 ALDRICH RD,484397,08178-0166-0008-0000,0166-0008-0000,429.74269811399,11,178282,9401.14705009501
Portsmouth,,104,0166-0039-0000,178,6,,11,178-35172,8,CamaID: 0166-0039-0000,27 THAXTER RD,484398,08178-0166-0039-0000,0166-0039-0000,462.767612381071,11,178283,12785.1906121367
Portsmouth,,302,0172-0008-0000,178,57,,33,178-37652,8,CamaID: 0172-0008-0000,951 ISLINGTON ST,484399,08178-0172-0008-0000,0172-0008-0000,571.668985159019,33,178284,19999.8711342887
Portsmouth,,104,0166-0009-0000,178,6,,11,178-35143,8,CamaID: 0166-0009-0000,245 ALDRICH RD,484400,08178-0166-0009-0000,0166-0009-0000,434.653150897496,11,178285,8597.35792748864
Portsmouth,,104,0166-0007-0000,178,6,,11,178-35141,8,CamaID: 0166-0007-0000,277 ALDRICH RD,484401,08178-0166-0007-0000,0166-0007-0000,440.341418389674,11,178286,11000.3466512201
Portsmouth,,104,0153-0028-0000,178,6,,11,178-34824,8,CamaID: 0153-0028-0000,213 ALDRICH RD,484402,08178-0153-0028-0000,0153-0028-0000,447.402606525512,11,178287,8847.01319048451
Portsmouth,,104,0166-0052-0000,178,6,,11,178-38037,8,CamaID: 0166-0052-0000,17 THAXTER RD,484403,08178-0166-0052-0000,0166-0052-0000,409.559158758483,11,178288,10393.2372295647
Portsmouth,,104,0153-0028-0001,178,6,,22,178-34840,8,CamaID: 0153-0028-0001,ALDRICH RD,484404,08178-0153-0028-0001,0153-0028-0001,448.816674949792,22,178289,8563.14986428018
Portsmouth,,301,0233-0145-0000,178,56,,27,178-35502,8,CamaID: 0233-0145-0000,US ROUTE 1 BYP,484405,08178-0233-0145-0000,0233-0145-0000,1371.73779333125,27,178290,118861.561085474
Portsmouth,,103A,0113-0028-0001,178,4,,11,178-52970,8,CamaID: 0113-0028-0001,27 ELWYN AVE,484406,08178-0113-0028-0001,0113-0028-0001,299.860304568741,11,178291,4995.28293726065
Portsmouth,,304,0114-0001-0000,178,59,,27,178-37729,8,CamaID: 0114-0001-0000,JUNKINS AVE,484407,08178-0114-0001-0000,0114-0001-0000,5985.83481076548,27,178292,622520.154681239
Portsmouth,,304,0135-0041-0000,178,59,,57,178-34049,8,CamaID: 0135-0041-0000,476 MIDDLE ST,484408,08178-0135-0041-0000,0135-0041-0000,274.676728582167,57,178293,4218.6769446663
Portsmouth,,304,0135-0042-0000,178,59,,57,178-34050,8,CamaID: 0135-0042-0000,462 MIDDLE ST,484409,08178-0135-0042-0000,0135-0042-0000,404.203579462734,57,178294,6249.700336074
Portsmouth,,105,0135-0071-0000,178,7,,12,178-34078,8,CamaID: 0135-0071-0000,233 UNION ST,484410,08178-0135-0071-0000,0135-0071-0000,265.098856780276,12,178295,3687.45603390693
Portsmouth,,105,0135-0035-0000,178,7,,11,178-34043,8,CamaID: 0135-0035-0000,85 MADISON ST,484411,08178-0135-0035-0000,0135-0035-0000,284.678541959989,11,178296,4087.69729154843
Portsmouth,,105,0135-0034-0000,178,7,,11,178-34042,8,CamaID: 0135-0034-0000,97 MADISON ST,484412,08178-0135-0034-0000,0135-0034-0000,269.44548790282,11,178297,4227.70473524836
Portsmouth,,105,0135-0033-0000,178,7,,12,178-50137,8,CamaID: 0135-0033-0000,306 AUSTIN ST,484413,08178-0135-0033-0000,0135-0033-0000,214.175584851882,12,178298,2863.90866042925
Portsmouth,,105,0135-0032-0000,178,7,,11,178-34041,8,CamaID: 0135-0032-0000,292 AUSTIN ST,484414,08178-0135-0032-0000,0135-0032-0000,316.776810533304,11,178299,3624.52725079941
Portsmouth,,204,0135-0070-0000,178,34,,14,178-53677,8,CamaID: 0135-0070-0304,211 UNION ST #304,484415,08178-0135-0070-0000,0135-0070-0304,509.484478277607,14,178300,15754.6430392652
Portsmouth,,105,0145-0055-0000,178,7,,11,178-34417,8,CamaID: 0145-0055-0000,141 MADISON ST,484416,08178-0145-0055-0000,0145-0055-0000,239.969275538256,11,178301,3458.11612677787
Portsmouth,,105,0135-0069-0000,178,7,,11,178-34077,8,CamaID: 0135-0069-0000,199 UNION ST,484417,08178-0135-0069-0000,0135-0069-0000,342.584635999341,11,178302,6204.66362686927
Portsmouth,,105,0135-0068-0000,178,7,,11,178-34076,8,CamaID: 0135-0068-0000,187 UNION ST,484418,08178-0135-0068-0000,0135-0068-0000,308.726117791074,11,178303,5247.97842607854
Portsmouth,,105,0135-0031-0000,178,7,,11,178-34040,8,CamaID: 0135-0031-0000,274 AUSTIN ST,484419,08178-0135-0031-0000,0135-0031-0000,216.177641653062,11,178304,1205.96207907609
Portsmouth,,105,0135-0067-0000,178,7,,12,178-34075,8,CamaID: 0135-0067-0000,179 UNION ST,484420,08178-0135-0067-0000,0135-0067-0000,207.088008466658,12,178305,2570.71193695442
Portsmouth,,105,0135-0066-0000,178,7,,12,178-34074,8,CamaID: 0135-0066-0000,171 UNION ST,484421,08178-0135-0066-0000,0135-0066-0000,174.911404579287,12,178306,1648.49872128078
Portsmouth,,105,0145-0054-0000,178,7,,11,178-34416,8,CamaID: 0145-0054-0000,159 MADISON ST,484422,08178-0145-0054-0000,0145-0054-0000,275.431416881775,11,178307,4507.59253841201
Portsmouth,,105,0135-0054-0000,178,7,,11,178-34062,8,CamaID: 0135-0054-0000,30 COFFINS CT,484423,08178-0135-0054-0000,0135-0054-0000,293.243853225672,11,178308,3750.8931772427
Portsmouth,,301,0253-0011-0000,178,56,,23,178-35698,8,CamaID: 0253-0011-0000,MIRONA RD,484424,08178-0253-0011-0000,0253-0011-0000,2144.06200889647,23,178309,134832.085608656
Portsmouth,,301,0244-0009-0000,178,56,,33,178-35655,8,CamaID: 0244-0009-0000,535 PEVERLY HILL RD,484425,08178-0244-0009-0000,0244-0009-0000,813.310025948064,33,178310,38276.3266388663
Portsmouth,,125,0243-0012-0000,178,22,,11,178-30765,8,CamaID: 0243-0012-0000,465 PEVERLY HILL RD,484426,08178-0243-0012-0000,0243-0012-0000,431.976079147809,11,178311,10348.1521444139
Portsmouth,,125,0243-0011-0000,178,22,,11,178-30764,8,CamaID: 0243-0011-0000,451 PEVERLY HILL RD,484427,08178-0243-0011-0000,0243-0011-0000,386.803814632943,11,178312,8365.59150029067
Portsmouth,,125,0243-0010-0000,178,22,,11,178-30763,8,CamaID: 0243-0010-0000,437 PEVERLY HILL RD,484428,08178-0243-0010-0000,0243-0010-0000,393.158531602118,11,178313,8861.19249122463
Portsmouth,,302,0244-0001-0000,178,57,,60,178-35648,8,CamaID: 0244-0001-0000,940 LAFAYETTE RD,484429,08178-0244-0001-0000,0244-0001-0000,2078.61049176436,60,178314,153593.59618687
Portsmouth,,302,0245-0002-0000,178,57,,33,178-35659,8,CamaID: 0245-0002-0000,803 LAFAYETTE RD,484430,08178-0245-0002-0000,0245-0002-0000,540.87541767478,33,178315,15310.5061108655
Portsmouth,,302,0244-0005-0000,178,57,,33,178-35651,8,CamaID: 0244-0005-0000,800 LAFAYETTE RD,484431,08178-0244-0005-0000,0244-0005-0000,679.411453172191,33,178316,27855.0236726281
Portsmouth,,302,0244-0006-0000,178,57,,33,178-35652,8,CamaID: 0244-0006-0000,766 LAFAYETTE RD,484432,08178-0244-0006-0000,0244-0006-0000,672.519934449122,33,178317,27749.4332260147
Portsmouth,,,0240-0002-0002,178,,,,,,,,484433,08178-0240-0002-0002,,2045.39010548121,,178318,217258.486290036
Portsmouth,,123,0241-0024-0000,178,21,,11,178-30755,8,CamaID: 0241-0024-0000,1549 ISLINGTON ST,484434,08178-0241-0024-0000,0241-0024-0000,1586.04926709035,11,178319,127710.930629038
Portsmouth,,301,0240-0002-2001,178,56,,27,178-35557,8,CamaID: 0240-0002-2001,BORTHWICK AVE,484435,08178-0240-0002-2001,0240-0002-2001,2876.70631019417,27,178320,416046.801377262
Portsmouth,,301,0240-0002-0001,178,56,,33,178-35555,8,CamaID: 0240-0002-0001,333 BORTHWICK AVE,484436,08178-0240-0002-0001,0240-0002-0001,4467.15732421364,33,178321,855235.00927671
Portsmouth,,301,0241-0025-0001,178,56,,33,178-54197,8,CamaID: 0241-0025-0001,100 EILEEN DONDERO FOLEY AVE,484437,08178-0241-0025-0001,0241-0025-0001,2151.25381292173,33,178322,231622.416656294
Portsmouth,,302,0253-0014-0000,178,57,,33,178-35701,8,CamaID: 0253-0014-0000,980 LAFAYETTE RD,484438,08178-0253-0014-0000,0253-0014-0000,1105.45130550686,33,178323,51094.8074962786
Portsmouth,,301,0259-0014-0000,178,56,,34,178-35732,8,CamaID: 0259-0014-0000,1 HIGH LINER AVE,484439,08178-0259-0014-0000,0259-0014-0000,3392.07408891364,34,178324,675478.639444332
Portsmouth,,121,0260-0151-0000,178,20,,11,178-31405,8,CamaID: 0260-0151-0000,170 COLONIAL DR,484440,08178-0260-0151-0000,0260-0151-0000,384.715719797592,11,178325,8100.76713114083
Portsmouth,,121,0260-0150-0000,178,20,,11,178-31404,8,CamaID: 0260-0150-0000,182 COLONIAL DR,484441,08178-0260-0150-0000,0260-0150-0000,393.438116513185,11,178326,8656.59813606936
Portsmouth,,121,0260-0149-0000,178,20,,11,178-31403,8,CamaID: 0260-0149-0000,196 COLONIAL DR,484442,08178-0260-0149-0000,0260-0149-0000,390.775947869304,11,178327,8471.82320488822
Portsmouth,,121,0260-0148-0000,178,20,,11,178-31402,8,CamaID: 0260-0148-0000,208 COLONIAL DR,484443,08178-0260-0148-0000,0260-0148-0000,391.383414586178,11,178328,8501.12122992522
Portsmouth,,121,0260-0147-0000,178,20,,11,178-31401,8,CamaID: 0260-0147-0000,222 COLONIAL DR,484444,08178-0260-0147-0000,0260-0147-0000,392.364299135897,11,178329,8554.93635258828
Portsmouth,,121,0260-0146-0000,178,20,,11,178-31400,8,CamaID: 0260-0146-0000,234 COLONIAL DR,484445,08178-0260-0146-0000,0260-0146-0000,391.536057517923,11,178330,8490.65433877019
Portsmouth,,121,0260-0145-0000,178,20,,11,178-31399,8,CamaID: 0260-0145-0000,14 WORTHEN RD,484446,08178-0260-0145-0000,0260-0145-0000,379.943745451378,11,178331,8623.17880628966
Portsmouth,,121,0261-0003-0000,178,20,,11,178-31425,8,CamaID: 0261-0003-0000,282 SHERBURNE RD,484447,08178-0261-0003-0000,0261-0003-0000,671.837713639751,11,178332,24404.788666795
Portsmouth,,121,0260-0015-0000,178,20,,11,178-31270,8,CamaID: 0260-0015-0000,711 COLONIAL DR,484448,08178-0260-0015-0000,0260-0015-0000,321.260608948684,11,178333,6424.6760982486
Portsmouth,,121,0261-0001-0000,178,20,,11,178-31423,8,CamaID: 0261-0001-0000,234 SHERBURNE RD,484449,08178-0261-0001-0000,0261-0001-0000,527.485468207168,11,178334,16925.0091560707
Portsmouth,,305A,0165-0004-0000,178,61,,44,178-38589,8,CamaID: 0165-0004-A100,871 ISLINGTON ST #A100,484450,08178-0165-0004-0000,0165-0004-A100,934.446410228662,44,178335,41133.7046659101
Portsmouth,,301,0163-0035-0000,178,56,,44,178-37622,8,CamaID: 0163-0035-0001,1 CATE ST #1,484451,08178-0163-0035-0000,0163-0035-0001,1286.31638859209,44,178336,63764.1150557598
Portsmouth,,129,0163-0028-0000,178,25,,11,178-35121,8,CamaID: 0163-0028-0000,40 COTTAGE ST,484452,08178-0163-0028-0000,0163-0028-0000,580.598740399745,11,178337,11793.0269246617
Portsmouth,,129,0163-0027-0000,178,25,,11,178-35120,8,CamaID: 0163-0027-0000,32 COTTAGE ST,484453,08178-0163-0027-0000,0163-0027-0000,615.561730287499,11,178338,12506.2682575249
Portsmouth,,129,0174-0017-0000,178,25,,11,178-35277,8,CamaID: 0174-0017-0000,81 COTTAGE ST,484454,08178-0174-0017-0000,0174-0017-0000,543.899457269157,11,178339,17240.6828935163
Portsmouth,,129,0163-0026-0000,178,25,,11,178-35119,8,CamaID: 0163-0026-0000,22 COTTAGE ST,484455,08178-0163-0026-0000,0163-0026-0000,675.263899525659,11,178340,12851.682494943
Portsmouth,,129,0163-0015-0000,178,25,,11,178-35108,8,CamaID: 0163-0015-0000,87 MORNING ST,484456,08178-0163-0015-0000,0163-0015-0000,370.019037310933,11,178341,8079.71848421868
Portsmouth,,131,0163-0023-0000,178,27,,12,178-35116,8,CamaID: 0163-0023-0000,62 WOODBURY AVE,484457,08178-0163-0023-0000,0163-0023-0000,325.559195973961,12,178342,5966.05952727552
Portsmouth,,131,0163-0025-0000,178,27,,11,178-35118,8,CamaID: 0163-0025-0000,82 WOODBURY AVE,484458,08178-0163-0025-0000,0163-0025-0000,302.752153039907,11,178343,5052.74934119242
Portsmouth,,129,0174-0010-0000,178,25,,11,178-35272,8,CamaID: 0174-0010-0000,9 GARDEN ST,484459,08178-0174-0010-0000,0174-0010-0000,572.409376544264,11,178344,20196.8709614387
Portsmouth,,105,0135-0053-0000,178,7,,11,178-34061,8,CamaID: 0135-0053-0000,20 COFFINS CT,484460,08178-0135-0053-0000,0135-0053-0000,180.624268650316,11,178345,2012.74956786732
Portsmouth,,105,0145-0053-0000,178,7,,11,178-34415,8,CamaID: 0145-0053-0000,169 MADISON ST,484461,08178-0145-0053-0000,0145-0053-0000,275.216186060323,11,178346,3312.66186784912
Portsmouth,,105,0135-0064-0000,178,7,,12,178-34072,8,CamaID: 0135-0064-0000,256 AUSTIN ST,484462,08178-0135-0064-0000,0135-0064-0000,201.631098592318,12,178347,2538.87482592422
Portsmouth,,105,0135-0065-0000,178,7,,11,178-34073,8,CamaID: 0135-0065-0000,165 UNION ST,484463,08178-0135-0065-0000,0135-0065-0000,340.091229953664,11,178348,4174.81640647009
Portsmouth,,105,0145-0052-0000,178,7,,11,178-34414,8,CamaID: 0145-0052-0000,173 MADISON ST,484464,08178-0145-0052-0000,0145-0052-0000,276.724240947013,11,178349,3440.73887702918
Portsmouth,,105,0135-0052-0000,178,7,,11,178-34060,8,CamaID: 0135-0052-0000,68 CABOT ST,484465,08178-0135-0052-0000,0135-0052-0000,287.911761745133,11,178350,4696.00358294719
Portsmouth,,105,0135-0061-0000,178,7,,11,178-34069,8,CamaID: 0135-0061-0000,238 AUSTIN ST,484466,08178-0135-0061-0000,0135-0061-0000,486.469557701596,11,178351,6573.68172492333
Portsmouth,,204,0145-0051-0000,178,34,,14,178-34467,8,CamaID: 0145-0051-0003,185 MADISON ST #3,484467,08178-0145-0051-0000,0145-0051-0003,378.284543516336,14,178352,8847.43779569223
Portsmouth,,204,0138-0057-0000,178,34,,14,178-54313,8,CamaID: 0138-0057-0001,95 BREWSTER ST #1,484468,08178-0138-0057-0000,0138-0057-0001,467.578532797635,14,178353,11169.4657462685
Portsmouth,,104,0152-0037-0000,178,6,,11,178-34781,8,CamaID: 0152-0037-0000,303 THAXTER RD,484469,08178-0152-0037-0000,0152-0037-0000,414.842298312025,11,178354,9447.56157188053
Portsmouth,,301,0267-0006-0000,178,56,,57,178-35840,8,CamaID: 0267-0006-0000,2000 LAFAYETTE RD,484470,08178-0267-0006-0000,0267-0006-0000,1385.94052211569,57,178355,98945.0826057533
Portsmouth,,301,0267-0012-0000,178,56,,34,178-35826,8,CamaID: 0267-0012-0000,255 WEST RD,484471,08178-0267-0012-0000,0267-0012-0000,1408.32705149523,34,178356,100558.09467486
Portsmouth,,301,0267-0011-0000,178,56,,44,178-35829,8,CamaID: 0267-0011-0003,235 WEST RD #3,484472,08178-0267-0011-0000,0267-0011-0003,1404.12820143791,44,178357,99982.7171139867
Portsmouth,,301,0267-0010-0000,178,56,,34,178-35838,8,CamaID: 0267-0010-0000,215 WEST RD,484473,08178-0267-0010-0000,0267-0010-0000,1402.53739703845,34,178358,100098.195620899
Portsmouth,,301,0267-0009-0000,178,56,,34,178-35839,8,CamaID: 0267-0009-0000,195 WEST RD,484474,08178-0267-0009-0000,0267-0009-0000,1363.80217161646,34,178359,96090.0026675689
Portsmouth,,307,0309-0003-0000,178,63,,45,178-37935,8,CamaID: 0309-0003-0002,203 FLIGHT LINE RD,484475,08178-0309-0003-0000,0309-0003-0002,606.011107367947,45,178360,14942.6929192809
Portsmouth,,307,0309-0002-0000,178,63,,45,178-37944,8,CamaID: 0309-0002-0007,201 FLIGHT LINE RD,484476,08178-0309-0002-0000,0309-0002-0007,566.762480840428,45,178361,11934.7259088467
Portsmouth,,307,0309-0006-0000,178,63,,45,178-38104,8,CamaID: 0309-0006-0001,200 FLIGHT LINE RD #1,484477,08178-0309-0006-0000,0309-0006-0001,885.160406994217,45,178362,18765.9294045766
Portsmouth,,,0163-0000-0000,178,,,,,,,,484478,08178-0163-0000-0000,,104.521676242415,,178363,379.231099824416
Portsmouth,,129,0163-0018-0000,178,25,,11,178-35111,8,CamaID: 0163-0018-0000,29 MORNING ST,484479,08178-0163-0018-0000,0163-0018-0000,163.383132157814,11,178364,1658.41570350964
Portsmouth,,103B,0128-0007-0000,178,5,,11,178-33697,8,CamaID: 0128-0007-0000,83 RICHARDS AVE,484480,08178-0128-0007-0000,0128-0007-0000,150.66456413698,11,178365,1344.52606048321
Portsmouth,,103B,0128-0008-0000,178,5,,12,178-33698,8,CamaID: 0128-0008-0000,87 RICHARDS AVE,484481,08178-0128-0008-0000,0128-0008-0000,254.20872259552,12,178366,3734.34135935587
Portsmouth,,103B,0128-0006-0000,178,5,,11,178-33696,8,CamaID: 0128-0006-0000,79 RICHARDS AVE,484482,08178-0128-0006-0000,0128-0006-0000,196.406163353189,11,178367,2400.1878768435
Portsmouth,,103B,0128-0009-0000,178,5,,11,178-33699,8,CamaID: 0128-0009-0000,97 RICHARDS AVE,484483,08178-0128-0009-0000,0128-0009-0000,250.468034240982,11,178368,2998.66916024532
Portsmouth,,307,0307-0000-0000,178,63,,57,178-38349,8,CamaID: 0307-0000-0000,EXETER ST,484484,08178-0307-0000-0000,0307-0000-0000,2067.47617122595,57,178369,261583.192990707
Portsmouth,,301,0273-0002-0004,178,56,,24,178-35875,8,CamaID: 0273-0002-0004,CONSTITUTION AVE,484485,08178-0273-0002-0004,0273-0002-0004,1373.3836151428,24,178370,78867.2793986169
Portsmouth,,302,0273-0001-0000,178,57,,57,178-35867,8,CamaID: 0273-0001-0000,2458 LAFAYETTE RD,484486,08178-0273-0001-0000,0273-0001-0000,1471.29777676105,57,178371,125979.542943686
Portsmouth,,307,0319-0004-0000,178,63,,44,178-37914,8,CamaID: 0319-0004-0000,16 PEASE BLVD,484487,08178-0319-0004-0000,0319-0004-0000,182.770966534182,44,178372,1681.83833304076
Portsmouth,,307,0317-0003-0000,178,63,,57,178-37909,8,CamaID: 0317-0003-0000,53 DURHAM ST,484488,08178-0317-0003-0000,0317-0003-0000,298.549741486874,57,178373,4056.75550811607
Portsmouth,,104,0168-0001-0000,178,6,,11,178-35195,8,CamaID: 0168-0001-0000,200 MONROE ST EXT,484489,08178-0168-0001-0000,0168-0001-0000,384.487191505575,11,178374,8124.25247864651
Portsmouth,,131,0159-0030-0000,178,27,,11,178-34925,8,CamaID: 0159-0030-0000,108 BURKITT ST,484490,08178-0159-0030-0000,0159-0030-0000,306.522816895766,11,178375,5154.60959406151
Portsmouth,,131,0159-0028-0000,178,27,,11,178-34923,8,CamaID: 0159-0028-0000,126 BURKITT ST,484491,08178-0159-0028-0000,0159-0028-0000,297.046793356569,11,178376,4974.51644957853
Portsmouth,,131,0159-0029-0000,178,27,,12,178-34924,8,CamaID: 0159-0029-0000,122 BURKITT ST,484492,08178-0159-0029-0000,0159-0029-0000,405.206452436453,12,178377,10252.4392189404
Portsmouth,,130,0212-0076-0000,178,26,,11,178-28907,8,CamaID: 0212-0076-0000,214 CONCORD WAY,484493,08178-0212-0076-0000,0212-0076-0000,244.5865381415,11,178378,3506.75698760805
Portsmouth,,123,0241-0027-0000,178,21,,11,178-51264,8,CamaID: 0241-0027-0000,1752 ISLINGTON ST,484494,08178-0241-0027-0000,0241-0027-0000,575.533794785175,11,178379,17400.0384479399
Portsmouth,,123,0241-0014-0000,178,21,,11,178-30748,8,CamaID: 0241-0014-0000,1736 ISLINGTON ST,484495,08178-0241-0014-0000,0241-0014-0000,606.795945642305,11,178380,20474.1238529495
Portsmouth,,114,0247-0084-0000,178,14,,11,178-30899,8,CamaID: 0247-0084-0000,75 TAFT RD,484496,08178-0247-0084-0000,0247-0084-0000,515.872084926446,11,178381,14470.401964327
Portsmouth,,114,0247-0085-0000,178,14,,11,178-30900,8,CamaID: 0247-0085-0000,77 TAFT RD,484497,08178-0247-0085-0000,0247-0085-0000,569.599976703429,11,178382,14999.9437075494
Portsmouth,,133,0247-0089-0000,178,29,,11,178-30904,8,CamaID: 0247-0089-0000,220 ELWYN RD,484498,08178-0247-0089-0000,0247-0089-0000,602.418323900068,11,178383,20207.3877375449
Portsmouth,,130,0212-0188-0000,178,26,,11,178-51188,8,CamaID: 0212-0188-0000,33 LAUREL COURT,484499,08178-0212-0188-0000,0212-0188-0000,331.15640554945,11,178384,7049.40600431846
Portsmouth,,129,0236-0053-0000,178,25,,11,178-30604,8,CamaID: 0236-0053-0000,890 WOODBURY AVE,484500,08178-0236-0053-0000,0236-0053-0000,404.113364797238,11,178385,9499.4864286724
Portsmouth,,129,0236-0080-0000,178,25,,11,178-51385,8,CamaID: 0236-0080-0000,86 MEADOW RD,484501,08178-0236-0080-0000,0236-0080-0000,349.560401030188,11,178386,7471.51786007146
Portsmouth,,103B,0221-0096-0000,178,5,,22,178-51444,8,CamaID: 0221-0096-0000,475 BROAD ST,484502,08178-0221-0096-0000,0221-0096-0000,317.019721793977,22,178387,5946.32503001019
Portsmouth,,103B,0221-0042-0000,178,5,,11,178-29550,8,CamaID: 0221-0042-0000,457 BROAD ST,484503,08178-0221-0042-0000,0221-0042-0000,315.533738039084,11,178388,5874.18243191842
Portsmouth,,103A,0112-0007-0000,178,4,,12,178-33283,8,CamaID: 0112-0007-0000,442 RICHARDS AVE,484504,08178-0112-0007-0000,0112-0007-0000,349.067147882449,12,178389,6033.23492127731
Portsmouth,,204,0112-0006-0000,178,34,,14,178-53286,8,CamaID: 0112-0006-0004,460  RICHARDS AVE  #4,484505,08178-0112-0006-0000,0112-0006-0004,457.269590967781,14,178390,12834.7661522357
Portsmouth,,130,0212-0192-0000,178,26,,11,178-51424,8,CamaID: 0212-0192-0000,48 RALEIGH WAY,484506,08178-0212-0192-0000,0212-0192-0000,224.9741587681,11,178391,2217.85818316434
Portsmouth,,130,0212-0020-0000,178,26,,11,178-28856,8,CamaID: 0212-0020-0000,50 RALEIGH WAY,484507,08178-0212-0020-0000,0212-0020-0000,210.871199987873,11,178392,1912.58648122963
Portsmouth,,111,0222-0002-0000,178,11,,11,178-29600,8,CamaID: 0222-0002-0000,86 WALKER BUNGALOW RD,484508,08178-0222-0002-0000,0222-0002-0000,607.181490443301,11,178393,21345.3247411686
Portsmouth,,103A,0129-0040-0000,178,4,,11,178-33735,8,CamaID: 0129-0040-0000,165 RICHARDS AVE,484509,08178-0129-0040-0000,0129-0040-0000,300.53626759578,11,178394,4992.23416345586
Portsmouth,,129,0220-0087-0000,178,25,,11,178-29495,8,CamaID: 0220-0087-0000,261 MYRTLE AVE,484510,08178-0220-0087-0000,0220-0087-0000,664.476419883002,11,178395,21473.7494827715
Portsmouth,,302,0230-023A-0000,178,57,,57,178-35469,8,CamaID: 0230-023A-0000,413 LAFAYETTE RD,484511,08178-0230-023A-0000,0230-023A-0000,743.66588709714,57,178396,31890.0528823661
Portsmouth,,125,0232-0082-0000,178,22,,11,178-30227,8,CamaID: 0232-0082-0000,23 LEAVITT AVE,484512,08178-0232-0082-0000,0232-0082-0000,373.300526293958,11,178397,7358.19575050466
Portsmouth,,128,0210-0004-0000,178,24,,11,178-28812,8,CamaID: 0210-0004-0000,393 CUTTS AVE,484513,08178-0210-0004-0000,0210-0004-0000,379.567856008562,11,178398,8952.36312693201
Portsmouth,,114,0251-0095-0000,178,14,,11,178-31141,8,CamaID: 0251-0095-0000,41 WILSON RD,484514,08178-0251-0095-0000,0251-0095-0000,534.003543717646,11,178399,15877.8240964595
Portsmouth,,133,0251-0101-0000,178,29,,11,178-31147,8,CamaID: 0251-0101-0000,24 EDGEWOOD RD,484515,08178-0251-0101-0000,0251-0101-0000,349.731225446412,11,178400,7447.4470499966
Portsmouth,,133,0251-0102-0000,178,29,,11,178-31148,8,CamaID: 0251-0102-0000,20 EDGEWOOD RD,484516,08178-0251-0102-0000,0251-0102-0000,349.18858148158,11,178401,7428.5943269454
Portsmouth,,133,0251-0103-0000,178,29,,11,178-31149,8,CamaID: 0251-0103-0000,16 EDGEWOOD RD,484517,08178-0251-0103-0000,0251-0103-0000,340.156462171925,11,178402,6981.78090844471
Portsmouth,,305,0125-0017-0003,178,60,,44,178-52967,8,CamaID: 0125-0017-0003,70 MAPLEWOOD AVE,484518,08178-0125-0017-0003,0125-0017-0003,608.18411381185,44,178403,22653.4652847893
Portsmouth,,305,0123-0015-0001,178,60,,23,178-53326,8,CamaID: 0123-0015-0001,VAUGHAN ST,484519,08178-0123-0015-0001,0123-0015-0001,422.918906071363,23,178404,3942.25410122813
Portsmouth,,103B,0221-0041-0000,178,5,,11,178-29549,8,CamaID: 0221-0041-0000,449 BROAD ST,484520,08178-0221-0041-0000,0221-0041-0000,315.956393031749,11,178405,5896.80147122084
Portsmouth,,103A,0221-0085-0000,178,4,,11,178-29593,8,CamaID: 0221-0085-0000,45 LOOKOUT LN,484521,08178-0221-0085-0000,0221-0085-0000,431.352760030886,11,178406,12063.4211237837
Portsmouth,,103B,0221-0040-0000,178,5,,12,178-29548,8,CamaID: 0221-0040-0000,433 BROAD ST,484522,08178-0221-0040-0000,0221-0040-0000,313.421076994623,12,178407,5776.1886744243
Portsmouth,,103A,0221-0072-0000,178,4,,11,178-29580,8,CamaID: 0221-0072-0000,65 PINEHURST RD,484523,08178-0221-0072-0000,0221-0072-0000,442.598085787814,11,178408,10087.8399246289
Portsmouth,,103A,0221-0071-0000,178,4,,11,178-29579,8,CamaID: 0221-0071-0000,51 PINEHURST RD,484524,08178-0221-0071-0000,0221-0071-0000,320.73403516943,11,178409,6354.13420369938
Portsmouth,,103A,0221-0086-0000,178,4,,11,178-29594,8,CamaID: 0221-0086-0000,1 LOOKOUT LN,484525,08178-0221-0086-0000,0221-0086-0000,593.115497880751,11,178410,20220.4505417945
Portsmouth,,204,0132-0019-0000,178,34,,14,178-33886,8,CamaID: 0132-0019-000A,911 SOUTH ST #1,484526,08178-0132-0019-0000,0132-0019-000A,468.598626242379,14,178411,11890.7960652072
Portsmouth,,103B,0221-0038-0000,178,5,,11,178-29546,8,CamaID: 0221-0038-0000,415 BROAD ST,484527,08178-0221-0038-0000,0221-0038-0000,305.743609909281,11,178412,5399.46881209978
Portsmouth,,103B,0221-0037-0000,178,5,,11,178-29545,8,CamaID: 0221-0037-0000,403 BROAD ST,484528,08178-0221-0037-0000,0221-0037-0000,314.997689589479,11,178413,5849.97307832067
Portsmouth,,103B,0221-0032-0000,178,5,,11,178-29540,8,CamaID: 0221-0032-0000,37 SAGAMORE AVE,484529,08178-0221-0032-0000,0221-0032-0000,372.884289057478,11,178414,7529.16419021495
Portsmouth,,,0131-0000-0000,178,,,,,,,,484530,08178-0131-0000-0000,,1326.03028235089,,178415,16855.5337565539
Portsmouth,,104,0152-0042-0000,178,6,,11,178-34786,8,CamaID: 0152-0042-0000,35 BOSS AVE,484531,08178-0152-0042-0000,0152-0042-0000,342.546592494443,11,178416,7145.71744601166
Portsmouth,,114,0250-0056-0000,178,14,,11,178-30985,8,CamaID: 0250-0056-0000,20 DWIGHT AVE,484532,08178-0250-0056-0000,0250-0056-0000,397.117937020628,11,178417,9125.48068777823
Portsmouth,,114,0250-0051-0000,178,14,,11,178-30980,8,CamaID: 0250-0051-0000,13 VAN BUREN AVE,484533,08178-0250-0051-0000,0250-0051-0000,366.342926114076,11,178418,8767.19945924818
Portsmouth,,114,0250-0058-0000,178,14,,11,178-30987,8,CamaID: 0250-0058-0000,2 TRUMAN PL,484534,08178-0250-0058-0000,0250-0058-0000,447.800444488881,11,178419,12402.8217151582
Portsmouth,,114,0250-0049-0000,178,14,,11,178-30978,8,CamaID: 0250-0049-0000,284 MCKINLEY RD,484535,08178-0250-0049-0000,0250-0049-0000,381.437921224402,11,178420,9041.29662266447
Portsmouth,,114,0250-0048-0000,178,14,,11,178-30977,8,CamaID: 0250-0048-0000,288 MCKINLEY RD,484536,08178-0250-0048-0000,0250-0048-0000,433.221991581457,11,178421,11212.9607536347
Portsmouth,,114,0250-0015-0000,178,14,,11,178-30944,8,CamaID: 0250-0015-0000,22 HARRISON AVE,484537,08178-0250-0015-0000,0250-0015-0000,368.547970912666,11,178422,9092.21866387374
Portsmouth,,114,0250-0059-0000,178,14,,11,178-30988,8,CamaID: 0250-0059-0000,4 TRUMAN PL,484538,08178-0250-0059-0000,0250-0059-0000,503.151967834772,11,178423,14515.696954348
Portsmouth,,114,0250-0036-0000,178,14,,11,178-30965,8,CamaID: 0250-0036-0000,314 MCKINLEY RD,484539,08178-0250-0036-0000,0250-0036-0000,358.269897157685,11,178424,8452.2083279751
Portsmouth,,114,0250-0039-0000,178,14,,11,178-30968,8,CamaID: 0250-0039-0000,36 TAYLOR LN,484540,08178-0250-0039-0000,0250-0039-0000,392.227669895092,11,178425,9726.50267435757
Portsmouth,,114,0247-0068-0000,178,14,,11,178-30883,8,CamaID: 0247-0068-0000,1 TAYLOR LN,484541,08178-0247-0068-0000,0247-0068-0000,430.674143618776,11,178426,12060.9002820681
Portsmouth,,114,0250-0004-0000,178,14,,11,178-30933,8,CamaID: 0250-0004-0000,30 HARRISON AVE,484542,08178-0250-0004-0000,0250-0004-0000,377.235917714022,11,178427,9337.71704601944
Portsmouth,,114,0250-0040-0000,178,14,,11,178-30969,8,CamaID: 0250-0040-0000,32 TAYLOR LN,484543,08178-0250-0040-0000,0250-0040-0000,422.033892406208,11,178428,11013.8756451093
Portsmouth,,114,0250-0030-0000,178,14,,11,178-30959,8,CamaID: 0250-0030-0000,24 TAYLOR LN,484544,08178-0250-0030-0000,0250-0030-0000,388.440968638521,11,178429,9438.83342596203
Portsmouth,,114,0250-0029-0000,178,14,,11,178-30958,8,CamaID: 0250-0029-0000,28 TAYLOR LN,484545,08178-0250-0029-0000,0250-0029-0000,483.449686149932,11,178430,12198.8529675308
Portsmouth,,104,0170-0016-0000,178,6,,11,178-35239,8,CamaID: 0170-0016-0000,30 SEWALL RD,484546,08178-0170-0016-0000,0170-0016-0000,474.434029524781,11,178431,13958.5091367034
Portsmouth,,104,0167-0010-0000,178,6,,11,178-35191,8,CamaID: 0167-0010-0000,66 FELLS RD,484547,08178-0167-0010-0000,0167-0010-0000,738.341615614269,11,178432,27729.3192051879
Portsmouth,,301,0291-0004-0000,178,56,,34,178-35969,8,CamaID: 0291-0004-0000,40 LONGMEADOW RD,484548,08178-0291-0004-0000,0291-0004-0000,1296.18963643872,34,178433,87913.1880345637
Portsmouth,,302,0286-0023-0000,178,57,,33,178-35956,8,CamaID: 0286-0023-0000,2975 LAFAYETTE RD,484549,08178-0286-0023-0000,0286-0023-0000,789.915121150124,33,178434,39677.806719532
Portsmouth,,302,0291-0007-0000,178,57,,33,178-32254,8,CamaID: 0291-0007-0000,3201 LAFAYETTE RD,484550,08178-0291-0007-0000,0291-0007-0000,7746.1888982536,33,178435,2922605.88646052
Portsmouth,,119,0287-0004-0004,178,18,,11,178-52276,8,CamaID: 0287-0004-0004,196 LANG RD,484551,08178-0287-0004-0004,0287-0004-0004,1256.84601642607,11,178436,84606.2946325055
Portsmouth,,302,0291-0001-0000,178,57,,33,178-35968,8,CamaID: 0291-0001-0000,3003 LAFAYETTE RD,484552,08178-0291-0001-0000,0291-0001-0000,3182.57847114004,33,178437,627279.160193206
Portsmouth,,301,0291-0001-0001,178,56,,23,178-35972,8,CamaID: 0291-0001-0001,126 LANG RD,484553,08178-0291-0001-0001,0291-0001-0001,5928.55026766148,23,178438,1162806.16273676
Portsmouth,,104,0170-0015-0000,178,6,,11,178-35238,8,CamaID: 0170-0015-0000,34 SEWALL RD,484554,08178-0170-0015-0000,0170-0015-0000,376.760548423781,11,178439,9062.66313159318
Portsmouth,,104,0170-0014-0000,178,6,,11,178-35237,8,CamaID: 0170-0014-0000,38 SEWALL RD,484555,08178-0170-0014-0000,0170-0014-0000,390.359708510109,11,178440,9468.03462962154
Portsmouth,,104,0167-0011-0000,178,6,,11,178-35192,8,CamaID: 0167-0011-0000,67 FELLS RD,484556,08178-0167-0011-0000,0167-0011-0000,420.299719234802,11,178441,11080.5279334125
Portsmouth,,104,0166-0022-0000,178,6,,11,178-35156,8,CamaID: 0166-0022-0000,56 FELLS RD,484557,08178-0166-0022-0000,0166-0022-0000,459.615135682015,11,178442,12418.9471644107
Portsmouth,,104,0167-0012-0000,178,6,,11,178-35193,8,CamaID: 0167-0012-0000,218 THAXTER RD,484558,08178-0167-0012-0000,0167-0012-0000,390.392240328179,11,178443,10056.8091387848
Portsmouth,,104,0152-0034-0000,178,6,,11,178-34778,8,CamaID: 0152-0034-0000,274 THAXTER RD,484559,08178-0152-0034-0000,0152-0034-0000,526.894280052675,11,178444,15833.2797820103
Portsmouth,,104,0152-0033-0000,178,6,,11,178-34777,8,CamaID: 0152-0033-0000,280 THAXTER RD,484560,08178-0152-0033-0000,0152-0033-0000,464.513399039682,11,178445,12863.1919327851
Portsmouth,,104,0167-0008-0000,178,6,,11,178-35190,8,CamaID: 0167-0008-0000,76 FELLS RD,484561,08178-0167-0008-0000,0167-0008-0000,533.787201836609,11,178446,17070.662295458
Portsmouth,,104,0167-0007-0000,178,6,,11,178-35189,8,CamaID: 0167-0007-0000,78 FELLS RD,484562,08178-0167-0007-0000,0167-0007-0000,425.836206523502,11,178447,10807.334307292
Portsmouth,,302,0267-0007-0000,178,57,,44,178-38862,8,CamaID: 0267-0007-0001,1950 LAFAYETTE RD #1,484563,08178-0267-0007-0000,0267-0007-0001,1372.63677567115,44,178448,93279.0135836817
Portsmouth,,301,0267-0013-0000,178,56,,33,178-35825,8,CamaID: 0267-0013-0000,275 WEST RD,484564,08178-0267-0013-0000,0267-0013-0000,1409.68725649283,33,178449,100514.452134245
Portsmouth,,114,0268-0026-0000,178,14,,11,178-31547,8,CamaID: 0268-0026-0000,62 MCKINLEY RD,484565,08178-0268-0026-0000,0268-0026-0000,525.605050201223,11,178450,17332.5668902426
Portsmouth,,302,0273-0003-0000,178,57,,44,178-52814,8,CamaID: 0273-0003-0002,80 CONSTITUTION AVE #2,484566,08178-0273-0003-0000,0273-0003-0002,3781.18663075505,44,178451,815224.042201183
Portsmouth,,,0285-0016-3000,178,,,,,,,,484567,08178-0285-0016-3000,,2896.85505119658,,178452,370119.651861197
Portsmouth,,302,0267-0001-0000,178,57,,33,178-35793,8,CamaID: 0267-0001-0000,2200 LAFAYETTE RD,484568,08178-0267-0001-0000,0267-0001-0000,609.265586119975,33,178453,22426.4444924066
Portsmouth,,114,0268-0049-0000,178,14,,11,178-31570,8,CamaID: 0268-0049-0000,7 TAFT RD,484569,08178-0268-0049-0000,0268-0049-0000,511.616684412743,11,178454,16955.4411869087
Portsmouth,,301,0285-0016-0004,178,56,,34,178-35947,8,CamaID: 0285-0016-0004,275 CONSTITUTION AVE,484570,08178-0285-0016-0004,0285-0016-0004,3344.38846769579,34,178455,636779.159780069
Portsmouth,,114,0268-0100-0000,178,14,,11,178-31619,8,CamaID: 0268-0100-0000,8 HOOVER DR,484571,08178-0268-0100-0000,0268-0100-0000,1467.78752210761,11,178456,87125.2232691156
Portsmouth,,302,0267-0003-0000,178,57,,33,178-35794,8,CamaID: 0267-0003-0000,2100 LAFAYETTE RD,484572,08178-0267-0003-0000,0267-0003-0000,738.303193015223,33,178457,25162.990820792
Portsmouth,,114,0268-0020-0000,178,14,,11,178-31541,8,CamaID: 0268-0020-0000,296 COOLIDGE DR,484573,08178-0268-0020-0000,0268-0020-0000,513.296544142985,11,178458,14954.735155735
Portsmouth,,120,0268-0008-0000,178,19,,11,178-31531,8,CamaID: 0268-0008-0000,1971 LAFAYETTE RD,484574,08178-0268-0008-0000,0268-0008-0000,515.177275581725,11,178459,15071.2346003496
Portsmouth,,301,0291-0001-0002,178,56,,23,178-53726,8,CamaID: 0291-0001-0002,LONGMEADOW RD,484575,08178-0291-0001-0002,0291-0001-0002,1098.08456333708,23,178460,74014.8149779856
Portsmouth,,302,0165-0007-0000,178,57,,57,178-35130,8,CamaID: 0165-0007-0000,821 ISLINGTON ST,484576,08178-0165-0007-0000,0165-0007-0000,449.913653187015,57,178461,8631.0435148663
Portsmouth,,129,0163-0030-0000,178,25,,11,178-35123,8,CamaID: 0163-0030-0000,267 CATE ST,484577,08178-0163-0030-0000,0163-0030-0000,546.590978379225,11,178462,13538.4262262548
Portsmouth,,129,0163-0029-0000,178,25,,12,178-35122,8,CamaID: 0163-0029-0000,50 COTTAGE ST,484578,08178-0163-0029-0000,0163-0029-0000,583.840254190415,12,178463,12690.6845582617
Portsmouth,,302,0163-0001-0000,178,57,,33,178-37617,8,CamaID: 0163-0001-0000,54 BARTLETT ST,484579,08178-0163-0001-0000,0163-0001-0000,746.463519423189,33,178464,33170.5893859484
Portsmouth,,304,0174-0015-0000,178,59,,57,178-37788,8,CamaID: 0174-0015-0000,125 COTTAGE ST,484580,08178-0174-0015-0000,0174-0015-0000,1746.41326020185,57,178465,151952.731048732
Portsmouth,,302,0163-0002-0000,178,57,,34,178-37618,8,CamaID: 0163-0002-0000,124 BARTLETT ST,484581,08178-0163-0002-0000,0163-0002-0000,1982.84050217539,34,178466,102670.345848096
Portsmouth,,305A,0154-0001-000A,178,61,,33,178-37613,8,CamaID: 0154-0001-000A,848 ISLINGTON ST,484582,08178-0154-0001-000A,0154-0001-000A,1456.05675098688,33,178467,67474.1214665964
Portsmouth,,305A,0154-0001-0000,178,61,,33,178-38062,8,CamaID: 0154-0001-0000,800 ISLINGTON ST,484583,08178-0154-0001-0000,0154-0001-0000,2533.73122377397,33,178468,287293.359117423
Portsmouth,,,0155-0012-0000,178,,,,,,,,484584,08178-0155-0012-0000,,242.281478786514,,178469,2033.66824013743
Portsmouth,,302,0173-0010-0000,178,57,,33,178-37644,8,CamaID: 0173-0010-0000,400 US ROUTE 1 BYP,484585,08178-0173-0010-0000,0173-0010-0000,1295.49761774796,33,178470,100711.034112657
Portsmouth,,305,0124-0005-0000,178,60,,44,178-37468,8,CamaID: 0124-0005-00B3,118 MAPLEWOOD AVE #B3,484586,08178-0124-0005-0000,0124-0005-00B3,667.461203796322,44,178471,19456.7461052023
Portsmouth,,102,0101-0033-0000,178,3,,11,178-32828,8,CamaID: 0101-0033-0000,50 NEW CASTLE AVE,484587,08178-0101-0033-0000,0101-0033-0000,897.888748519597,11,178472,34646.4553096046
Portsmouth,,129,0220-0055-0000,178,25,,27,178-35407,8,CamaID: 0220-0055-0000,EDMOND AVE,484588,08178-0220-0055-0000,0220-0055-0000,1258.34036519979,27,178473,60650.3160616529
Portsmouth,,129,0220-0082-0000,178,25,,11,178-29491,8,CamaID: 0220-0082-0000,130 EDMOND AVE,484589,08178-0220-0082-0000,0220-0082-0000,509.072318121009,11,178474,15425.3726273899
Portsmouth,,129,0220-0080-0000,178,25,,27,178-35409,8,CamaID: 0220-0080-0000,EDMOND AVE,484590,08178-0220-0080-0000,0220-0080-0000,509.018568359046,27,178475,14322.3367801514
Portsmouth,,301,0220-0081-0000,178,56,,57,178-29490,8,CamaID: 0220-0081-0000,140 EDMOND AVE,484591,08178-0220-0081-0000,0220-0081-0000,633.63008459604,57,178476,23388.1512178636
Portsmouth,,,,178,,,,,,,,484592,08178-,,7318.36283477599,,178477,937909.028333791
Portsmouth,,204,0212-0172-0000,178,34,,14,178-38925,8,CamaID: 0212-0172-0001,20 ALBACORE WAY #20A,484593,08178-0212-0172-0000,0212-0172-0001,496.701859411223,14,178478,10067.743161759
Portsmouth,,130,0212-0105-0000,178,26,,11,178-28935,8,CamaID: 0212-0105-0000,205 RALEIGH WAY,484594,08178-0212-0105-0000,0212-0105-0000,509.2864503713,11,178479,10402.2626722957
Portsmouth,,130,0212-0104-0000,178,26,,11,178-28934,8,CamaID: 0212-0104-0000,197 RALEIGH WAY,484595,08178-0212-0104-0000,0212-0104-0000,230.072202141954,11,178480,2278.2920891113
Portsmouth,,130,0212-0104-0001,178,26,,11,178-38497,8,CamaID: 0212-0104-0001,195 RALEIGH WAY,484596,08178-0212-0104-0001,0212-0104-0001,231.253203344576,11,178481,2298.91403997034
Portsmouth,,204,0212-0103-0000,178,34,,14,178-54574,8,CamaID: 0212-0103-0001,185 RALEIGH WAY,484597,08178-0212-0103-0000,0212-0103-0001,285.027014718357,14,178482,4634.8034395129
Portsmouth,,130,0212-0102-0000,178,26,,11,178-28932,8,CamaID: 0212-0102-0000,175 RALEIGH WAY,484598,08178-0212-0102-0000,0212-0102-0000,296.630069088115,11,178483,4945.15959522149
Portsmouth,,204,0212-0112-0000,178,34,,14,178-54778,8,CamaID: 0212-0112-0001,114 SARATOGA WAY #1,484599,08178-0212-0112-0000,0212-0112-0001,488.519674460546,14,178484,14901.464465107
Portsmouth,,131,0162-0031-0000,178,27,,11,178-35060,8,CamaID: 0162-0031-0000,231 BARTLETT ST,484600,08178-0162-0031-0000,0162-0031-0000,455.261713880281,11,178485,7222.05774972106
Portsmouth,,131,0162-0029-0000,178,27,,12,178-35058,8,CamaID: 0162-0029-0000,130 PINE ST,484601,08178-0162-0029-0000,0162-0029-0000,311.717298687886,12,178486,5740.35464728812
Portsmouth,,204,0162-0058-0000,178,34,,14,178-38941,8,CamaID: 0162-0058-0001,159 WOODBURY AVE #1,484602,08178-0162-0058-0000,0162-0058-0001,647.49920805838,14,178487,22926.6261077523
Portsmouth,,204,0175-0001-0000,178,34,,14,178-54837,8,CamaID: 0175-0001-0001,10 GRAPEVINE RUN,484603,08178-0175-0001-0000,0175-0001-0001,696.792896790025,14,178488,25619.9538240733
Portsmouth,,131,0162-0028-0000,178,27,,11,178-35057,8,CamaID: 0162-0028-0000,114 PINE ST,484604,08178-0162-0028-0000,0162-0028-0000,375.271609861573,11,178489,7217.62909013645
Portsmouth,,131,0162-0027-0000,178,27,,11,178-35056,8,CamaID: 0162-0027-0000,102 PINE ST,484605,08178-0162-0027-0000,0162-0027-0000,384.21331733592,11,178490,8338.19709322312
Portsmouth,,123,0233-0003-0000,178,21,,11,178-30370,8,CamaID: 0233-0003-0000,1180 ISLINGTON ST,484606,08178-0233-0003-0000,0233-0003-0000,343.780407587412,11,178491,6838.55572903513
Portsmouth,,104,0170-0011-0000,178,6,,11,178-35234,8,CamaID: 0170-0011-0000,23 SEWALL RD,484607,08178-0170-0011-0000,0170-0011-0000,407.305932331027,11,178492,9316.30832688217
Portsmouth,,123,0233-0002-0000,178,21,,11,178-30369,8,CamaID: 0233-0002-0000,1140 ISLINGTON ST,484608,08178-0233-0002-0000,0233-0002-0000,338.324403940345,11,178493,6219.94821276346
Portsmouth,,123,0233-0127-0000,178,21,,11,178-30492,8,CamaID: 0233-0127-0000,1191 ISLINGTON ST,484609,08178-0233-0127-0000,0233-0127-0000,482.6054728775,11,178494,8117.01563361852
Portsmouth,,104,0170-0008-0000,178,6,,11,178-35231,8,CamaID: 0170-0008-0000,17 FIELDS RD,484610,08178-0170-0008-0000,0170-0008-0000,348.398993299881,11,178495,7159.88316008843
Portsmouth,,123,0233-0001-0000,178,21,,57,178-35495,8,CamaID: 0233-0001-0000,ISLINGTON ST,484611,08178-0233-0001-0000,0233-0001-0000,515.232099645624,57,178496,11819.8903827694
Portsmouth,,104,0171-0006-0000,178,6,,11,178-35252,8,CamaID: 0171-0006-0000,20 FIELDS RD,484612,08178-0171-0006-0000,0171-0006-0000,341.459537955565,11,178497,7047.58484542975
Portsmouth,,104,0170-0007-0000,178,6,,11,178-35230,8,CamaID: 0170-0007-0000,27 FIELDS RD,484613,08178-0170-0007-0000,0170-0007-0000,358.499950783633,11,178498,7099.95351668884
Portsmouth,,104,0170-0004-0000,178,6,,11,178-35227,8,CamaID: 0170-0004-0000,65 FIELDS RD,484614,08178-0170-0004-0000,0170-0004-0000,338.243218158325,11,178499,7071.48196539493
Portsmouth,,123,0233-0143-0000,178,21,,11,178-30504,8,CamaID: 0233-0143-0000,8 BARBERRY LN,484615,08178-0233-0143-0000,0233-0143-0000,501.042854906885,11,178500,10899.4093139378
Portsmouth,,123,0171-0003-0000,178,21,,11,178-35249,8,CamaID: 0171-0003-0000,50 SPINNEY RD,484616,08178-0171-0003-0000,0171-0003-0000,379.470434813387,11,178501,8979.23922996562
Portsmouth,,104,0171-0007-0000,178,6,,11,178-35253,8,CamaID: 0171-0007-0000,40 FIELDS RD,484617,08178-0171-0007-0000,0171-0007-0000,341.464473120569,11,178502,7063.31595780373
Portsmouth,,130,0212-0178-0000,178,26,,11,178-51198,8,CamaID: 0212-0178-0000,36 LAUREL COURT,484618,08178-0212-0178-0000,0212-0178-0000,294.277571007282,11,178503,5363.93611326346
Portsmouth,,130,0212-0118-0000,178,26,,11,178-28944,8,CamaID: 0212-0118-0000,4 LAUREL COURT,484619,08178-0212-0118-0000,0212-0118-0000,324.568908947173,11,178504,6888.11561193381
Portsmouth,,130,0212-0190-0000,178,26,,11,178-51186,8,CamaID: 0212-0190-0000,17 LAUREL COURT,484620,08178-0212-0190-0000,0212-0190-0000,345.702564246657,11,178505,7559.1448810642
Portsmouth,,130,0212-0182-0000,178,26,,11,178-51194,8,CamaID: 0212-0182-0000,505 KEARSARGE WAY,484621,08178-0212-0182-0000,0212-0182-0000,333.331577983339,11,178506,7017.25515875974
Portsmouth,,130,0212-0181-0000,178,26,,11,178-51195,8,CamaID: 0212-0181-0000,14 LAUREL COURT,484622,08178-0212-0181-0000,0212-0181-0000,391.633065141087,11,178507,8767.93363651475
Portsmouth,,130,0212-0187-0000,178,26,,11,178-51189,8,CamaID: 0212-0187-0000,43 LAUREL COURT,484623,08178-0212-0187-0000,0212-0187-0000,320.937035729848,11,178508,6363.27923119459
Portsmouth,,130,0212-0179-0000,178,26,,11,178-51197,8,CamaID: 0212-0179-0000,28 LAUREL COURT,484624,08178-0212-0179-0000,0212-0179-0000,300.368872941183,11,178509,5577.84872353168
Portsmouth,,108,0109-0022-0000,178,8,,27,178-37725,8,CamaID: 0109-0022-0000,PLEASANT ST,484625,08178-0109-0022-0000,0109-0022-0000,1280.69063253673,27,178510,92220.8945474404
Portsmouth,,305,0109-0010-0000,178,60,,33,178-37678,8,CamaID: 0109-0010-0000,346 PLEASANT ST,484626,08178-0109-0010-0000,0109-0010-0000,1054.0097355906,33,178511,42416.827642313
Portsmouth,70,101,0206-0018-0000,178,2,,11,178-28642,8,CamaID: 0206-0018-0000,148 BRACKETT RD,484627,08178-0206-0018-0000,0206-0018-0000,794.225377875393,11-70,178512,38454.3744042299
Portsmouth,,103B,0206-0016-0000,178,5,,11,178-28640,8,CamaID: 0206-0016-0000,143 BRACKETT RD,484628,08178-0206-0016-0000,0206-0016-0000,1110.44584441215,11,178513,45785.9209733081
Portsmouth,70,101,0207-0072-0000,178,2,,11,178-28725,8,CamaID: 0207-0072-0000,150 BRACKETT RD,484629,08178-0207-0072-0000,0207-0072-0000,838.806306788076,11-70,178514,28456.0429931244
Portsmouth,,103B,0111-0009-0000,178,5,,11,178-33245,8,CamaID: 0111-0009-0000,292 SOUTH ST,484630,08178-0111-0009-0000,0111-0009-0000,304.014998001816,11,178515,4607.27917963055
Portsmouth,,103B,0111-0008-0000,178,5,,11,178-33244,8,CamaID: 0111-0008-0000,280 SOUTH ST,484631,08178-0111-0008-0000,0111-0008-0000,763.313765730027,11,178516,17915.3106369775
Portsmouth,,204,0111-0005-0000,178,34,,14,178-52466,8,CamaID: 0111-0005-0002,264  SOUTH ST  #B,484632,08178-0111-0005-0000,0111-0005-0002,346.915158167981,14,178517,4757.50119205757
Portsmouth,,204,0111-0034-0000,178,34,,14,178-33269,8,CamaID: 0111-0034-0001,259 SOUTH ST #1,484633,08178-0111-0034-0000,0111-0034-0001,424.505369548839,14,178518,8245.82093146203
Portsmouth,,103B,0111-0033-0000,178,5,,11,178-33268,8,CamaID: 0111-0033-0000,15 MT VERNON ST,484634,08178-0111-0033-0000,0111-0033-0000,244.099260340767,11,178519,3612.8796688166
Portsmouth,,130,0212-0184-0000,178,26,,11,178-51192,8,CamaID: 0212-0184-0000,65 LAUREL COURT,484635,08178-0212-0184-0000,0212-0184-0000,320.219702780487,11,178520,6420.14217432554
Portsmouth,,130,0212-0176-0000,178,26,,11,178-51200,8,CamaID: 0212-0176-0000,52 LAUREL COURT,484636,08178-0212-0176-0000,0212-0176-0000,298.745300313382,11,178521,5548.6314696439
Portsmouth,,130,0212-0175-0000,178,26,,11,178-51201,8,CamaID: 0212-0175-0000,62 LAUREL COURT,484637,08178-0212-0175-0000,0212-0175-0000,345.398006602765,11,178522,5064.04995097352
Portsmouth,,130,0212-0174-0000,178,26,,11,178-51184,8,CamaID: 0212-0174-0000,72 LAUREL COURT,484638,08178-0212-0174-0000,0212-0174-0000,393.794756520566,11,178523,6769.19486095118
Portsmouth,,307,0313-0017-0000,178,63,,33,178-51464,8,CamaID: 0313-0017-0000,183-185 INTERNATIONAL DR,484639,08178-0313-0017-0000,0313-0017-0000,2574.21833499117,33,178524,377094.927908805
Portsmouth,,121,0260-0035-0000,178,20,,11,178-31290,8,CamaID: 0260-0035-0000,39 GEORGES TER,484640,08178-0260-0035-0000,0260-0035-0000,662.688827339421,11,178525,18209.7580061288
Portsmouth,,307,0314-0003-0000,178,63,,33,178-51927,8,CamaID: 0314-0003-0000,249 CORPORATE DR,484641,08178-0314-0003-0000,0314-0003-0000,1997.05792641915,33,178526,219027.866619064
Portsmouth,,130,0212-0060-0001,178,26,,11,178-52207,8,CamaID: 0212-0060-0001,118 CONCORD WAY,484642,08178-0212-0060-0001,0212-0060-0001,243.419268584466,11,178527,2446.57088950746
Portsmouth,,220,0217-0002-0000,178,49,,14,178-29214,8,CamaID: 0217-0002-0123,25 STAYSAIL WAY #25,484643,08178-0217-0002-0000,0217-0002-0123,891.928316991063,14,178528,44664.4260366588
Portsmouth,,103B,0129-0037-0000,178,5,,12,178-33732,8,CamaID: 0129-0037-0000,334 PARROTT AVE,484644,08178-0129-0037-0000,0129-0037-0000,563.542086321481,12,178529,12640.9052821938
Portsmouth,,307,0315-0005-0000,178,63,,57,178-37906,8,CamaID: 0315-0005-0000,360 CORPORATE DR,484645,08178-0315-0005-0000,0315-0005-0000,2162.89711587773,57,178530,266081.909625672
Portsmouth,,,,178,,,,,,,,484646,08178-,,1161.09061702433,,178531,29773.377622712
Portsmouth,,301,0297-0004-0003,178,56,,27,178-36018,8,CamaID: 0297-0004-0003,75 COACH RD,484647,08178-0297-0004-0003,0297-0004-0003,1291.00013345318,27,178532,88475.723916409
Portsmouth,,119,0288-0003-0019,178,18,,11,178-32235,8,CamaID: 0288-0003-0019,107 EASTWOOD DR,484648,08178-0288-0003-0019,0288-0003-0019,864.817605855977,11,178533,38598.9840457472
Portsmouth,,301,0273-0002-0001,178,56,,24,178-35873,8,CamaID: 0273-0002-0001,CONSTITUTION AVE,484649,08178-0273-0002-0001,0273-0002-0001,1150.6468850536,24,178534,71491.4879103036
Portsmouth,,117,0282-0006-0022,178,16,,11,178-32144,8,CamaID: 0282-0006-0022,296 BUCKMINSTER WAY,484650,08178-0282-0006-0022,0282-0006-0022,2169.79242915087,11,178535,244718.503633989
Portsmouth,,118,0292-0072-0000,178,17,,11,178-32535,8,CamaID: 0292-0072-0000,25 WALLIS RD,484651,08178-0292-0072-0000,0292-0072-0000,387.93591244518,11,178536,9754.28843798468
Portsmouth,,118,0292-0066-0000,178,17,,11,178-32529,8,CamaID: 0292-0066-0000,12 WALLIS RD,484652,08178-0292-0066-0000,0292-0066-0000,445.728154231462,11,178537,11867.0411355424
Portsmouth,,302,0286-0008-0000,178,57,,57,178-32203,8,CamaID: 0286-0008-0000,2 ANNE AVE,484653,08178-0286-0008-0000,0286-0008-0000,485.127337394386,57,178538,15272.8463276249
Portsmouth,,118,0292-0061-0000,178,17,,11,178-32524,8,CamaID: 0292-0061-0000,2 WALLIS RD,484654,08178-0292-0061-0000,0292-0061-0000,382.441731658613,11,178539,9457.61130878133
Portsmouth,,121,0261-0070-0000,178,20,,11,178-31490,8,CamaID: 0261-0070-0000,179 HOLLY LN,484655,08178-0261-0070-0000,0261-0070-0000,432.59379762558,11,178540,11662.986801337
Portsmouth,70,109,0207-0014-0000,178,9,,11,178-28670,8,CamaID: 0207-0014-0000,64 PLEASANT POINT DR,484656,08178-0207-0014-0000,0207-0014-0000,931.177657067515,11-70,178541,48773.0186557116
Portsmouth,,129,0234-0050-0000,178,25,,11,178-30553,8,CamaID: 0234-0050-0000,2 COAKLEY RD,484657,08178-0234-0050-0000,0234-0050-0000,316.335392817375,11,178542,6498.42916464303
Portsmouth,,129,0234-0037-0000,178,25,,11,178-30540,8,CamaID: 0234-0037-0000,7 COAKLEY RD,484658,08178-0234-0037-0000,0234-0037-0000,344.911026356871,11,178543,7700.37973830122
Portsmouth,70,109,0207-0013-0000,178,9,,11,178-28669,8,CamaID: 0207-0013-0000,60 PLEASANT POINT DR,484659,08178-0207-0013-0000,0207-0013-0000,1093.84799271681,11-70,178544,52102.7622899144
Portsmouth,,129,0234-0036-0000,178,25,,11,178-30539,8,CamaID: 0234-0036-0000,2 LARRY LN,484660,08178-0234-0036-0000,0234-0036-0000,342.535692591206,11,178545,7467.97356298786
Portsmouth,,129,0237-0044-0000,178,25,,11,178-30673,8,CamaID: 0237-0044-0000,156 WOODLAWN CIR,484661,08178-0237-0044-0000,0237-0044-0000,392.177750927374,11,178546,9106.58107485573
Portsmouth,,129,0237-0026-0000,178,25,,11,178-30656,8,CamaID: 0237-0026-0000,64 HILLCREST DR,484662,08178-0237-0026-0000,0237-0026-0000,668.482686788262,11,178547,22160.0037862998
Portsmouth,,127,0237-0058-0000,178,23,,11,178-30686,8,CamaID: 0237-0058-0000,181 ECHO AVE,484663,08178-0237-0058-0000,0237-0058-0000,614.308555363263,11,178548,23593.5313641615
Portsmouth,,129,0217-0014-0000,178,25,,12,178-29095,8,CamaID: 0217-0014-0000,1345 MAPLEWOOD AVE,484664,08178-0217-0014-0000,0217-0014-0000,682.808072175246,12,178549,29036.9901977083
Portsmouth,73,129,0219-0045-0007,178,25,,11,178-29414,8,CamaID: 0219-0045-0007,790 MCGEE DR,484665,08178-0219-0045-0007,0219-0045-0007,1184.75828871214,11-73,178550,85860.8990901846
Portsmouth,,119,0217-0002-1809,178,18,,11,178-29238,8,CamaID: 0217-0002-1809,40 SHEARWATER DR,484666,08178-0217-0002-1809,0217-0002-1809,523.002407795561,11,178551,16678.0826370177
Portsmouth,,119,0217-0002-1810,178,18,,11,178-29239,8,CamaID: 0217-0002-1810,7 SANDERLING WAY,484667,08178-0217-0002-1810,0217-0002-1810,506.786215397326,11,178552,15460.3494026891
Portsmouth,,304,0212-0117-0000,178,59,,44,178-35343,8,CamaID: 0212-0117-0000,KEARSARGE WAY,484668,08178-0212-0117-0000,0212-0117-0000,1124.00816014287,44,178553,70506.2890615796
Portsmouth,,301,0211-0002-0000,178,56,,34,178-35333,8,CamaID: 0211-0002-0000,100 RANGER WAY,484669,08178-0211-0002-0000,0211-0002-0000,2148.38868381898,34,178554,178247.231441385
Portsmouth,,119,0218-0045-0000,178,18,,11,178-29290,8,CamaID: 0218-0045-0000,193 BLUE HERON DR,484670,08178-0218-0045-0000,0218-0045-0000,318.983740649701,11,178555,6496.05926472128
Portsmouth,,119,0218-0044-0000,178,18,,11,178-29289,8,CamaID: 0218-0044-0000,2 DUNLIN WAY,484671,08178-0218-0044-0000,0218-0044-0000,483.013815268747,11,178556,13425.7813337819
Portsmouth,,130,0212-0120-0006,178,26,,11,178-28995,8,CamaID: 0212-0120-0006,541 KEARSARGE WAY,484672,08178-0212-0120-0006,0212-0120-0006,199.443033722813,11,178557,2453.11559329266
Portsmouth,,204,0212-0028-0000,178,34,,14,178-29009,8,CamaID: 0212-0028-0001,573 KEARSARGE WAY #1,484673,08178-0212-0028-0000,0212-0028-0001,394.675072865614,14,178558,9064.59976907451
Portsmouth,,130,0212-0029-0003,178,26,,11,178-29017,8,CamaID: 0212-0029-0003,599 KEARSARGE WAY,484674,08178-0212-0029-0003,0212-0029-0003,183.612079332018,11,178559,1764.58536786043
Portsmouth,,130,0212-0041-0001,178,26,,11,178-28872,8,CamaID: 0212-0041-0001,99 CONCORD WAY,484675,08178-0212-0041-0001,0212-0041-0001,219.447919155338,11,178560,2577.82108428549
Portsmouth,,130,0212-0011-0001,178,26,,11,178-52231,8,CamaID: 0212-0011-0001,22 CONCORD WAY,484676,08178-0212-0011-0001,0212-0011-0001,229.785066564175,11,178561,2164.65203449393
Portsmouth,,130,0212-0043-0000,178,26,,11,178-28874,8,CamaID: 0212-0043-0000,127 CONCORD WAY,484677,08178-0212-0043-0000,0212-0043-0000,290.87650577454,11,178562,5010.4251164111
Portsmouth,,130,0212-0044-0000,178,26,,11,178-28875,8,CamaID: 0212-0044-0000,139 CONCORD WAY,484678,08178-0212-0044-0000,0212-0044-0000,301.951453252431,11,178563,5498.86517289807
Portsmouth,,130,0212-0045-0000,178,26,,11,178-28876,8,CamaID: 0212-0045-0000,79 SARATOGA WAY,484679,08178-0212-0045-0000,0212-0045-0000,206.94884367403,11,178564,2603.18441412111
Portsmouth,,130,0212-0059-0000,178,26,,11,178-28890,8,CamaID: 0212-0059-0000,126 CONCORD WAY,484680,08178-0212-0059-0000,0212-0059-0000,184.340453713906,11,178565,1681.52241174466
Portsmouth,,130,0212-0081-0000,178,26,,11,178-28912,8,CamaID: 0212-0081-0000,160 CONCORD WAY,484681,08178-0212-0081-0000,0212-0081-0000,264.426205577457,11,178566,4280.96895887531
Portsmouth,,130,0212-0096-0000,178,26,,11,178-28926,8,CamaID: 0212-0096-0000,224 RALEIGH WAY,484682,08178-0212-0096-0000,0212-0096-0000,208.339751552046,11,178567,1993.3381794588
Portsmouth,,130,0212-0087-0001,178,26,,11,178-29032,8,CamaID: 0212-0087-0001,211 CONCORD WAY,484683,08178-0212-0087-0001,0212-0087-0001,214.98218606952,11,178568,2087.41449675761
Portsmouth,,302,0234-0051-0000,178,57,,33,178-35509,8,CamaID: 0234-0051-0000,549 US ROUTE 1 BYP,484685,08178-0234-0051-0000,0234-0051-0000,3479.09948127486,33,178569,786955.749012264
Portsmouth,,301,0173-0009-0000,178,56,,33,178-37643,8,CamaID: 0173-0009-0000,500 US ROUTE 1 BYP,484686,08178-0173-0009-0000,0173-0009-0000,1786.00558146344,33,178570,154899.974945633
Portsmouth,,302,0172-0001-0000,178,57,,33,178-37647,8,CamaID: 0172-0001-0000,360 US ROUTE 1 BYP BLDG #C,484687,08178-0172-0001-0000,0172-0001-0000,1615.21607738831,33,178571,126499.421722603
Portsmouth,,302,0163-0032-0000,178,57,,57,178-37619,8,CamaID: 0163-0032-0000,201 CATE ST,484688,08178-0163-0032-0000,0163-0032-0000,821.947758515963,57,178572,17670.1258818261
Portsmouth,,104,0167-0005-0000,178,6,,22,178-38304,8,CamaID: 0167-0005-0000,THAXTER RD,484689,08178-0167-0005-0000,0167-0005-0000,1986.45895645661,22,178573,209580.305938884
Portsmouth,,104,0166-0021-0000,178,6,,11,178-35155,8,CamaID: 0166-0021-0000,49 FELLS RD,484690,08178-0166-0021-0000,0166-0021-0000,391.062358282536,11,178574,7884.26156794993
Portsmouth,,,,178,,,,,,,,484684,08178-,,216.352774536455,,178575,2465.14234133629
Portsmouth,,123,0170-0024-0000,178,21,,22,178-38157,8,CamaID: 0170-0024-0000,35 SANDERSON DR,484691,08178-0170-0024-0000,0170-0024-0000,1983.91854977255,22,178576,106734.613584897
Portsmouth,,104,0167-0003-0000,178,6,,11,178-35186,8,CamaID: 0167-0003-0000,245 THAXTER RD,484692,08178-0167-0003-0000,0167-0003-0000,393.087759527673,11,178577,9289.77660172907
Portsmouth,,104,0170-0017-0000,178,6,,11,178-35240,8,CamaID: 0170-0017-0000,26 SEWALL RD,484693,08178-0170-0017-0000,0170-0017-0000,458.063264012012,11,178578,12510.2437221113
Portsmouth,,301,0298-0005-0001,178,56,,27,178-36028,8,CamaID: 0298-0005-0001,LAFAYETTE RD,484694,08178-0298-0005-0001,0298-0005-0001,4794.56152810086,27,178579,398995.844970543
Portsmouth,70,111,0204-0004-0000,178,11,,11,178-28614,8,CamaID: 0204-0004-0000,315 LITTLE HARBOR RD,484695,08178-0204-0004-0000,0204-0004-0000,2175.62169868025,11-70,178580,126274.153320901
Portsmouth,,128,0210-0030-0000,178,24,,11,178-28834,8,CamaID: 0210-0030-0000,355 CHASE DR,484696,08178-0210-0030-0000,0210-0030-0000,686.936447072912,11,178581,21435.7474186587
Portsmouth,,128,0210-0032-0000,178,24,,11,178-38453,8,CamaID: 0210-0032-0000,28 BRIGHAM LN,484697,08178-0210-0032-0000,0210-0032-0000,583.707739869303,11,178582,15215.5133520425
Portsmouth,73,128,0210-0026-0000,178,24,,11,178-28830,8,CamaID: 0210-0026-0000,29 BRIGHAM LN,484698,08178-0210-0026-0000,0210-0026-0000,650.51048300083,11-73,178583,19887.2606885344
Portsmouth,,128,0210-0029-0000,178,24,,11,178-28833,8,CamaID: 0210-0029-0000,435 CUTTS AVE,484699,08178-0210-0029-0000,0210-0029-0000,457.416918002194,11,178584,13120.2804733279
Portsmouth,73,128,0210-0031-0000,178,24,,11,178-38452,8,CamaID: 0210-0031-0000,20 BRIGHAM LN,484700,08178-0210-0031-0000,0210-0031-0000,585.459711620589,11-73,178585,15183.3122605495
Portsmouth,73,128,0210-0036-0000,178,24,,11,178-38457,8,CamaID: 0210-0036-0000,19 BRIGHAM LN,484701,08178-0210-0036-0000,0210-0036-0000,871.687795830655,11-73,178586,25646.7715464279
Portsmouth,,128,0210-0027-0000,178,24,,11,178-28831,8,CamaID: 0210-0027-0000,465 CUTTS AVE,484702,08178-0210-0027-0000,0210-0027-0000,451.282618806687,11,178587,10792.9928115516
Portsmouth,,301,0211-0001-0000,178,56,,34,178-35332,8,CamaID: 0211-0001-0000,3 MICHAEL SUCCI DR,484703,08178-0211-0001-0000,0211-0001-0000,7245.35738120532,34,178588,1420903.6256389
Portsmouth,,305,0116-0005-0000,178,60,,33,178-37306,8,CamaID: 0116-0005-0000,333 STATE ST,484704,08178-0116-0005-0000,0116-0005-0000,621.281931743882,33,178589,24109.121627535
Portsmouth,,305,0117-0045-0000,178,60,,33,178-37987,8,CamaID: 0117-0045-0000,82-86 CONGRESS ST,484705,08178-0117-0045-0000,0117-0045-0000,476.200685905194,33,178590,11533.8647262018
Portsmouth,,102,0117-0046-0000,178,3,,11,178-37364,8,CamaID: 0117-0046-0000,32 PORTER ST,484706,08178-0117-0046-0000,0117-0046-0000,193.49775248398,11,178591,1669.21577472174
Portsmouth,,305,0117-0043-0000,178,60,,57,178-37352,8,CamaID: 0117-0043-0000,74 CONGRESS ST,484707,08178-0117-0043-0000,0117-0043-0000,343.541504226322,57,178592,3060.51963780839
Portsmouth,,305,0118-0023-0000,178,60,,44,178-37380,8,CamaID: 0118-0023-0001,93 HIGH ST #1,484708,08178-0118-0023-0000,0118-0023-0001,267.811611170686,44,178593,4060.72842333146
Portsmouth,,102,0118-0022-0000,178,3,,12,178-33539,8,CamaID: 0118-0022-0000,103 HIGH ST,484709,08178-0118-0022-0000,0118-0022-0000,256.970867322887,12,178594,4010.85013728353
Portsmouth,,302,0286-0004-0000,178,57,,57,178-32199,8,CamaID: 0286-0004-0000,149 RICCI AVE,484710,08178-0286-0004-0000,0286-0004-0000,502.935282385106,57,178595,15803.4181324845
Portsmouth,,304,0101-0001-0000,178,59,,33,178-37169,8,CamaID: 0101-0001-0000,54 PRAY ST,484711,08178-0101-0001-0000,0101-0001-0000,341.897260175009,33,178596,6135.1286100542
Portsmouth,,305,0118-0030-0000,178,60,,33,178-38495,8,CamaID: 0118-0030-0000,100 HIGH ST,484712,08178-0118-0030-0000,0118-0030-0000,662.600069768308,33,178597,27786.4582857761
Portsmouth,,105,0137-0033-0000,178,7,,12,178-34142,8,CamaID: 0137-0033-0000,557 STATE ST,484713,08178-0137-0033-0000,0137-0033-0000,345.391736304702,12,178598,5616.04855860629
Portsmouth,,103A,0129-0031-0000,178,4,,11,178-33726,8,CamaID: 0129-0031-0000,148 RICHARDS AVE,484714,08178-0129-0031-0000,0129-0031-0000,486.838030102683,11,178599,13747.0548701665
Portsmouth,,105,0145-0049-0000,178,7,,12,178-34413,8,CamaID: 0145-0049-0000,898 STATE ST,484715,08178-0145-0049-0000,0145-0049-0000,207.977407213443,12,178600,2703.22569546261
Portsmouth,,304,0135-0060-0000,178,59,,57,178-34068,8,CamaID: 0135-0060-0000,224 AUSTIN ST,484716,08178-0135-0060-0000,0135-0060-0000,216.227269041571,57,178601,2863.52076126934
Portsmouth,,103A,0129-0032-0000,178,4,,11,178-33727,8,CamaID: 0129-0032-0000,134 RICHARDS AVE,484717,08178-0129-0032-0000,0129-0032-0000,469.010975198833,11,178602,10465.2362404608
Portsmouth,,105,0145-0063-0000,178,7,,11,178-34424,8,CamaID: 0145-0063-0000,104 UNION ST,484718,08178-0145-0063-0000,0145-0063-0000,294.45923627304,11,178603,4514.53274237594
Portsmouth,,105,0145-0064-0000,178,7,,11,178-34425,8,CamaID: 0145-0064-0000,98 UNION ST,484719,08178-0145-0064-0000,0145-0064-0000,263.514854287625,11,178604,2082.91117990564
Portsmouth,,,0129-0000-0001,178,,,,,,,,484720,08178-0129-0000-0001,,399.645809231368,,178605,2856.76464676125
Portsmouth,,105,0145-0047-0000,178,7,,11,178-34411,8,CamaID: 0145-0047-0000,880 STATE ST,484721,08178-0145-0047-0000,0145-0047-0000,175.601156429372,11,178606,1845.07872802544
Portsmouth,,304,0135-0059-0000,178,59,,57,178-34067,8,CamaID: 0135-0059-0000,96 CABOT ST,484722,08178-0135-0059-0000,0135-0059-0000,235.217670119222,57,178607,3285.43880070956
Portsmouth,,103B,0129-0035-0000,178,5,,11,178-33730,8,CamaID: 0129-0035-0000,118 RICHARDS AVE,484723,08178-0129-0035-0000,0129-0035-0000,364.002367217516,11,178608,7333.23403655291
Portsmouth,,105,0145-0076-0000,178,7,,11,178-34436,8,CamaID: 0145-0076-0000,114 CABOT ST,484724,08178-0145-0076-0000,0145-0076-0000,198.054199386295,11,178609,2443.63695788544
Portsmouth,,103B,0136-0011-0000,178,5,,11,178-34094,8,CamaID: 0136-0011-0000,104 RICHARDS AVE,484725,08178-0136-0011-0000,0136-0011-0000,381.532920590383,11,178610,7817.79834896836
Portsmouth,,105,0136-0032-0000,178,7,,11,178-34110,8,CamaID: 0136-0032-0000,188 AUSTIN ST,484726,08178-0136-0032-0000,0136-0032-0000,236.977594612377,11,178611,3265.66751011625
Portsmouth,,304,0145-0077-0000,178,59,,57,178-34437,8,CamaID: 0145-0077-0000,124 CABOT ST,484727,08178-0145-0077-0000,0145-0077-0000,391.431064911237,57,178612,6516.15426048564
Portsmouth,,304,0136-0012-0000,178,59,,57,178-34095,8,CamaID: 0136-0012-0000,94 RICHARDS AVE,484728,08178-0136-0012-0000,0136-0012-0000,410.599017599259,57,178613,8810.4118227269
Portsmouth,,305,0106-0063-0000,178,60,,27,178-37712,8,CamaID: 0106-0063-0000,CHAPEL ST,484729,08178-0106-0063-0000,0106-0063-0000,247.887233985234,27,178614,3501.9315470879
Portsmouth,,131,0159-0032-0000,178,27,,11,178-34927,8,CamaID: 0159-0032-0000,90 BURKITT ST,484730,08178-0159-0032-0000,0159-0032-0000,318.879493077717,11,178615,5325.47573932171
Portsmouth,,131,0159-0035-0000,178,27,,11,178-34930,8,CamaID: 0159-0035-0000,185 THORNTON ST,484731,08178-0159-0035-0000,0159-0035-0000,408.840055889231,11,178616,10313.7348585312
Portsmouth,,105,0135-0029-0000,178,7,,11,178-34038,8,CamaID: 0135-0029-0000,170 UNION ST,484732,08178-0135-0029-0000,0135-0029-0000,392.26316154078,11,178617,9604.0106522222
Portsmouth,,105,0135-0063-0000,178,7,,12,178-34071,8,CamaID: 0135-0063-0000,246 AUSTIN ST,484733,08178-0135-0063-0000,0135-0063-0000,146.889694773302,12,178618,1361.98838386501
Portsmouth,,105,0135-0062-0000,178,7,,11,178-34070,8,CamaID: 0135-0062-0000,244 AUSTIN ST,484734,08178-0135-0062-0000,0135-0062-0000,204.983153778863,11,178619,1321.46033213324
Portsmouth,,204,0138-0011-0000,178,34,,14,178-53512,8,CamaID: 0138-0011-0006,21 BREWSTER ST #6,484735,08178-0138-0011-0000,0138-0011-0006,410.72717999991,14,178620,8332.30959049391
Portsmouth,,204,0138-0025-0000,178,34,,14,178-38824,8,CamaID: 0138-0025-0002,6 MCDONOUGH ST #2,484736,08178-0138-0025-0000,0138-0025-0002,238.887908693241,14,178621,2970.98664610367
Portsmouth,,105,0138-0008-0000,178,7,,12,178-34168,8,CamaID: 0138-0008-0000,440 HANOVER ST,484737,08178-0138-0008-0000,0138-0008-0000,236.225211657592,12,178622,3385.30544909592
Portsmouth,,105,0138-0007-0000,178,7,,11,178-34167,8,CamaID: 0138-0007-0000,428 HANOVER ST,484738,08178-0138-0007-0000,0138-0007-0000,249.130455735488,11,178623,3846.64582556831
Portsmouth,,105,0138-0020-0000,178,7,,12,178-34178,8,CamaID: 0138-0020-0000,439 HANOVER ST,484739,08178-0138-0020-0000,0138-0020-0000,321.255362755944,12,178624,6088.28671757261
Portsmouth,,204,0138-0015-0000,178,34,,14,178-38556,8,CamaID: 0138-0015-0009,133 ISLINGTON ST #9,484740,08178-0138-0015-0000,0138-0015-0009,607.587056538551,14,178625,16610.8977340355
Portsmouth,,105,0138-0021-0000,178,7,,11,178-34179,8,CamaID: 0138-0021-0000,427 HANOVER ST,484741,08178-0138-0021-0000,0138-0021-0000,222.40144097286,11,178626,3054.18244411336
Portsmouth,,105,0138-0023-0000,178,7,,11,178-34181,8,CamaID: 0138-0023-0000,30 SUDBURY ST,484742,08178-0138-0023-0000,0138-0023-0000,195.542130332562,11,178627,2253.05217513727
Portsmouth,,105,0138-0022-0000,178,7,,12,178-34180,8,CamaID: 0138-0022-0000,407 HANOVER ST,484743,08178-0138-0022-0000,0138-0022-0000,244.609922604722,12,178628,3716.11435633809
Portsmouth,,105,0138-0048-0001,178,7,,11,178-52046,8,CamaID: 0138-0048-0001,91 LANGDON ST,484744,08178-0138-0048-0001,0138-0048-0001,291.791857672565,11,178629,5301.30617199008
Portsmouth,,105,0138-0048-0000,178,7,,11,178-34200,8,CamaID: 0138-0048-0000,81 LANGDON ST,484745,08178-0138-0048-0000,0138-0048-0000,284.954012153852,11,178630,5015.54015729707
Portsmouth,,105,0146-0022-0000,178,7,,11,178-34503,8,CamaID: 0146-0022-0000,160 CASS ST,484746,08178-0146-0022-0000,0146-0022-0000,324.896788429598,11,178631,5650.78218074208
Portsmouth,,105,0146-0021-0000,178,7,,12,178-34502,8,CamaID: 0146-0021-0000,170 CASS ST,484747,08178-0146-0021-0000,0146-0021-0000,322.901572381382,12,178632,5571.25634312012
Portsmouth,,204,0146-0018-0000,178,34,,14,178-38848,8,CamaID: 0146-0018-0001,16 CHEVROLET AV #1,484748,08178-0146-0018-0000,0146-0018-0001,524.405430886952,14,178633,15320.1043003324
Portsmouth,,204,0145-0091-0000,178,34,,14,178-52308,8,CamaID: 0145-0091-0003,181 AUSTIN ST #C,484749,08178-0145-0091-0000,0145-0091-0003,356.404785134068,14,178634,5613.83100234105
Portsmouth,,305,0102-0054-0000,178,60,,13,178-37176,8,CamaID: 0102-0054-0000,444 PLEASANT ST,484750,08178-0102-0054-0000,0102-0054-0000,615.442893575736,13,178635,18449.181048369
Portsmouth,,305,0126-001A-0000,178,60,,33,178-37496,8,CamaID: 0126-001A-0000,172 HANOVER ST,484751,08178-0126-001A-0000,0126-001A-0000,325.319310151152,33,178636,5589.20436872442
Portsmouth,,102,0117-0054-0000,178,3,,11,178-38368,8,CamaID: 0117-0054-0000,18 PORTER ST,484752,08178-0117-0054-0000,0117-0054-0000,189.959607395239,11,178637,1455.360365681
Portsmouth,,305,0117-0040-0000,178,60,,33,178-37985,8,CamaID: 0117-0040-0000,40 CONGRESS ST,484753,08178-0117-0040-0000,0117-0040-0000,252.502019221919,33,178638,3802.38279959218
Portsmouth,,305,0107-0033-0000,178,60,,33,178-37298,8,CamaID: 0107-0033-0000,21 PLEASANT ST,484754,08178-0107-0033-0000,0107-0033-0000,275.225199586307,33,178639,2441.9455473353
Portsmouth,,201,0117-0037-0000,178,31,,14,178-38746,8,CamaID: 0117-0037-0402,18 CONGRESS ST #402,484755,08178-0117-0037-0000,0117-0037-0402,542.42137918024,14,178640,14393.3237285337
Portsmouth,,305,0107-0035-0000,178,60,,33,178-37324,8,CamaID: 0107-0035-0000,29 PLEASANT ST,484756,08178-0107-0035-0000,0107-0035-0000,852.679998611149,33,178641,23714.2086207265
Portsmouth,,305,0117-0009-0000,178,60,,44,178-37337,8,CamaID: 0117-0009-000B,55 CONGRESS ST #B,484757,08178-0117-0009-0000,0117-0009-000B,264.712106183302,44,178642,4197.14443669363
Portsmouth,,305,0107-0031-0000,178,60,,33,178-37293,8,CamaID: 0107-0031-0000,3 PLEASANT ST,484758,08178-0107-0031-0000,0107-0031-0000,372.111952460581,33,178643,8593.16089901066
Portsmouth,,305,0126-0003-0000,178,60,,27,178-37755,8,CamaID: 0126-0003-0000,MAPLEWOOD AVE,484759,08178-0126-0003-0000,0126-0003-0000,1076.23181094979,27,178644,41287.1974165644
Portsmouth,,204,0145-0093-0000,178,34,,14,178-38330,8,CamaID: 0145-0093-0001,159 AUSTIN ST #1,484760,08178-0145-0093-0000,0145-0093-0001,243.191055501216,14,178645,3487.88572027011
Portsmouth,,105,0145-0094-0001,178,7,,11,178-34482,8,CamaID: 0145-0094-0001,24 WINTER ST,484761,08178-0145-0094-0001,0145-0094-0001,160.374219470338,11,178646,1377.06620481633
Portsmouth,,105,0145-0095-0000,178,7,,11,178-34453,8,CamaID: 0145-0095-0000,30 WINTER ST,484762,08178-0145-0095-0000,0145-0095-0000,190.029263678124,11,178647,2136.75571933719
Portsmouth,,103B,0136-0013-0000,178,5,,12,178-34096,8,CamaID: 0136-0013-0000,80 RICHARDS AVE,484763,08178-0136-0013-0000,0136-0013-0000,280.616407988825,12,178648,4880.02651468745
Portsmouth,,105,0145-0096-0000,178,7,,11,178-34454,8,CamaID: 0145-0096-0000,40 WINTER ST,484764,08178-0145-0096-0000,0145-0096-0000,217.804196048934,11,178649,2895.28289806488
Portsmouth,,103B,0136-0014-0000,178,5,,11,178-34097,8,CamaID: 0136-0014-0000,36 RICHARDS AVE,484765,08178-0136-0014-0000,0136-0014-0000,142.361274832318,11,178650,1288.31601427872
Portsmouth,,105,0145-0097-0000,178,7,,11,178-34455,8,CamaID: 0145-0097-0000,48 WINTER ST,484766,08178-0145-0097-0000,0145-0097-0000,252.647710712796,11,178651,3961.65878996833
Portsmouth,,105,0145-0098-0000,178,7,,12,178-34456,8,CamaID: 0145-0098-0000,62 WINTER ST,484767,08178-0145-0098-0000,0145-0098-0000,235.008287149389,12,178652,3241.46273663134
Portsmouth,,304,0145-0005-0000,178,59,,57,178-34374,8,CamaID: 0145-0005-0000,777 STATE ST,484768,08178-0145-0005-0000,0145-0005-0000,231.826091679522,57,178653,3351.3640435785
Portsmouth,,304,0136-0015-0000,178,59,,13,178-34098,8,CamaID: 0136-0015-0000,241 MIDDLE ST,484769,08178-0136-0015-0000,0136-0015-0000,454.888934345232,13,178654,9561.75733709157
Portsmouth,,204,0128-0001-0000,178,34,,14,178-38170,8,CamaID: 0128-0001-0001,19 RICHARDS AVE #1,484770,08178-0128-0001-0000,0128-0001-0001,268.160498658595,14,178655,4291.15703306441
Portsmouth,,131,0159-0027-0000,178,27,,11,178-34922,8,CamaID: 0159-0027-0000,209 CLINTON ST,484771,08178-0159-0027-0000,0159-0027-0000,297.211440630731,11,178656,4839.69415108673
Portsmouth,73,131,0159-0011-0000,178,27,,11,178-34906,8,CamaID: 0159-0011-0000,249 CLINTON ST,484772,08178-0159-0011-0000,0159-0011-0000,268.272774370308,11-73,178657,4286.11062253466
Portsmouth,,131,0159-0018-0000,178,27,,11,178-34913,8,CamaID: 0159-0018-0000,105 THORNTON ST,484773,08178-0159-0018-0000,0159-0018-0000,250.345299248325,11,178658,3729.39194756719
Portsmouth,,204,0159-0001-0000,178,34,,14,178-54070,8,CamaID: 0159-0001-0001,79 THORNTON ST #1,484774,08178-0159-0001-0000,0159-0001-0001,448.409894280587,14,178659,11808.0216758728
Portsmouth,,131,0160-0039-0000,178,27,,11,178-34982,8,CamaID: 0160-0039-0000,33 HUNTERS HILL AVE,484775,08178-0160-0039-0000,0160-0039-0000,370.574689967491,11,178660,7508.37017961977
Portsmouth,,305,0128-0014-0000,178,60,,57,178-37760,8,CamaID: 0128-0014-0000,175 PARROTT AVE,484776,08178-0128-0014-0000,0128-0014-0000,958.178380175585,57,178661,57100.8208576796
Portsmouth,,305,0117-0029-0000,178,60,,44,178-38939,8,CamaID: 0117-0029-0001,36 MARKET ST #A,484777,08178-0117-0029-0000,0117-0029-0001,348.999506612129,44,178662,5292.01784363028
Portsmouth,70,101,0102-0040-0000,178,2,,11,178-32915,8,CamaID: 0102-0040-0000,53 PRAY ST,484778,08178-0102-0040-0000,0102-0040-0000,325.682886894807,11-70,178663,4902.81196296292
Portsmouth,,101,0102-0034-0000,178,2,,11,178-32909,8,CamaID: 0102-0034-0000,24 SALTER ST,484779,08178-0102-0034-0000,0102-0034-0000,275.769268587107,11,178664,4695.47561801284
Portsmouth,70,101,0102-0030-0000,178,2,,11,178-32905,8,CamaID: 0102-0030-0000,41 SALTER ST,484780,08178-0102-0030-0000,0102-0030-0000,272.063727543206,11-70,178665,3178.38484779407
Portsmouth,70,101,0102-0031-0000,178,2,,11,178-32906,8,CamaID: 0102-0031-0000,53 SALTER ST,484781,08178-0102-0031-0000,0102-0031-0000,329.106655631366,11-70,178666,5205.10733843391
Portsmouth,,202,0102-0032-0000,178,32,,14,178-54218,8,CamaID: 0102-0032-0001,75 SALTER ST #1,484782,08178-0102-0032-0000,0102-0032-0001,594.085009284304,14,178667,11772.1764750399
Portsmouth,,101,0102-034A-0000,178,2,,11,178-32950,8,CamaID: 0102-034A-0000,34 SALTER ST,484783,08178-0102-034A-0000,0102-034A-0000,267.040526505249,11,178668,4422.96683502329
Portsmouth,,129,0219-0027-0000,178,25,,11,178-29324,8,CamaID: 0219-0027-0000,1236 MAPLEWOOD AVE,484784,08178-0219-0027-0000,0219-0027-0000,353.839539446028,11,178669,7893.26323017898
Portsmouth,,129,0219-0028-0000,178,25,,11,178-29325,8,CamaID: 0219-0028-0000,1238 MAPLEWOOD AVE,484785,08178-0219-0028-0000,0219-0028-0000,362.150069042113,11,178670,8045.34384616576
Portsmouth,70,101,0102-0033-0000,178,2,,11,178-32908,8,CamaID: 0102-0033-0000,56 SALTER ST,484786,08178-0102-0033-0000,0102-0033-0000,281.002316840418,11-70,178671,4474.03296665116
Portsmouth,,204,0138-0046-0000,178,34,,14,178-38881,8,CamaID: 0138-0046-0001,28 LANGDON ST #1,484787,08178-0138-0046-0000,0138-0046-0001,318.504297446543,14,178672,6339.73766310557
Portsmouth,,105,0138-0034-0000,178,7,,11,178-34190,8,CamaID: 0138-0034-0000,20 BREWSTER ST,484788,08178-0138-0034-0000,0138-0034-0000,144.440955019898,11,178673,1085.46683728979
Portsmouth,,131,0142-0007-0000,178,27,,11,178-34282,8,CamaID: 0142-0007-0000,233 DENNETT ST,484789,08178-0142-0007-0000,0142-0007-0000,412.048534458907,11,178674,9994.19243092324
Portsmouth,,123,0169-0006-0000,178,21,,11,178-38156,8,CamaID: 0169-0006-0000,300 SPINNEY RD,484790,08178-0169-0006-0000,0169-0006-0000,699.516942166376,11,178675,28288.9015515175
Portsmouth,,104,0152-0019-0000,178,6,,11,178-34764,8,CamaID: 0152-0019-0000,97 MIDDLE RD,484791,08178-0152-0019-0000,0152-0019-0000,334.091105224523,11,178676,5852.87878604475
Portsmouth,,104,0152-0009-0000,178,6,,12,178-34754,8,CamaID: 0152-0009-0000,77 MIDDLE RD,484792,08178-0152-0009-0000,0152-0009-0000,325.968529671795,12,178677,5642.36785129091
Portsmouth,,104,0152-0017-0000,178,6,,11,178-34762,8,CamaID: 0152-0017-0000,71 KENSINGTON RD,484793,08178-0152-0017-0000,0152-0017-0000,301.405852969324,11,178678,5031.3989961428
Portsmouth,,104,0169-0009-0000,178,6,,11,178-52271,8,CamaID: 0169-0009-0000,25 SANDERSON DR,484794,08178-0169-0009-0000,0169-0009-0000,542.068409173966,11,178679,16074.1935539186
Portsmouth,,104,0167-0015-0000,178,6,,11,178-52275,8,CamaID: 0167-0015-0000,50 SANDERSON DR,484795,08178-0167-0015-0000,0167-0015-0000,711.663406897861,11,178680,29489.0677254814
Portsmouth,,104,0167-0014-0000,178,6,,11,178-52274,8,CamaID: 0167-0014-0000,40 SANDERSON DR,484796,08178-0167-0014-0000,0167-0014-0000,878.267935438953,11,178681,29524.3199083617
Portsmouth,,123,0232-0149-0000,178,21,,11,178-30288,8,CamaID: 0232-0149-0000,87 SHEFFIELD RD,484797,08178-0232-0149-0000,0232-0149-0000,368.036964670768,11,178682,9325.47064248384
Portsmouth,,123,0232-0150-0000,178,21,,11,178-30289,8,CamaID: 0232-0150-0000,7 HAMPSHIRE RD,484798,08178-0232-0150-0000,0232-0150-0000,349.9294059636,11,178683,7605.93452113012
Portsmouth,,123,0232-0148-0000,178,21,,11,178-30287,8,CamaID: 0232-0148-0000,83 SHEFFIELD RD,484799,08178-0232-0148-0000,0232-0148-0000,322.492490264879,11,178684,6002.42667332711
Portsmouth,,104,0168-0009-0000,178,6,,11,178-35203,8,CamaID: 0168-0009-0000,260 MIDDLE RD,484800,08178-0168-0009-0000,0168-0009-0000,362.774180799986,11,178685,8095.26015503848
Portsmouth,,123,0232-0152-0000,178,21,,11,178-30291,8,CamaID: 0232-0152-0000,10 HAMPSHIRE RD,484801,08178-0232-0152-0000,0232-0152-0000,376.801141147006,11,178686,8651.66152223255
Portsmouth,,104,0152-0013-0000,178,6,,11,178-34758,8,CamaID: 0152-0013-0000,85 LAWRENCE ST,484802,08178-0152-0013-0000,0152-0013-0000,421.331281422962,11,178687,11488.7985631591
Portsmouth,,104,0152-0026-0000,178,6,,11,178-34771,8,CamaID: 0152-0026-0000,24 KENSINGTON RD,484803,08178-0152-0026-0000,0152-0026-0000,495.37876547032,11,178688,11448.0306657418
Portsmouth,,104,0152-0029-0000,178,6,,11,178-34773,8,CamaID: 0152-0029-0000,59 BOSS AVE,484804,08178-0152-0029-0000,0152-0029-0000,297.656800627761,11,178689,4933.72434411561
Portsmouth,,104,0152-0043-0000,178,6,,12,178-34787,8,CamaID: 0152-0043-0000,49 LAWRENCE ST,484805,08178-0152-0043-0000,0152-0043-0000,336.703105680981,12,178690,6076.32785068106
Portsmouth,,104,0166-0027-0000,178,6,,11,178-35161,8,CamaID: 0166-0027-0000,50 SEWALL RD,484806,08178-0166-0027-0000,0166-0027-0000,427.430669086959,11,178691,7902.65645752161
Portsmouth,,104,0166-0024-0000,178,6,,11,178-35158,8,CamaID: 0166-0024-0000,18 FELLS RD,484807,08178-0166-0024-0000,0166-0024-0000,444.107102821777,11,178692,12253.5853551988
Portsmouth,,104,0166-0019-0000,178,6,,11,178-35153,8,CamaID: 0166-0019-0000,73 SUNSET RD,484808,08178-0166-0019-0000,0166-0019-0000,408.317822250914,11,178693,9540.90028285907
Portsmouth,,104,0166-0018-0000,178,6,,11,178-35152,8,CamaID: 0166-0018-0000,97 SUNSET RD,484809,08178-0166-0018-0000,0166-0018-0000,445.077863158521,11,178694,11566.9561335739
Portsmouth,70,131,0122-0006-0000,178,27,,11,178-33614,8,CamaID: 0122-0006-0000,206 NORTHWEST ST,484810,08178-0122-0006-0000,0122-0006-0000,718.421409997462,11-70,178695,15128.9914910694
Portsmouth,,131,0122-0005-0000,178,27,,22,178-33613,8,CamaID: 0122-0005-0000,NORTHWEST ST,484811,08178-0122-0005-0000,0122-0005-0000,248.390128681959,22,178696,2802.01102515743
Portsmouth,,302,0285-0016-0002,178,57,,33,178-35943,8,CamaID: 0285-0016-0002,2460 LAFAYETTE RD,484812,08178-0285-0016-0002,0285-0016-0002,5464.10336654795,33,178697,882406.965379715
Portsmouth,,120,0265-002B-0000,178,19,,11,178-31513,8,CamaID: 0265-002B-0000,470 BANFIELD RD,484813,08178-0265-002B-0000,0265-002B-0000,2598.32229718759,11,178698,228138.914876573
Portsmouth,,304,0242-0002-0000,178,59,,57,178-35590,8,CamaID: 0242-0002-0000,1 PLAINS AVE,484814,08178-0242-0002-0000,0242-0002-0000,1759.67515407615,57,178699,125538.596167143
Portsmouth,,120,0275-0005-0000,178,19,,27,178-32110,8,CamaID: 0275-0005-0000,850 BANFIELD RD,484815,08178-0275-0005-0000,0275-0005-0000,3143.34190420318,27,178700,328816.956812949
Portsmouth,,301,0258-0053-0000,178,56,,27,178-35725,8,CamaID: 0258-0053-0000,GREENLAND RD,484816,08178-0258-0053-0000,0258-0053-0000,1238.99188533128,27,178701,84951.9348751099
Portsmouth,,121,0258-0001-0001,178,20,,11,178-38718,8,CamaID: 0258-0001-0001,550 GREENLAND RD,484817,08178-0258-0001-0001,0258-0001-0001,1758.74977728475,11,178702,65742.6239660693
Portsmouth,,103B,0148-0008-0000,178,5,,11,178-34543,8,CamaID: 0148-0008-0000,151 PARK ST,484824,08178-0148-0008-0000,0148-0008-0000,416.246176712709,11,178703,8757.65912054684
Portsmouth,,103B,0148-0006-0000,178,5,,11,178-34542,8,CamaID: 0148-0006-0000,570 LINCOLN AVE,484825,08178-0148-0006-0000,0148-0006-0000,330.013506858705,11,178704,5742.53562611432
Portsmouth,,125,0243-0007-0000,178,22,,11,178-30760,8,CamaID: 0243-0007-0000,375 GREENLEAF AVE,484818,08178-0243-0007-0000,0243-0007-0000,2983.7063053722,11,178705,317028.979430702
Portsmouth,,125,0243-0041-0000,178,22,,11,178-30790,8,CamaID: 0243-0041-0000,72 WOODWORTH AVE,484819,08178-0243-0041-0000,0243-0041-0000,235.584785766181,11,178706,3054.02894069457
Portsmouth,,125,0243-0031-0000,178,22,,22,178-30783,8,CamaID: 0243-0031-0000,SWETT AVE,484820,08178-0243-0031-0000,0243-0031-0000,246.708990235817,22,178707,3318.50596253227
Portsmouth,,302,0298-0004-0000,178,57,,33,178-36023,8,CamaID: 0298-0004-0000,3611 LAFAYETTE RD,484821,08178-0298-0004-0000,0298-0004-0000,1370.45044617983,33,178708,86970.1880613759
Portsmouth,,118,0298-0003-0000,178,17,,22,178-32799,8,CamaID: 0298-0003-0000,3609 LAFAYETTE RD,484822,08178-0298-0003-0000,0298-0003-0000,4248.2044115622,22,178709,200839.585466606
Portsmouth,,302,0298-0002-0000,178,57,,33,178-36022,8,CamaID: 0298-0002-0000,3605 LAFAYETTE RD,484823,08178-0298-0002-0000,0298-0002-0000,4928.55459095945,33,178710,694469.088038866
Portsmouth,,103B,0148-0005-0000,178,5,,11,178-34541,8,CamaID: 0148-0005-0000,560 LINCOLN AVE,484826,08178-0148-0005-0000,0148-0005-0000,330.563600105399,11,178711,5778.68823374599
Portsmouth,,103B,0148-0004-0000,178,5,,11,178-34540,8,CamaID: 0148-0004-0000,550 LINCOLN AVE,484827,08178-0148-0004-0000,0148-0004-0000,333.581850653143,11,178712,6002.65466049574
Portsmouth,,103B,0148-0001-0001,178,5,,11,178-52366,8,CamaID: 0148-0001-0001,180 WIBIRD ST,484828,08178-0148-0001-0001,0148-0001-0001,415.474211289545,11,178713,8265.43445891772
Portsmouth,,103B,0133-0054-0000,178,5,,11,178-33947,8,CamaID: 0133-0054-0000,225 WIBIRD ST,484829,08178-0133-0054-0000,0133-0054-0000,485.000754293756,11,178714,13230.6921767942
Portsmouth,,302,0272-0010-0000,178,57,,33,178-38685,8,CamaID: 0272-0010-0000,2319 LAFAYETTE RD,484830,08178-0272-0010-0000,0272-0010-0000,1199.9997165759,33,178715,79998.2140591235
Portsmouth,,302,0272-0004-0000,178,57,,33,178-35858,8,CamaID: 0272-0004-0000,2299 LAFAYETTE RD,484831,08178-0272-0004-0000,0272-0004-0000,1194.97046741172,33,178716,78982.8032379907
Portsmouth,,216,0272-0006-0000,178,45,,14,178-31807,8,CamaID: 0272-0006-0704,714 SPRINGBROOK CIR #714,484832,08178-0272-0006-0000,0272-0006-0704,12309.5509431147,14,178717,3709688.90739802
Portsmouth,,302,0272-0003-0000,178,57,,33,178-35857,8,CamaID: 0272-0003-0000,2255 LAFAYETTE RD,484833,08178-0272-0003-0000,0272-0003-0000,1361.51456712672,33,178718,112546.629103061
Portsmouth,,302,0272-0002-0000,178,57,,33,178-35856,8,CamaID: 0272-0002-0000,2225 LAFAYETTE RD,484834,08178-0272-0002-0000,0272-0002-0000,1005.71822125414,33,178719,60495.4953471344
Portsmouth,,302,0272-0007-0000,178,57,,33,178-35859,8,CamaID: 0272-0007-0000,2355 LAFAYETTE RD,484835,08178-0272-0007-0000,0272-0007-0000,1614.27027220124,33,178720,143676.370332567
Portsmouth,,125,0232-0055-0000,178,22,,11,178-30203,8,CamaID: 0232-0055-0000,834 MIDDLE RD,484836,08178-0232-0055-0000,0232-0055-0000,387.27946368853,11,178721,9292.60625598603
Portsmouth,,125,0232-0054-0000,178,22,,11,178-30202,8,CamaID: 0232-0054-0000,820 MIDDLE RD,484837,08178-0232-0054-0000,0232-0054-0000,1292.54032141126,11,178722,54564.7427155745
Portsmouth,,125,0232-0053-0000,178,22,,11,178-30201,8,CamaID: 0232-0053-0000,802 MIDDLE RD,484838,08178-0232-0053-0000,0232-0053-0000,1209.82904926635,11,178723,32698.4644285037
Portsmouth,73,101,0207-0062-0000,178,2,,11,178-28715,8,CamaID: 0207-0062-0000,86 RIDGES CT,484839,08178-0207-0062-0000,0207-0062-0000,616.9159443028,11-73,178724,21148.3304853375
Portsmouth,70,102,0207-0070-0000,178,3,,11,178-28723,8,CamaID: 0207-0070-0000,86 NEW CASTLE AVE,484840,08178-0207-0070-0000,0207-0070-0000,989.325799584782,11-70,178725,37640.692594043
Portsmouth,,101,0207-0060-0000,178,2,,19,178-28713,8,CamaID: 0207-0060-0000,RIDGES CT,484841,08178-0207-0060-0000,0207-0060-0000,299.937432314202,19,178726,2689.49425106651
Portsmouth,73,101,0207-0063-0000,178,2,,11,178-28716,8,CamaID: 0207-0063-0000,56 RIDGES CT,484842,08178-0207-0063-0000,0207-0063-0000,609.33076057835,11-73,178727,20560.1658373691
Portsmouth,70,101,0207-0059-0000,178,2,,11,178-28712,8,CamaID: 0207-0059-0000,67 RIDGES CT,484843,08178-0207-0059-0000,0207-0059-0000,512.544489145104,11-70,178728,16206.4053154626
Portsmouth,,101,0207-0069-0000,178,2,,22,178-28722,8,CamaID: 0207-0069-0000,NEW CASTLE AVE,484844,08178-0207-0069-0000,0207-0069-0000,306.5639187791,22,178729,5155.30766948046
Portsmouth,73,101,0207-0064-0000,178,2,,11,178-28717,8,CamaID: 0207-0064-0000,46 RIDGES CT,484845,08178-0207-0064-0000,0207-0064-0000,299.235506239389,11-73,178730,5004.71209906392
Portsmouth,,101,0207-0068-0000,178,2,,22,178-28721,8,CamaID: 0207-0068-0000,NEW CASTLE AVE,484846,08178-0207-0068-0000,0207-0068-0000,307.009270939104,22,178731,5199.33311637968
Portsmouth,73,101,0207-0065-0000,178,2,,11,178-28718,8,CamaID: 0207-0065-0000,40 RIDGES CT,484847,08178-0207-0065-0000,0207-0065-0000,298.790066715726,11-73,178732,5003.48140874185
Portsmouth,70,101,0207-0046-0000,178,2,,11,178-28701,8,CamaID: 0207-0046-0000,71 BAYCLIFF RD,484848,08178-0207-0046-0000,0207-0046-0000,594.688748832415,11-70,178733,12631.3067339616
Portsmouth,,101,0207-0058-0000,178,2,,11,178-28711,8,CamaID: 0207-0058-0000,49 RIDGES CT,484849,08178-0207-0058-0000,0207-0058-0000,419.360757255625,11,178734,10989.9073910452
Portsmouth,70,101,0207-0047-0000,178,2,,11,178-28702,8,CamaID: 0207-0047-0000,51 BAYCLIFF RD,484850,08178-0207-0047-0000,0207-0047-0000,533.297255073443,11-70,178735,16490.787910396
Portsmouth,,101,0207-0066-0000,178,2,,11,178-28719,8,CamaID: 0207-0066-0000,34 RIDGES CT,484851,08178-0207-0066-0000,0207-0066-0000,501.170482912263,11,178736,9974.17029520008
Portsmouth,,115,0269-0039-0000,178,15,,11,178-31665,8,CamaID: 0269-0039-0000,150 FW HARTFORD DR,484852,08178-0269-0039-0000,0269-0039-0000,798.055764617525,11,178737,29864.0987610729
Portsmouth,,115,0269-0040-0000,178,15,,11,178-31666,8,CamaID: 0269-0040-0000,140 FW HARTFORD DR,484853,08178-0269-0040-0000,0269-0040-0000,797.074026821548,11,178738,29733.0849538579
Portsmouth,70,101,0207-0053-0000,178,2,,11,178-28707,8,CamaID: 0207-0053-0000,48 BALL ST,484854,08178-0207-0053-0000,0207-0053-0000,937.763458615449,11-70,178739,47562.2691510353
Portsmouth,,101,0207-0057-0000,178,2,,11,178-28710,8,CamaID: 0207-0057-0000,25 RIDGES CT,484855,08178-0207-0057-0000,0207-0057-0000,314.125853965817,11,178740,5495.22499115801
Portsmouth,,117,0282-0006-0001,178,16,,11,178-32123,8,CamaID: 0282-0006-0001,570 OCEAN RD,484856,08178-0282-0006-0001,0282-0006-0001,1039.10156709795,11,178741,57970.6493287489
Portsmouth,,119,0282-0004-0000,178,18,,22,178-32121,8,CamaID: 0282-0004-0000,OCEAN RD,484857,08178-0282-0004-0000,0282-0004-0000,1272.38070060669,22,178742,55358.9835611505
Portsmouth,,117,0282-0006-0035,178,16,,11,178-32157,8,CamaID: 0282-0006-0035,279 BUCKMINSTER WAY,484858,08178-0282-0006-0035,0282-0006-0035,962.68826894752,11,178743,46460.6458187269
Portsmouth,,117,0282-0006-0034,178,16,,11,178-32156,8,CamaID: 0282-0006-0034,255 BUCKMINSTER WAY,484859,08178-0282-0006-0034,0282-0006-0034,840.554018379944,11,178744,43610.4713064651
Portsmouth,,301,0278-0001-0000,178,56,,27,178-35898,8,CamaID: 0278-0001-0000,GREENLAND RD,484860,08178-0278-0001-0000,0278-0001-0000,12604.32135776,27,178745,3532129.18182534
Portsmouth,,302,0279-0002-0000,178,57,,33,178-35902,8,CamaID: 0279-0002-0000,1166 GREENLAND RD,484861,08178-0279-0002-0000,0279-0002-0000,4757.58076564226,33,178746,736984.493978823
Portsmouth,,117,0282-0006-0018,178,16,,11,178-32140,8,CamaID: 0282-0006-0018,228 BUCKMINSTER WAY,484862,08178-0282-0006-0018,0282-0006-0018,955.473399842537,11,178747,46687.2026926136
Portsmouth,,117,0282-0006-0017,178,16,,11,178-32139,8,CamaID: 0282-0006-0017,214 BUCKMINSTER WAY,484863,08178-0282-0006-0017,0282-0006-0017,915.002477513137,11,178748,44140.5678021589
Portsmouth,,117,0282-0006-0016,178,16,,11,178-32138,8,CamaID: 0282-0006-0016,200 BUCKMINSTER WAY,484864,08178-0282-0006-0016,0282-0006-0016,983.868967487051,11,178749,48321.3059168698
Portsmouth,,117,0282-0006-0015,178,16,,11,178-32137,8,CamaID: 0282-0006-0015,188 BUCKMINSTER WAY,484865,08178-0282-0006-0015,0282-0006-0015,1024.16615528009,11,178750,55866.7319160597
Portsmouth,,119,0282-0006-0014,178,18,,27,178-32136,8,CamaID: 0282-0006-0014,31 HEATHER LN,484866,08178-0282-0006-0014,0282-0006-0014,886.003113490401,27,178751,43630.4315720038
Portsmouth,,307,0305-0005-0000,178,63,,34,178-38312,8,CamaID: 0305-0005-0000,34 HARVEST WAY,484867,08178-0305-0005-0000,0305-0005-0000,5240.34953382853,34,178752,1351315.17274974
Portsmouth,,101,0103-0027-0000,178,2,,11,178-32983,8,CamaID: 0103-0027-0000,1 WALTON ALY,484868,08178-0103-0027-0000,0103-0027-0000,336.017609737633,11,178753,5546.42445244373
Portsmouth,70,101,0103-0031-0000,178,2,,11,178-32985,8,CamaID: 0103-0031-0000,121 MECHANIC ST,484869,08178-0103-0031-0000,0103-0031-0000,361.257259408942,11-70,178754,6248.41712364453
Portsmouth,73,101,0103-0025-0000,178,2,,11,178-32981,8,CamaID: 0103-0025-0000,112 MECHANIC ST,484870,08178-0103-0025-0000,0103-0025-0000,137.69228119686,11-73,178755,1101.61606970781
Portsmouth,,304,0103-0029-0000,178,59,,57,178-32984,8,CamaID: 0103-0029-0000,95 MECHANIC ST,484871,08178-0103-0029-0000,0103-0029-0000,229.809672982234,57,178756,3105.62336314912
Portsmouth,,202,0103-0008-0000,178,32,,14,178-38891,8,CamaID: 0103-0008-0001,213 GATES ST #1,484872,08178-0103-0008-0000,0103-0008-0001,310.080529066585,14,178757,5747.01530499592
Portsmouth,,305,0103-0009-0000,178,60,,27,178-37177,8,CamaID: 0103-0009-0000,MECHANIC ST,484873,08178-0103-0009-0000,0103-0009-0000,574.911954370432,27,178758,18527.8592862682
Portsmouth,,305,0208-0001-0000,178,60,,57,178-35320,8,CamaID: 0208-0001-0000,99 PEIRCE ISLAND RD,484874,08178-0208-0001-0000,0208-0001-0000,8233.87657840779,57,178759,1552299.95151237
Portsmouth,,112,0223-0013-0000,178,12,,11,178-29826,8,CamaID: 0223-0013-0000,33 CLIFF RD,484875,08178-0223-0013-0000,0223-0013-0000,976.673757347725,11,178760,48948.0630368758
Portsmouth,,103B,0111-0010-0000,178,5,,11,178-33246,8,CamaID: 0111-0010-0000,306 SOUTH ST,484876,08178-0111-0010-0000,0111-0010-0000,572.965372183829,11,178761,14698.5419862801
Portsmouth,,103B,0111-0024-0000,178,5,,11,178-33259,8,CamaID: 0111-0024-0000,291 SOUTH ST,484877,08178-0111-0024-0000,0111-0024-0000,206.710712680378,11,178762,2476.616858906
Portsmouth,,103B,0111-0025-0000,178,5,,12,178-33260,8,CamaID: 0111-0025-0000,283 SOUTH ST,484878,08178-0111-0025-0000,0111-0025-0000,180.211444816043,12,178763,1897.75319916132
Portsmouth,,103B,0111-0026-0000,178,5,,11,178-33261,8,CamaID: 0111-0026-0000,14 MT VERNON ST,484879,08178-0111-0026-0000,0111-0026-0000,208.004871744471,11,178764,2093.07469220869
Portsmouth,,103B,0111-0027-0000,178,5,,11,178-33262,8,CamaID: 0111-0027-0000,18 MT VERNON ST,484880,08178-0111-0027-0000,0111-0027-0000,282.297745254973,11,178765,4753.58525282429
Portsmouth,,103B,0111-0028-0000,178,5,,11,178-33263,8,CamaID: 0111-0028-0000,40 MT VERNON ST,484881,08178-0111-0028-0000,0111-0028-0000,316.002809599031,11,178766,6110.04027309489
Portsmouth,73,102,0101-0048-0000,178,3,,11,178-32842,8,CamaID: 0101-0048-0000,59 NEW CASTLE AVE,484882,08178-0101-0048-0000,0101-0048-0000,258.884501321423,11-73,178767,3559.81956608764
Portsmouth,,204,0111-0002-0000,178,34,,14,178-54825,8,CamaID: 0111-0002-0001,232 SOUTH ST #1,484883,08178-0111-0002-0000,0111-0002-0001,372.813846001255,14,178768,7727.08007005097
Portsmouth,,103B,0111-0001-0000,178,5,,12,178-33238,8,CamaID: 0111-0001-0000,220 SOUTH ST,484884,08178-0111-0001-0000,0111-0001-0000,372.995871628897,12,178769,7629.69047152106
Portsmouth,,103B,0111-0004-0000,178,5,,11,178-33241,8,CamaID: 0111-0004-0000,254 SOUTH ST,484885,08178-0111-0004-0000,0111-0004-0000,334.65802138868,11,178770,5261.93017873677
Portsmouth,,103B,0111-0003-0000,178,5,,12,178-33240,8,CamaID: 0111-0003-0000,244 SOUTH ST,484886,08178-0111-0003-0000,0111-0003-0000,369.488238005743,12,178771,7583.35768323091
Portsmouth,,103B,0136-0007-0000,178,5,,11,178-34090,8,CamaID: 0136-0007-0000,298 MIDDLE ST,484887,08178-0136-0007-0000,0136-0007-0000,392.999753920576,11,178772,8606.16585207936
Portsmouth,,304,0136-0025-0000,178,59,,57,178-34103,8,CamaID: 0136-0025-0000,40 SUMMER ST,484888,08178-0136-0025-0000,0136-0025-0000,434.291038152229,57,178773,10444.8209776921
Portsmouth,,105,0136-0029-0000,178,7,,11,178-34107,8,CamaID: 0136-0029-0000,116 AUSTIN ST,484889,08178-0136-0029-0000,0136-0029-0000,269.411963782046,11,178774,3296.64156730674
Portsmouth,,105,0136-0028-0000,178,7,,11,178-34106,8,CamaID: 0136-0028-0000,110 AUSTIN ST,484890,08178-0136-0028-0000,0136-0028-0000,144.052164641537,11,178775,1148.09848440811
Portsmouth,,304,0136-0016-0000,178,59,,13,178-37830,8,CamaID: 0136-0016-0000,245 MIDDLE ST,484891,08178-0136-0016-0000,0136-0016-0000,1246.91895447582,13,178776,66768.5023075556
Portsmouth,,201,0138-0036-0000,178,31,,14,178-52586,8,CamaID: 0138-0036-0002,40 BREWSTER ST #2,484892,08178-0138-0036-0000,0138-0036-0002,253.072276807528,14,178777,3675.4599437104
Portsmouth,,301,0252-0003-0000,178,56,,34,178-35675,8,CamaID: 0252-0003-0000,35 MIRONA RD,484893,08178-0252-0003-0000,0252-0003-0000,1876.59671071672,34,178778,142198.472874893
Portsmouth,,101,0103-0011-0000,178,2,,12,178-32967,8,CamaID: 0103-0011-0000,225 MARCY ST,484894,08178-0103-0011-0000,0103-0011-0000,232.860792304726,12,178779,3291.36327723733
Portsmouth,,119,0292-0244-0000,178,18,,11,178-38136,8,CamaID: 0292-0244-0000,50 NATHANIEL DR,484895,08178-0292-0244-0000,0292-0244-0000,502.952417343227,11,178780,15178.758636269
Portsmouth,,120,0268-0010-0000,178,19,,11,178-31533,8,CamaID: 0268-0010-0000,2007 LAFAYETTE RD,484896,08178-0268-0010-0000,0268-0010-0000,505.006482211233,11,178781,13101.6363277481
Portsmouth,,301,0267-0018-0000,178,56,,27,178-35845,8,CamaID: 0267-0018-0000,280 WEST RD,484897,08178-0267-0018-0000,0267-0018-0000,352.161267914207,27,178782,7582.71035351989
Portsmouth,,301,0267-0021-0000,178,56,,44,178-35803,8,CamaID: 0267-0021-0007,210 WEST RD #7,484898,08178-0267-0021-0000,0267-0021-0007,1292.38590023983,44,178783,98450.6553942726
Portsmouth,,301,0267-0020-0000,178,56,,34,178-35809,8,CamaID: 0267-0020-0000,240 WEST RD,484899,08178-0267-0020-0000,0267-0020-0000,1541.70182165343,34,178784,135133.739100093
Portsmouth,,301,0267-0022-0000,178,56,,34,178-35796,8,CamaID: 0267-0022-0000,200 WEST RD,484900,08178-0267-0022-0000,0267-0022-0000,1295.92618537494,34,178785,99176.3639312535
Portsmouth,,118,0292-0040-0000,178,17,,11,178-32503,8,CamaID: 0292-0040-0000,21 SUZANNE DR,484901,08178-0292-0040-0000,0292-0040-0000,375.704980527137,11,178786,8779.80569711673
Portsmouth,,118,0292-0043-0000,178,17,,11,178-32506,8,CamaID: 0292-0043-0000,2 SIMONDS RD,484902,08178-0292-0043-0000,0292-0043-0000,387.327706166192,11,178787,9625.44246851184
Portsmouth,,118,0292-0041-0000,178,17,,11,178-32504,8,CamaID: 0292-0041-0000,19 SUZANNE DR,484903,08178-0292-0041-0000,0292-0041-0000,372.201454457507,11,178788,8621.74553018076
Portsmouth,,118,0292-0042-0000,178,17,,11,178-32505,8,CamaID: 0292-0042-0000,17 SUZANNE DR,484904,08178-0292-0042-0000,0292-0042-0000,385.945136886745,11,178789,9580.50990415829
Portsmouth,,302,0286-0018-0000,178,57,,33,178-35952,8,CamaID: 0286-0018-0000,2839 LAFAYETTE RD,484905,08178-0286-0018-0000,0286-0018-0000,902.142551092277,33,178790,50212.9603740425
Portsmouth,,112,0222-0040-0000,178,12,,11,178-29634,8,CamaID: 0222-0040-0000,78 MARNE AVE,484906,08178-0222-0040-0000,0222-0040-0000,383.346793641573,11,178791,8897.63458673684
Portsmouth,,112,0222-0032-0000,178,12,,11,178-29627,8,CamaID: 0222-0032-0000,65 JONES AVE,484907,08178-0222-0032-0000,0222-0032-0000,360.748452446077,11,178792,7633.57830469881
Portsmouth,,112,0222-0027-0000,178,12,,11,178-29622,8,CamaID: 0222-0027-0000,327 SAGAMORE AVE,484908,08178-0222-0027-0000,0222-0027-0000,547.947866876115,11,178793,15102.79904985
Portsmouth,,129,0237-0033-0000,178,25,,11,178-30663,8,CamaID: 0237-0033-0000,67 HILLCREST DR,484909,08178-0237-0033-0000,0237-0033-0000,451.567470384439,11,178794,11282.9862966822
Portsmouth,,129,0237-0034-0000,178,25,,11,178-30664,8,CamaID: 0237-0034-0000,83 HILLCREST DR,484910,08178-0237-0034-0000,0237-0034-0000,459.450610250692,11,178795,11556.7145499007
Portsmouth,,127,0237-0055-0000,178,23,,12,178-30684,8,CamaID: 0237-0055-0000,184 ECHO AVE,484911,08178-0237-0055-0000,0237-0055-0000,882.945869611544,12,178796,42263.6986520893
Portsmouth,,129,0237-0080-0000,178,25,,11,178-52167,8,CamaID: 0237-0080-0000,240 WOODLAWN CIR,484912,08178-0237-0080-0000,0237-0080-0000,691.380175534735,11,178797,22779.4349488386
Portsmouth,,129,0237-0051-0000,178,25,,11,178-30680,8,CamaID: 0237-0051-0000,177 WOODLAWN CIR,484913,08178-0237-0051-0000,0237-0051-0000,519.411789628278,11,178798,13798.3516984561
Portsmouth,,103B,0149-0015-0000,178,5,,12,178-34618,8,CamaID: 0149-0015-0000,222 WIBIRD ST,484914,08178-0149-0015-0000,0149-0015-0000,433.385304956211,12,178799,9676.18190632722
Portsmouth,,103B,0149-0016-0000,178,5,,11,178-34619,8,CamaID: 0149-0016-0000,204 WIBIRD ST,484915,08178-0149-0016-0000,0149-0016-0000,424.449599661114,11,178800,9182.06707834363
Portsmouth,,103B,0148-0001-0000,178,5,,11,178-34537,8,CamaID: 0148-0001-0000,194 WIBIRD ST,484916,08178-0148-0001-0000,0148-0001-0000,420.50391929018,11,178801,9023.36040224067
Portsmouth,,103B,0149-0043-0000,178,5,,11,178-34645,8,CamaID: 0149-0043-0000,155 ORCHARD ST,484917,08178-0149-0043-0000,0149-0043-0000,466.703785134656,11,178802,13128.9414943781
Portsmouth,,129,0237-0043-0000,178,25,,11,178-30672,8,CamaID: 0237-0043-0000,176 WOODLAWN CIR,484918,08178-0237-0043-0000,0237-0043-0000,427.685068472521,11,178803,9937.71928750795
Portsmouth,,129,0237-0052-0000,178,25,,11,178-30681,8,CamaID: 0237-0052-0000,197 WOODLAWN CIR,484919,08178-0237-0052-0000,0237-0052-0000,518.534540659718,11,178804,12630.3986163303
Portsmouth,,129,0237-0053-0000,178,25,,11,178-30682,8,CamaID: 0237-0053-0000,231 WOODLAWN CIR,484920,08178-0237-0053-0000,0237-0053-0000,436.925833766369,11,178805,12135.3243756319
Portsmouth,,304,0237-0054-0000,178,59,,57,178-30683,8,CamaID: 0237-0054-0000,245 WOODLAWN CIR,484921,08178-0237-0054-0000,0237-0054-0000,442.877842904474,57,178806,12310.7097858293
Portsmouth,,129,0237-0042-0000,178,25,,11,178-30671,8,CamaID: 0237-0042-0000,200 WOODLAWN CIR,484922,08178-0237-0042-0000,0237-0042-0000,597.037212108248,11,178807,23039.8226322643
Portsmouth,,305,0118-0012-0000,178,60,,57,178-37740,8,CamaID: 0118-0012-0000,2 DEER ST,484923,08178-0118-0012-0000,0118-0012-0000,209.956924495902,57,178808,2797.97550586305
Portsmouth,,305,0119-001B-0000,178,60,,44,178-37417,8,CamaID: 0119-001B-001A,33 DEER ST #1A,484924,08178-0119-001B-0000,0119-001B-001A,721.357374676633,44,178809,17392.9294229848
Portsmouth,,119,0292-0241-0000,178,18,,11,178-38133,8,CamaID: 0292-0241-0000,80 NATHANIEL DR,484925,08178-0292-0241-0000,0292-0241-0000,500.803420223319,11,178810,15000.254324532
Portsmouth,,119,0292-0240-0000,178,18,,11,178-38132,8,CamaID: 0292-0240-0000,90 NATHANIEL DR,484926,08178-0292-0240-0000,0292-0240-0000,500.817156203743,11,178811,15001.1628851232
Portsmouth,,119,0292-0236-0000,178,18,,11,178-38072,8,CamaID: 0292-0236-0000,130 NATHANIEL DR,484927,08178-0292-0236-0000,0292-0236-0000,500.653307231829,11,178812,14996.1674147255
Portsmouth,,119,0292-0237-0000,178,18,,11,178-38129,8,CamaID: 0292-0237-0000,120 NATHANIEL DR,484928,08178-0292-0237-0000,0292-0237-0000,500.781350760675,11,178813,14999.889291562
Portsmouth,,119,0292-0238-0000,178,18,,11,178-38130,8,CamaID: 0292-0238-0000,110 NATHANIEL DR,484929,08178-0292-0238-0000,0292-0238-0000,500.803081795016,11,178814,15000.0274581974
Portsmouth,,119,0292-0239-0000,178,18,,11,178-38131,8,CamaID: 0292-0239-0000,100 NATHANIEL DR,484930,08178-0292-0239-0000,0292-0239-0000,500.800341591273,11,178815,14999.3835859096
Portsmouth,,119,0292-0230-0000,178,18,,11,178-38148,8,CamaID: 0292-0230-0000,105 NATHANIEL DR,484931,08178-0292-0230-0000,0292-0230-0000,497.250733860279,11,178816,15121.2813083604
Portsmouth,,119,0292-0229-0000,178,18,,11,178-38147,8,CamaID: 0292-0229-0000,95 NATHANIEL DR,484932,08178-0292-0229-0000,0292-0229-0000,494.669145025051,11,178817,15051.5832128542
Portsmouth,,119,0292-0226-0000,178,18,,11,178-38144,8,CamaID: 0292-0226-0000,63 NATHANIEL DR,484933,08178-0292-0226-0000,0292-0226-0000,495.097127732079,11,178818,15071.4609380472
Portsmouth,,119,0292-0225-0000,178,18,,11,178-38143,8,CamaID: 0292-0225-0000,53 NATHANIEL DR,484934,08178-0292-0225-0000,0292-0225-0000,495.498943944052,11,178819,15094.7198342235
Portsmouth,,119,0292-0224-0000,178,18,,11,178-38142,8,CamaID: 0292-0224-0000,41 NATHANIEL DR,484935,08178-0292-0224-0000,0292-0224-0000,495.792481371416,11,178820,15108.7553032462
Portsmouth,,119,0292-0223-0000,178,18,,11,178-38141,8,CamaID: 0292-0223-0000,31 NATHANIEL DR,484936,08178-0292-0223-0000,0292-0223-0000,495.792325505994,11,178821,15108.7809079537
Portsmouth,,118,0292-0175-0000,178,17,,11,178-32634,8,CamaID: 0292-0175-0000,31 MARIETTE DR,484937,08178-0292-0175-0000,0292-0175-0000,380.472810153941,11,178822,9030.71392930874
Portsmouth,,118,0292-0174-0000,178,17,,11,178-32633,8,CamaID: 0292-0174-0000,29 MARIETTE DR,484938,08178-0292-0174-0000,0292-0174-0000,376.892047507871,11,178823,8869.03528075139
Portsmouth,,118,0292-0170-0000,178,17,,11,178-32629,8,CamaID: 0292-0170-0000,21 MARIETTE DR,484939,08178-0292-0170-0000,0292-0170-0000,390.340171864614,11,178824,9466.43102350536
Portsmouth,,118,0292-0166-0000,178,17,,11,178-32625,8,CamaID: 0292-0166-0000,24 WINCHESTER ST,484940,08178-0292-0166-0000,0292-0166-0000,400.917512768185,11,178825,9307.76834336354
Portsmouth,,118,0292-0162-0000,178,17,,11,178-32621,8,CamaID: 0292-0162-0000,81 WINCHESTER ST,484941,08178-0292-0162-0000,0292-0162-0000,358.011297759127,11,178826,7921.02809130948
Portsmouth,,118,0292-0161-0000,178,17,,11,178-32620,8,CamaID: 0292-0161-0000,71 WINCHESTER ST,484942,08178-0292-0161-0000,0292-0161-0000,352.191088920382,11,178827,7637.4454707511
Portsmouth,,118,0292-0160-0000,178,17,,11,178-32619,8,CamaID: 0292-0160-0000,65 WINCHESTER ST,484943,08178-0292-0160-0000,0292-0160-0000,353.576660806994,11,178828,7677.39959085377
Portsmouth,,118,0292-0157-0000,178,17,,11,178-32616,8,CamaID: 0292-0157-0000,4 WINCHESTER ST,484944,08178-0292-0157-0000,0292-0157-0000,404.915166506016,11,178829,10247.0085986363
Portsmouth,,118,0292-0156-0000,178,17,,11,178-32615,8,CamaID: 0292-0156-0000,2 WINCHESTER ST,484945,08178-0292-0156-0000,0292-0156-0000,434.617373652619,11,178830,11699.1171029645
Portsmouth,,118,0292-0144-0000,178,17,,11,178-32606,8,CamaID: 0292-0144-0000,1 WINCHESTER ST,484946,08178-0292-0144-0000,0292-0144-0000,378.05884335232,11,178831,8335.62501548549
Portsmouth,,118,0292-0143-0000,178,17,,11,178-32605,8,CamaID: 0292-0143-0000,3 WINCHESTER ST,484947,08178-0292-0143-0000,0292-0143-0000,395.096277074368,11,178832,9385.12012153995
Portsmouth,,118,0292-0142-0000,178,17,,11,178-32604,8,CamaID: 0292-0142-0000,5 WINCHESTER ST,484948,08178-0292-0142-0000,0292-0142-0000,401.180248910661,11,178833,9736.29496919588
Portsmouth,,118,0292-0139-0000,178,17,,11,178-32601,8,CamaID: 0292-0139-0000,11 WINCHESTER ST,484949,08178-0292-0139-0000,0292-0139-0000,394.441092589469,11,178834,8337.83886962352
Portsmouth,,305,0125-0005-0000,178,60,,57,178-33634,8,CamaID: 0125-0005-0000,88 BRIDGE ST,484950,08178-0125-0005-0000,0125-0005-0000,183.403382106096,57,178835,1953.15071753062
Portsmouth,,304,0125-0014-0000,178,59,,13,178-33639,8,CamaID: 0125-0014-0000,181 HILL ST,484951,08178-0125-0014-0000,0125-0014-0000,521.565748178152,13,178836,16130.2555246232
Portsmouth,,104,0168-0027-0001,178,6,,11,178-52926,8,CamaID: 0168-0027-0001,170 MIDDLE RD,484952,08178-0168-0027-0001,0168-0027-0001,312.093596349194,11,178837,5946.92985864526
Portsmouth,,104,0168-0021-0000,178,6,,11,178-35214,8,CamaID: 0168-0021-0000,190 MIDDLE RD,484953,08178-0168-0021-0000,0168-0021-0000,442.108667534085,11,178838,11031.7942524407
Portsmouth,,104,0168-0025-0000,178,6,,11,178-35218,8,CamaID: 0168-0025-0000,1347 SOUTH ST,484954,08178-0168-0025-0000,0168-0025-0000,427.619528675033,11,178839,11275.1657697933
Portsmouth,,104,0168-0024-0000,178,6,,11,178-35217,8,CamaID: 0168-0024-0000,1365 SOUTH ST,484955,08178-0168-0024-0000,0168-0024-0000,392.292177766757,11,178840,7873.95746728958
Portsmouth,,104,0168-0022-0000,178,6,,11,178-35215,8,CamaID: 0168-0022-0000,1381 SOUTH ST,484956,08178-0168-0022-0000,0168-0022-0000,450.949445617586,11,178841,12473.7737348674
Portsmouth,,304,0168-0020-0000,178,59,,27,178-37783,8,CamaID: 0168-0020-0000,MONROE ST,484957,08178-0168-0020-0000,0168-0020-0000,672.99909817854,27,178842,18692.2125706916
Portsmouth,,304,0168-0027-0000,178,59,,57,178-35220,8,CamaID: 0168-0027-0000,75 MONROE ST,484958,08178-0168-0027-0000,0168-0027-0000,574.174217649398,57,178843,16944.7592450358
Portsmouth,,127,0217-0003-0000,178,23,,11,178-29086,8,CamaID: 0217-0003-0000,51 GRANITE ST,484959,08178-0217-0003-0000,0217-0003-0000,594.866727097599,11,178844,16301.5367468494
Portsmouth,,304,0217-0005-0000,178,59,,57,178-35378,8,CamaID: 0217-0005-0000,25 GRANITE ST,484960,08178-0217-0005-0000,0217-0005-0000,2466.98382842443,57,178845,232840.555257154
Portsmouth,,125,0232-0026-0000,178,22,,11,178-30177,8,CamaID: 0232-0026-0000,51 MARJORIE ST,484961,08178-0232-0026-0000,0232-0026-0000,357.680832750981,11,178846,7892.96407026932
Portsmouth,,125,0232-0013-0000,178,22,,22,178-30165,8,CamaID: 0232-0013-0000,LOIS ST,484962,08178-0232-0013-0000,0232-0013-0000,399.694089273194,22,178847,9588.70128144271
Portsmouth,,125,0232-0014-0000,178,22,,11,178-30166,8,CamaID: 0232-0014-0000,79 LOIS ST,484963,08178-0232-0014-0000,0232-0014-0000,481.948427287263,11,178848,12869.8842016618
Portsmouth,,125,0232-0016-0000,178,22,,11,178-30167,8,CamaID: 0232-0016-0000,47 LOIS ST,484964,08178-0232-0016-0000,0232-0016-0000,399.446149843494,11,178849,9567.27719459616
Portsmouth,,125,0232-0007-0000,178,22,,11,178-30160,8,CamaID: 0232-0007-0000,544 MIDDLE RD,484965,08178-0232-0007-0000,0232-0007-0000,492.283891346063,11,178850,11415.3195203821
Portsmouth,,125,0232-0027-0000,178,22,,11,178-30178,8,CamaID: 0232-0027-0000,11 MARJORIE ST,484966,08178-0232-0027-0000,0232-0027-0000,320.973066148859,11,178851,6438.09825626182
Portsmouth,,125,0232-0028-0000,178,22,,22,178-30179,8,CamaID: 0232-0028-0000,MARJORIE ST,484967,08178-0232-0028-0000,0232-0028-0000,239.128062649225,22,178852,3189.23288828393
Portsmouth,,118,0292-0196-0000,178,17,,11,178-32655,8,CamaID: 0292-0196-0000,15 DENISE ST,484968,08178-0292-0196-0000,0292-0196-0000,388.673536660837,11,178853,9349.48428873777
Portsmouth,,118,0292-0178-0000,178,17,,11,178-32637,8,CamaID: 0292-0178-0000,24 MARIETTE DR,484969,08178-0292-0178-0000,0292-0178-0000,394.088535458818,11,178854,9688.47420306247
Portsmouth,,118,0292-0193-0000,178,17,,11,178-32652,8,CamaID: 0292-0193-0000,14 DENISE ST,484970,08178-0292-0193-0000,0292-0193-0000,389.59477487218,11,178855,9470.64398273992
Portsmouth,,118,0292-0179-0000,178,17,,11,178-32638,8,CamaID: 0292-0179-0000,22 MARIETTE DR,484971,08178-0292-0179-0000,0292-0179-0000,393.670829240824,11,178856,9674.6018351256
Portsmouth,,301,0281-0002-0000,178,56,,60,178-35907,8,CamaID: 0281-0002-0000,OCEAN RD,484972,08178-0281-0002-0000,0281-0002-0000,3552.99348870159,60,178857,682872.100299874
Portsmouth,,302,0297-0002-0000,178,57,,23,178-36009,8,CamaID: 0297-0002-0000,LAFAYETTE RD,484973,08178-0297-0002-0000,0297-0002-0000,3121.98148198349,23,178858,324061.523273946
Portsmouth,,133,0225-0043-0000,178,29,,11,178-30034,8,CamaID: 0225-0043-0000,820 ELWYN RD,484974,08178-0225-0043-0000,0225-0043-0000,11440.115158634,11,178859,4547268.13729816
Portsmouth,,115,0271-0001-0008,178,15,,27,178-35854,8,CamaID: 0271-0001-0008,LAFAYETTE RD,484975,08178-0271-0001-0008,0271-0001-0008,3867.29503807367,27,178860,897223.270298461
Portsmouth,,302,0288-0001-0000,178,57,,27,178-35962,8,CamaID: 0288-0001-0000,LANG RD,484976,08178-0288-0001-0000,0288-0001-0000,8079.13933524603,27,178861,1697889.77801504
Portsmouth,,302,0287-0003-0000,178,57,,27,178-35961,8,CamaID: 0287-0003-0000,LAFAYETTE RD,484977,08178-0287-0003-0000,0287-0003-0000,4998.67523197472,27,178862,1417348.45310875
Portsmouth,,301,0293-0016-0000,178,56,,27,178-35984,8,CamaID: 0293-0016-0000,OCEAN RD,484978,08178-0293-0016-0000,0293-0016-0000,4024.40448936462,27,178863,865909.620336115
Portsmouth,,119,0289-0006-0000,178,18,,11,178-32248,8,CamaID: 0289-0006-0000,418 LANG RD,484979,08178-0289-0006-0000,0289-0006-0000,1028.81463253319,11,178864,65689.859671365
Portsmouth,,119,0289-0008-0000,178,18,,11,178-32250,8,CamaID: 0289-0008-0000,384 LANG RD,484980,08178-0289-0008-0000,0289-0008-0000,1033.99436391916,11,178865,47865.6710895034
Portsmouth,,119,0289-0009-0000,178,18,,11,178-32251,8,CamaID: 0289-0009-0000,362 LANG RD,484981,08178-0289-0009-0000,0289-0009-0000,722.513256357204,11,178866,32611.8844978863
Portsmouth,,302,0298-0006-0000,178,57,,33,178-36025,8,CamaID: 0298-0006-0000,3613 LAFAYETTE RD,484982,08178-0298-0006-0000,0298-0006-0000,2396.59274202782,33,178867,243956.408107423
Portsmouth,,302,0298-0007-0000,178,57,,23,178-36026,8,CamaID: 0298-0007-0000,LAFAYETTE RD,484983,08178-0298-0007-0000,0298-0007-0000,511.881647131272,23,178868,14486.9266852348
Portsmouth,,302,0298-0008-0000,178,57,,27,178-36027,8,CamaID: 0298-0008-0000,LAFAYETTE RD,484984,08178-0298-0008-0000,0298-0008-0000,282.485974809179,27,178869,2921.66014508664
Portsmouth,,302,0296-0005-0000,178,57,,24,178-35998,8,CamaID: 0296-0005-0000,LAFAYETTE RD,484985,08178-0296-0005-0000,0296-0005-0000,2082.4881251586,24,178870,214080.132795014
Portsmouth,,302,0296-0003-0000,178,57,,24,178-35996,8,CamaID: 0296-0003-0000,LAFAYETTE RD,484986,08178-0296-0003-0000,0296-0003-0000,1228.61184453308,24,178871,53987.4257413532
Portsmouth,,301,0296-0002-0000,178,56,,27,178-35995,8,CamaID: 0296-0002-0000,LAFAYETTE RD,484987,08178-0296-0002-0000,0296-0002-0000,2451.6983914667,27,178872,285995.279368208
Portsmouth,,301,0296-0001-0000,178,56,,27,178-35994,8,CamaID: 0296-0001-0000,LAFAYETTE RD,484988,08178-0296-0001-0000,0296-0001-0000,645.095515372265,27,178873,16658.6829347068
Portsmouth,,301,0296-0004-0000,178,56,,27,178-35997,8,CamaID: 0296-0004-0000,LAFAYETTE RD,484989,08178-0296-0004-0000,0296-0004-0000,526.332425579272,27,178874,5984.4107984678
Portsmouth,,301,0297-001A-0000,178,56,,57,178-36015,8,CamaID: 0297-001A-0000,3618 LAFAYETTE RD,484990,08178-0297-001A-0000,0297-001A-0000,320.447150723637,57,178875,6291.43801344561
Portsmouth,,302,0297-0003-0000,178,57,,33,178-36010,8,CamaID: 0297-0003-0000,3612 LAFAYETTE RD,484991,08178-0297-0003-0000,0297-0003-0000,3066.63808885941,33,178876,294277.115611763
Portsmouth,,301,0296-0006-0000,178,56,,27,178-35999,8,CamaID: 0296-0006-0000,LAFAYETTE RD,484992,08178-0296-0006-0000,0296-0006-0000,895.386072501527,27,178877,45712.2619692286
Portsmouth,,302,0296-0007-0000,178,57,,24,178-36000,8,CamaID: 0296-0007-0000,LAFAYETTE RD,484993,08178-0296-0007-0000,0296-0007-0000,2462.74085649612,24,178878,251682.942445388
Portsmouth,,301,0297-0004-0002,178,56,,24,178-36017,8,CamaID: 0297-0004-0002,45 COACH RD,484994,08178-0297-0004-0002,0297-0004-0002,1367.25257467011,24,178879,108366.890869505
Portsmouth,,301,0295-0001-0000,178,56,,27,178-35989,8,CamaID: 0295-0001-0000,OCEAN RD,484995,08178-0295-0001-0000,0295-0001-0000,2796.04021883017,27,178880,314481.22938635
Portsmouth,,301,0295-0003-0000,178,56,,27,178-35991,8,CamaID: 0295-0003-0000,OCEAN RD,484996,08178-0295-0003-0000,0295-0003-0000,2553.61388674746,27,178881,184870.517138726
Portsmouth,,301,0295-0002-0000,178,56,,27,178-35990,8,CamaID: 0295-0002-0000,OCEAN RD,484997,08178-0295-0002-0000,0295-0002-0000,1961.65435900002,27,178882,127080.699642504
Portsmouth,,301,0296-0008-0000,178,56,,27,178-36001,8,CamaID: 0296-0008-0000,OCEAN RD,484998,08178-0296-0008-0000,0296-0008-0000,1507.62424995919,27,178883,54185.3366952931
Portsmouth,,301,0296-0010-0000,178,56,,27,178-36003,8,CamaID: 0296-0010-0000,OCEAN RD,484999,08178-0296-0010-0000,0296-0010-0000,1765.11342837616,27,178884,187263.922722175
Portsmouth,,301,0296-0009-0000,178,56,,27,178-36002,8,CamaID: 0296-0009-0000,OCEAN RD,485000,08178-0296-0009-0000,0296-0009-0000,1070.93276039294,27,178885,70601.2682676373
Portsmouth,,301,0296-0013-0000,178,56,,27,178-36006,8,CamaID: 0296-0013-0000,LAFAYETTE RD,485001,08178-0296-0013-0000,0296-0013-0000,1070.36220189525,27,178886,70374.5244661788
Portsmouth,,112,0222-0025-0000,178,12,,11,178-29620,8,CamaID: 0222-0025-0000,489 SAGAMORE AVE,485002,08178-0222-0025-0000,0222-0025-0000,932.555920022543,11,178887,38538.7542678456
Portsmouth,,112,0222-0026-0000,178,12,,11,178-29621,8,CamaID: 0222-0026-0000,389 SAGAMORE AVE,485003,08178-0222-0026-0000,0222-0026-0000,908.129087066032,11,178888,47165.5576637139
Portsmouth,,307,0319-0003-0000,178,63,,57,178-38187,8,CamaID: 0319-0003-0000,PEASE BLVD,485004,08178-0319-0003-0000,0319-0003-0000,17454.4502980005,57,178889,9333485.43430641
Portsmouth,,,0301-0006-0000,178,,,,,,,,485005,08178-0301-0006-0000,,1379.99346719729,,178890,118780.38843935
Portsmouth,,,,178,,,,,,,,485006,,,1270.68473656991,,178891,25083.9937836739
Portsmouth,,103B,0111-0031-0000,178,5,,11,178-33266,8,CamaID: 0111-0031-0000,49 MT VERNON ST,485007,08178-0111-0031-0000,0111-0031-0000,381.187067128238,11,178892,9108.4150982847
Portsmouth,,307,0302-0002-0000,178,63,,44,178-38128,8,CamaID: 0302-0002-0000,20-30 INTERNATIONAL DR,485008,08178-0302-0002-0000,0302-0002-0000,1909.7745396191,44,178893,218103.804019234
Portsmouth,,307,0302-0007-0000,178,63,,44,178-51904,8,CamaID: 0302-0007-0004,14  MANCHESTER SQ  #290,485009,08178-0302-0007-0000,0302-0007-0004,3310.34311274609,44,178894,481556.613074378
Portsmouth,,307,0307-0003-0000,178,63,,44,178-38389,8,CamaID: 0307-0003-0000,31 EXETER ST,485010,08178-0307-0003-0000,0307-0003-0000,6002.13450786689,44,178895,1248215.18624947
Portsmouth,,307,0301-0003-0000,178,63,,34,178-37835,8,CamaID: 0301-0003-0000,30 NEW HAMPSHIRE AVE,485011,08178-0301-0003-0000,0301-0003-0000,2231.85365245411,34,178896,314606.905677328
Portsmouth,,114,0251-0091-0000,178,14,,11,178-31137,8,CamaID: 0251-0091-0000,33 WILSON RD,485012,08178-0251-0091-0000,0251-0091-0000,682.059369813965,11,178897,22120.7108929339
Portsmouth,,120,0251-0127-0000,178,19,,11,178-31171,8,CamaID: 0251-0127-0000,1621 LAFAYETTE RD,485013,08178-0251-0127-0000,0251-0127-0000,556.547464858664,11,178898,17767.9520500381
Portsmouth,,301,0253-0004-0000,178,56,,34,178-35693,8,CamaID: 0253-0004-0000,30 MIRONA RD EXT,485014,08178-0253-0004-0000,0253-0004-0000,838.593948263217,34,178899,43231.6110225745
Portsmouth,,114,0251-0090-0000,178,14,,11,178-31136,8,CamaID: 0251-0090-0000,31 WILSON RD,485015,08178-0251-0090-0000,0251-0090-0000,833.33597536097,11,178900,30678.573492506
Portsmouth,73,111,0202-0011-0000,178,11,,11,178-28589,8,CamaID: 0202-0011-0000,209 WALKER BUNGALOW RD,485016,08178-0202-0011-0000,0202-0011-0000,611.159453710134,11-73,178901,21038.5905875411
Portsmouth,,111,0202-0012-0000,178,11,,11,178-28590,8,CamaID: 0202-0012-0000,217 WALKER BUNGALOW RD,485017,08178-0202-0012-0000,0202-0012-0000,437.282364766896,11,178902,11723.6624614438
Portsmouth,,103B,0111-0031-0001,178,5,,11,178-53407,8,CamaID: 0111-0031-0001,57  MT VERNON ST,485018,08178-0111-0031-0001,0111-0031-0001,247.052057678179,11,178903,3554.53531110719
Portsmouth,,103B,0111-0037-0000,178,5,,11,178-33272,8,CamaID: 0111-0037-0000,225 SOUTH ST,485019,08178-0111-0037-0000,0111-0037-0000,343.094092105698,11,178904,4430.38192547262
Portsmouth,,103B,0111-0029-0000,178,5,,11,178-33264,8,CamaID: 0111-0029-0000,50 MT VERNON ST,485020,08178-0111-0029-0000,0111-0029-0000,286.117802496497,11,178905,4601.89347845264
Portsmouth,,103B,0111-0038-0000,178,5,,11,178-33273,8,CamaID: 0111-0038-0000,213 SOUTH ST,485021,08178-0111-0038-0000,0111-0038-0000,334.043192200813,11,178906,6003.4518726511
Portsmouth,,103B,0111-0036-0000,178,5,,11,178-33271,8,CamaID: 0111-0036-0000,241 SOUTH ST,485022,08178-0111-0036-0000,0111-0036-0000,598.783725924178,11,178907,12861.8255231747
Portsmouth,,102,0101-0067-0000,178,3,,11,178-32858,8,CamaID: 0101-0067-0000,196 SOUTH ST,485023,08178-0101-0067-0000,0101-0067-0000,305.65828887964,11,178908,5792.69726605075
Portsmouth,,103B,0111-0039-0000,178,5,,11,178-33274,8,CamaID: 0111-0039-0000,191 SOUTH ST,485024,08178-0111-0039-0000,0111-0039-0000,211.154003469374,11,178909,2775.1372671351
Portsmouth,,103B,0111-0030-0000,178,5,,11,178-33265,8,CamaID: 0111-0030-0000,64 MT VERNON ST,485025,08178-0111-0030-0000,0111-0030-0000,365.880910634776,11,178910,8300.1907610037
Portsmouth,,102,0111-0040-0000,178,3,,12,178-33275,8,CamaID: 0111-0040-0000,28 BLOSSOM ST,485026,08178-0111-0040-0000,0111-0040-0000,375.444635426182,12,178911,9161.72052715233
Portsmouth,,114,0268-0033-0000,178,14,,11,178-31554,8,CamaID: 0268-0033-0000,277 COOLIDGE DR,485027,08178-0268-0033-0000,0268-0033-0000,451.452789738703,11,178912,12576.7479248609
Portsmouth,,130,0212-0061-0000,178,26,,11,178-28892,8,CamaID: 0212-0061-0000,40 SARATOGA WAY,485028,08178-0212-0061-0000,0212-0061-0000,274.642351970731,11,178913,4494.39154488962
Portsmouth,73,130,0212-0145-0000,178,26,,11,178-28967,8,CamaID: 0212-0145-0000,37 CRESCENT WAY,485029,08178-0212-0145-0000,0212-0145-0000,219.55849480868,11-73,178914,2908.55240911585
Portsmouth,,130,0212-0141-0000,178,26,,11,178-29000,8,CamaID: 0212-0141-0000,52 PORPOISE WAY,485030,08178-0212-0141-0000,0212-0141-0000,207.888060039274,11,178915,1914.3240264768
Portsmouth,,130,0212-0140-0001,178,26,,11,178-52228,8,CamaID: 0212-0140-0001,62 PORPOISE WAY,485031,08178-0212-0140-0001,0212-0140-0001,228.371934727927,11,178916,2232.25983427395
Portsmouth,,130,0212-0146-0000,178,26,,11,178-28968,8,CamaID: 0212-0146-0000,51 CRESCENT WAY,485032,08178-0212-0146-0000,0212-0146-0000,298.673597461201,11,178917,5587.55121911644
Portsmouth,73,130,0212-0147-0000,178,26,,11,178-28969,8,CamaID: 0212-0147-0000,67 CRESCENT WAY,485033,08178-0212-0147-0000,0212-0147-0000,284.584411453283,11-73,178918,4718.4391017308
Portsmouth,70,130,0212-0165-0000,178,26,,11,178-28986,8,CamaID: 0212-0165-0000,10 CRESCENT WAY,485034,08178-0212-0165-0000,0212-0165-0000,837.404105474443,11-70,178919,19930.7386538617
Portsmouth,70,130,0212-0163-0000,178,26,,11,178-28985,8,CamaID: 0212-0163-0000,40 CRESCENT WAY,485035,08178-0212-0163-0000,0212-0163-0000,928.038616757531,11-70,178920,42922.1887350548
Portsmouth,,130,0212-0139-0000,178,26,,11,178-28963,8,CamaID: 0212-0139-0000,72 PORPOISE WAY,485036,08178-0212-0139-0000,0212-0139-0000,255.749658038119,11,178921,3055.18620332418
Portsmouth,,130,0212-0066-0000,178,26,,11,178-28897,8,CamaID: 0212-0066-0000,97 PORPOISE WAY,485037,08178-0212-0066-0000,0212-0066-0000,221.876586141509,11,178922,2250.71921660359
Portsmouth,,130,0212-0066-0001,178,26,,11,178-51244,8,CamaID: 0212-0066-0001,99 PORPOISE WAY,485038,08178-0212-0066-0001,0212-0066-0001,220.800620353516,11,178923,2185.01001234033
Portsmouth,,204,0135-0036-0000,178,34,,14,178-54310,8,CamaID: 0135-0036-0001,67 MADISON ST,485039,08178-0135-0036-0000,0135-0036-0001,396.936377866374,14,178924,9821.74341679965
Portsmouth,,105,0135-0037-0000,178,7,,11,178-34045,8,CamaID: 0135-0037-0000,37 MADISON ST,485040,08178-0135-0037-0000,0135-0037-0000,349.998674059167,11,178925,7346.47937541684
Portsmouth,,105,0135-0026-0000,178,7,,12,178-34035,8,CamaID: 0135-0026-0000,198 UNION ST,485041,08178-0135-0026-0000,0135-0026-0000,300.198024412582,12,178926,5002.52692221603
Portsmouth,,105,0135-0038-0000,178,7,,12,178-34046,8,CamaID: 0135-0038-0000,33 MADISON ST,485042,08178-0135-0038-0000,0135-0038-0000,378.641094478011,12,178927,8822.56012867032
Portsmouth,,105,0135-0024-0000,178,7,,11,178-34033,8,CamaID: 0135-0024-0000,220 UNION ST,485043,08178-0135-0024-0000,0135-0024-0000,369.786547008255,11,178928,5301.84121618768
Portsmouth,,302,0253-0001-0000,178,57,,33,178-35690,8,CamaID: 0253-0001-0000,1070 LAFAYETTE RD,485044,08178-0253-0001-0000,0253-0001-0000,920.406641440779,33,178929,42823.1856588294
Portsmouth,,302,0246-0001-0000,178,57,,57,178-35664,8,CamaID: 0246-0001-0000,1035 LAFAYETTE RD,485045,08178-0246-0001-0000,0246-0001-0000,1801.00292386318,57,178930,180742.069815432
Portsmouth,,301,0296-0014-0000,178,56,,24,178-36007,8,CamaID: 0296-0014-0000,OCEAN RD,485046,08178-0296-0014-0000,0296-0014-0000,879.388784877148,24,178931,44532.1359604987
Portsmouth,,118,0294-0023-0000,178,17,,11,178-32760,8,CamaID: 0294-0023-0000,447 OCEAN RD,485047,08178-0294-0023-0000,0294-0023-0000,1142.58316374689,11,178932,70167.3312881783
Portsmouth,,119,0292-0228-0000,178,18,,11,178-38146,8,CamaID: 0292-0228-0000,85 NATHANIEL DR,485048,08178-0292-0228-0000,0292-0228-0000,494.883283661738,11,178933,15059.6954269601
Portsmouth,,119,0292-0227-0000,178,18,,11,178-38145,8,CamaID: 0292-0227-0000,73 NATHANIEL DR,485049,08178-0292-0227-0000,0292-0227-0000,494.94150095108,11,178934,15063.1175663792
Portsmouth,,301,0294-0022-0000,178,56,,27,178-35988,8,CamaID: 0294-0022-0000,OCEAN RD,485050,08178-0294-0022-0000,0294-0022-0000,2174.243758231,27,178935,223879.974335471
Portsmouth,,301,0295-0004-0000,178,56,,27,178-35992,8,CamaID: 0295-0004-0000,OCEAN RD,485051,08178-0295-0004-0000,0295-0004-0000,1662.25399211937,27,178936,158888.61028083
Portsmouth,,301,0295-0005-0000,178,56,,27,178-35993,8,CamaID: 0295-0005-0000,OCEAN RD,485052,08178-0295-0005-0000,0295-0005-0000,1137.76951462628,27,178937,55913.0834388106
Portsmouth,,118,0283-0006-0000,178,17,,11,178-32163,8,CamaID: 0283-0006-0000,107 MARTHA TER,485053,08178-0283-0006-0000,0283-0006-0000,567.366428965918,11,178938,17686.9917241981
Portsmouth,,118,0283-0026-0000,178,17,,11,178-32181,8,CamaID: 0283-0026-0000,104 MARTHA TER,485054,08178-0283-0026-0000,0283-0026-0000,400.558423808431,11,178939,10033.7815319199
Portsmouth,,118,0283-0025-0000,178,17,,11,178-32180,8,CamaID: 0283-0025-0000,126 MARTHA TER,485055,08178-0283-0025-0000,0283-0025-0000,405.314162022768,11,178940,10261.1402630319
Portsmouth,,118,0283-0024-0000,178,17,,11,178-32179,8,CamaID: 0283-0024-0000,146 MARTHA TER,485056,08178-0283-0024-0000,0283-0024-0000,400.801869137936,11,178941,10039.9829973388
Portsmouth,,118,0283-0023-0000,178,17,,11,178-32178,8,CamaID: 0283-0023-0000,166 MARTHA TER,485057,08178-0283-0023-0000,0283-0023-0000,399.574615810026,11,178942,9978.55799989289
Portsmouth,,118,0283-0022-0000,178,17,,11,178-32177,8,CamaID: 0283-0022-0000,186 MARTHA TER,485058,08178-0283-0022-0000,0283-0022-0000,402.019539793357,11,178943,10100.3649436612
Portsmouth,,118,0283-0021-0000,178,17,,11,178-32176,8,CamaID: 0283-0021-0000,206 MARTHA TER,485059,08178-0283-0021-0000,0283-0021-0000,397.32268571222,11,178944,9866.51493085373
Portsmouth,,118,0283-0029-0000,178,17,,11,178-32184,8,CamaID: 0283-0029-0000,469 OCEAN RD,485060,08178-0283-0029-0000,0283-0029-0000,406.343701100567,11,178945,10333.3278126269
Portsmouth,,118,0283-0003-0000,178,17,,11,178-32160,8,CamaID: 0283-0003-0000,37 PATRICIA DR,485061,08178-0283-0003-0000,0283-0003-0000,552.565605476021,11,178946,17720.2843898981
Portsmouth,,118,0293-0008-0000,178,17,,11,178-32692,8,CamaID: 0293-0008-0000,415 OCEAN RD,485062,08178-0293-0008-0000,0293-0008-0000,929.621335514544,11,178947,46637.4026644153
Portsmouth,,118,0293-0007-0000,178,17,,11,178-32691,8,CamaID: 0293-0007-0000,411 OCEAN RD,485063,08178-0293-0007-0000,0293-0007-0000,992.878714735946,11,178948,55697.0421771805
Portsmouth,,118,0293-0006-0000,178,17,,11,178-32690,8,CamaID: 0293-0006-0000,409 OCEAN RD,485064,08178-0293-0006-0000,0293-0006-0000,970.053925287926,11,178949,48524.0946105873
Portsmouth,,119,0292-0243-0000,178,18,,11,178-38135,8,CamaID: 0292-0243-0000,60 NATHANIEL DR,485065,08178-0292-0243-0000,0292-0243-0000,500.728130694737,11,178950,15000.5798693801
Portsmouth,,119,0292-0242-0000,178,18,,11,178-38134,8,CamaID: 0292-0242-0000,72 NATHANIEL DR,485066,08178-0292-0242-0000,0292-0242-0000,500.75982191965,11,178951,14999.7241681993
Portsmouth,,305,0117-0028-0000,178,60,,27,178-37739,8,CamaID: 0117-0028-0000,LADD ST,485067,08178-0117-0028-0000,0117-0028-0000,82.089768601582,27,178952,356.37306032023
Portsmouth,,305,0117-0023-0000,178,60,,44,178-37334,8,CamaID: 0117-0023-0001,20 MARKET ST #1,485068,08178-0117-0023-0000,0117-0023-0001,135.439371737526,44,178953,990.686276131716
Portsmouth,,101,0101-0004-0000,178,2,,11,178-32801,8,CamaID: 0101-0004-0000,469 MARCY ST,485069,08178-0101-0004-0000,0101-0004-0000,181.604830034509,11,178954,1535.27676531855
Portsmouth,,131,0162-0002-0000,178,27,,11,178-35032,8,CamaID: 0162-0002-0000,255 THORNTON ST,485070,08178-0162-0002-0000,0162-0002-0000,451.304768106464,11,178955,11006.5562592519
Portsmouth,70,112,0223-0020-0000,178,12,,11,178-29833,8,CamaID: 0223-0020-0000,220 WALKER BUNGALOW RD,485071,08178-0223-0020-0000,0223-0020-0000,672.766363583613,11-70,178956,22107.2818396034
Portsmouth,73,101,0101-0008-0000,178,2,,11,178-32805,8,CamaID: 0101-0008-0000,20 PARTRIDGE ST,485072,08178-0101-0008-0000,0101-0008-0000,218.621437851673,11-73,178957,2960.22372409469
Portsmouth,70,112,0223-0021-0000,178,12,,11,178-29834,8,CamaID: 0223-0021-0000,212 WALKER BUNGALOW RD,485073,08178-0223-0021-0000,0223-0021-0000,994.445104673672,11-70,178958,62466.2918152423
Portsmouth,,111,0223-0012-0000,178,11,,11,178-29825,8,CamaID: 0223-0012-0000,140 WALKER BUNGALOW RD,485074,08178-0223-0012-0000,0223-0012-0000,750.133725381442,11,178959,29752.5293927539
Portsmouth,,125,0231-0059-0000,178,22,,11,178-38337,8,CamaID: 0231-0059-0000,95 GREENLEAF AVE,485075,08178-0231-0059-0000,0231-0059-0000,589.326399494226,11,178960,16325.0021850553
Portsmouth,,125,0231-0004-0000,178,22,,11,178-30094,8,CamaID: 0231-0004-0000,430 LAFAYETTE RD,485076,08178-0231-0004-0000,0231-0004-0000,566.041661269164,11,178961,15000.4672545282
Portsmouth,,125,0231-0043-0000,178,22,,11,178-30131,8,CamaID: 0231-0043-0000,240 HILLSIDE DR,485080,08178-0231-0043-0000,0231-0043-0000,465.634430168227,11,178962,13103.631552666
Portsmouth,,125,0231-0044-0000,178,22,,11,178-30132,8,CamaID: 0231-0044-0000,100 GREENLEAF AVE,485081,08178-0231-0044-0000,0231-0044-0000,381.9183981311,11,178963,8101.15023385839
Portsmouth,70,112,0223-0023-0000,178,12,,11,178-29836,8,CamaID: 0223-0023-0000,24 SHAW RD,485086,08178-0223-0023-0000,0223-0023-0000,623.056428008794,11-70,178964,23237.2756322512
Portsmouth,,112,0223-0015-0000,178,12,,11,178-29828,8,CamaID: 0223-0015-0000,900 SAGAMORE AVE,485087,08178-0223-0015-0000,0223-0015-0000,427.653150744213,11,178965,11402.3302758441
Portsmouth,,125,0229-0001-0000,178,22,,11,178-30065,8,CamaID: 0229-0001-0000,35 ARTWILL AVE,485088,08178-0229-0001-0000,0229-0001-0000,556.130413471754,11,178966,16606.5315798688
Portsmouth,70,111,0202-0019-0000,178,11,,11,178-28595,8,CamaID: 0202-0019-0000,70 MARTINE COTTAGE RD,485077,08178-0202-0019-0000,0202-0019-0000,7426.21316829102,11-70,178967,715128.954928106
Portsmouth,,130,0212-0077-0000,178,26,,11,178-28908,8,CamaID: 0212-0077-0000,204 CONCORD WAY,485078,08178-0212-0077-0000,0212-0077-0000,259.167714653811,11,178968,3946.30850972928
Portsmouth,,130,0212-0065-0000,178,26,,11,178-28896,8,CamaID: 0212-0065-0000,89 PORPOISE WAY,485079,08178-0212-0065-0000,0212-0065-0000,274.910045840479,11,178969,4516.68599899763
Portsmouth,70,111,0202-0016-0000,178,11,,11,178-28592,8,CamaID: 0202-0016-0000,350 LITTLE HARBOR RD,485082,08178-0202-0016-0000,0202-0016-0000,6420.18974923077,11-70,178970,739665.658140772
Portsmouth,,112,0223-0016-0000,178,12,,11,178-29829,8,CamaID: 0223-0016-0000,7 SHAW RD,485083,08178-0223-0016-0000,0223-0016-0000,487.033323214998,11,178971,12915.630786113
Portsmouth,70,112,0223-0022-0000,178,12,,11,178-29835,8,CamaID: 0223-0022-0000,36 SHAW RD,485084,08178-0223-0022-0000,0223-0022-0000,861.920719359719,11-70,178972,39555.2779748961
Portsmouth,70,112,0223-0024-0000,178,12,,11,178-29837,8,CamaID: 0223-0024-0000,14 SHAW RD,485085,08178-0223-0024-0000,0223-0024-0000,738.47232384519,11-70,178973,32801.427087421
Portsmouth,73,111,0202-0013-0000,178,11,,11,178-28598,8,CamaID: 0202-0013-0001,241 WALKER BUNGALOW RD #241,485089,08178-0202-0013-0000,0202-0013-0001,5059.20418398078,11-73,178974,531465.084755795
Portsmouth,,111,0223-0017-0000,178,11,,11,178-29830,8,CamaID: 0223-0017-0000,17 SHAW RD,485090,08178-0223-0017-0000,0223-0017-0000,869.837026948032,11,178975,35834.0257526398
Portsmouth,,111,0223-0018-0000,178,11,,11,178-29831,8,CamaID: 0223-0018-0000,27 SHAW RD,485091,08178-0223-0018-0000,0223-0018-0000,758.261281453885,11,178976,34205.756251651
Portsmouth,,111,0223-0018-0001,178,11,,22,178-54582,8,CamaID: 0223-0018-0001,170 WALKER BUNGALOW RD,485092,08178-0223-0018-0001,0223-0018-0001,718.06901467369,22,178977,23148.0994789919
Portsmouth,,111,0202-0009-0000,178,11,,11,178-28587,8,CamaID: 0202-0009-0000,189 WALKER BUNGALOW RD,485093,08178-0202-0009-0000,0202-0009-0000,583.015759460596,11,178978,18560.5074186584
Portsmouth,,111,0223-0019-0000,178,11,,11,178-29832,8,CamaID: 0223-0019-0000,184 WALKER BUNGALOW RD,485094,08178-0223-0019-0000,0223-0019-0000,902.317892484307,11,178979,15968.9139689104
Portsmouth,73,101,0101-0005-0000,178,2,,11,178-32802,8,CamaID: 0101-0005-0000,31 PARTRIDGE ST,485095,08178-0101-0005-0000,0101-0005-0000,173.756970316781,11-73,178980,1496.44227946653
Portsmouth,70,101,0101-0007-0000,178,2,,11,178-32804,8,CamaID: 0101-0007-0000,32 PARTRIDGE ST,485096,08178-0101-0007-0000,0101-0007-0000,470.527586867622,11-70,178981,10434.7707656588
Portsmouth,,101,0101-0074-0000,178,2,,11,178-32864,8,CamaID: 0101-0074-0000,478 MARCY ST,485097,08178-0101-0074-0000,0101-0074-0000,279.965205959561,11,178982,3278.55670480451
Portsmouth,,101,0101-0075-0000,178,2,,11,178-32865,8,CamaID: 0101-0075-0000,466 MARCY ST,485098,08178-0101-0075-0000,0101-0075-0000,159.968536401167,11,178983,1530.31719109362
Portsmouth,,101,0101-0076-0000,178,2,,11,178-32866,8,CamaID: 0101-0076-0000,458 MARCY ST,485099,08178-0101-0076-0000,0101-0076-0000,230.20124541992,11,178984,2808.03872605783
Portsmouth,,101,0101-0077-0000,178,2,,11,178-32867,8,CamaID: 0101-0077-0000,454 MARCY ST,485100,08178-0101-0077-0000,0101-0077-0000,252.029352900333,11,178985,3415.73849083957
Portsmouth,,101,0101-0003-0001,178,2,,22,178-54736,8,CamaID: 0101-0003-0001,20 PRAY ST,485101,08178-0101-0003-0001,0101-0003-0001,392.101951187545,22,178986,8819.79514754535
Portsmouth,,101,0101-0078-0000,178,2,,11,178-32868,8,CamaID: 0101-0078-0000,442 MARCY ST,485102,08178-0101-0078-0000,0101-0078-0000,302.246762156689,11,178987,4602.36381771582
Portsmouth,,101,0102-0041-0000,178,2,,11,178-32916,8,CamaID: 0102-0041-0000,434 MARCY ST,485103,08178-0102-0041-0000,0102-0041-0000,217.863867217119,11,178988,2945.69990639658
Portsmouth,73,101,0101-0003-0000,178,2,,11,178-37170,8,CamaID: 0101-0003-0000,445 MARCY ST,485104,08178-0101-0003-0000,0101-0003-0000,321.081967468963,11-73,178989,6127.33864804403
Portsmouth,70,101,0101-0006-0000,178,2,,11,178-32803,8,CamaID: 0101-0006-0000,39 PARTRIDGE ST,485105,08178-0101-0006-0000,0101-0006-0000,252.973964810492,11-70,178990,2306.87527733873
Portsmouth,,101,0101-0009-0000,178,2,,12,178-32806,8,CamaID: 0101-0009-0000,475 MARCY ST,485106,08178-0101-0009-0000,0101-0009-0000,262.516885537622,12,178991,4250.68424040881
Portsmouth,70,101,0101-0002-0000,178,2,,11,178-32800,8,CamaID: 0101-0002-0000,40 PRAY ST,485107,08178-0101-0002-0000,0101-0002-0000,637.146245414014,11-70,178992,16820.9720158042
Portsmouth,73,101,0102-0036-0000,178,2,,11,178-32911,8,CamaID: 0102-0036-0000,437 MARCY ST,485108,08178-0102-0036-0000,0102-0036-0000,283.586900091924,11-73,178993,4199.55360522999
Portsmouth,,101,0102-0037-0000,178,2,,11,178-32912,8,CamaID: 0102-0037-0000,17 PRAY ST,485109,08178-0102-0037-0000,0102-0037-0000,305.790504076426,11,178994,4821.7838640899
Portsmouth,70,101,0102-0039-0000,178,2,,11,178-32914,8,CamaID: 0102-0039-0000,43 PRAY ST,485110,08178-0102-0039-0000,0102-0039-0000,271.746259647154,11-70,178995,2281.85683406726
Portsmouth,,125,0229-0001-0001,178,22,,11,178-54750,8,CamaID: 0229-0001-0001,15 ARTWILL AVE,485111,08178-0229-0001-0001,0229-0001-0001,553.614562774178,11,178996,18428.3477923971
Portsmouth,73,101,0102-0038-0000,178,2,,11,178-32913,8,CamaID: 0102-0038-0000,39 PRAY ST,485112,08178-0102-0038-0000,0102-0038-0000,355.836569555482,11-73,178997,5080.12152020368
Portsmouth,,131,0162-0008-0000,178,27,,11,178-35038,8,CamaID: 0162-0008-0000,337 THORNTON ST,485113,08178-0162-0008-0000,0162-0008-0000,222.939913439469,11,178998,2950.42270731524
Portsmouth,,131,0162-0007-0000,178,27,,11,178-35037,8,CamaID: 0162-0007-0000,325 THORNTON ST,485114,08178-0162-0007-0000,0162-0007-0000,241.426013533208,11,178999,3298.19533950448
Portsmouth,,131,0162-0005-0000,178,27,,11,178-35035,8,CamaID: 0162-0005-0000,303 THORNTON ST,485115,08178-0162-0005-0000,0162-0005-0000,415.896441065475,11,179000,8384.57211209781
Portsmouth,,131,0162-0018-0000,178,27,,22,178-35048,8,CamaID: 0162-0018-0000,31 PINE ST,485116,08178-0162-0018-0000,0162-0018-0000,519.111905582035,22,179001,13051.2112821202
Portsmouth,,131,0161-0017-0000,178,27,,11,178-35003,8,CamaID: 0161-0017-0000,294 THORNTON ST,485117,08178-0161-0017-0000,0161-0017-0000,380.654516421152,11,179002,8273.67551078228
Portsmouth,,131,0161-0006-0000,178,27,,11,178-34992,8,CamaID: 0161-0006-0000,260 THORNTON ST,485118,08178-0161-0006-0000,0161-0006-0000,351.46309056961,11,179003,6809.84541052313
Portsmouth,,131,0161-0018-0000,178,27,,11,178-35004,8,CamaID: 0161-0018-0000,592 DENNETT ST,485119,08178-0161-0018-0000,0161-0018-0000,374.15953953009,11,179004,8011.40222214917
Portsmouth,,131,0159-0050-0000,178,27,,11,178-34945,8,CamaID: 0159-0050-0000,70 STARK ST,485120,08178-0159-0050-0000,0159-0050-0000,511.151640807194,11,179005,15337.5602507327
Portsmouth,,131,0162-0014-0000,178,27,,12,178-35044,8,CamaID: 0162-0014-0000,299 BARTLETT ST,485121,08178-0162-0014-0000,0162-0014-0000,339.094506241704,12,179006,4813.9818310101
Portsmouth,,304,0162-0019-0000,178,59,,33,178-37832,8,CamaID: 0162-0019-0000,251 BARTLETT ST,485122,08178-0162-0019-0000,0162-0019-0000,1186.36248911037,33,179007,41871.8290941076
Portsmouth,,130,0212-0086-0000,178,26,,11,178-28917,8,CamaID: 0212-0086-0000,197 CONCORD WAY,485123,08178-0212-0086-0000,0212-0086-0000,260.83718116199,11,179008,4018.6919712483
Portsmouth,,130,0212-0087-0000,178,26,,11,178-28918,8,CamaID: 0212-0087-0000,209 CONCORD WAY,485124,08178-0212-0087-0000,0212-0087-0000,214.995820768644,11,179009,2140.82959243679
Portsmouth,,130,0212-0078-0001,178,26,,11,178-54732,8,CamaID: 0212-0078-0001,196 CONCORD WAY,485125,08178-0212-0078-0001,0212-0078-0001,217.721729713238,11,179010,2197.51431603693
Portsmouth,,125,0231-0001-0000,178,22,,11,178-30091,8,CamaID: 0231-0001-0000,440 LAFAYETTE RD,485126,08178-0231-0001-0000,0231-0001-0000,761.727965100286,11,179011,34207.4360604235
Portsmouth,,125,0231-0005-0000,178,22,,11,178-30095,8,CamaID: 0231-0005-0000,105 GREENLEAF AVE,485127,08178-0231-0005-0000,0231-0005-0000,514.280525235364,11,179012,16157.9285590495
Portsmouth,,125,0231-0010-0000,178,22,,11,178-30098,8,CamaID: 0231-0010-0000,239 HILLSIDE DR,485128,08178-0231-0010-0000,0231-0010-0000,438.377409040448,11,179013,11931.3496616921
Portsmouth,,123,0233-0095-0000,178,21,,11,178-30461,8,CamaID: 0233-0095-0000,149 MELBOURNE ST,485129,08178-0233-0095-0000,0233-0095-0000,430.968413478187,11,179014,11447.1883930266
Portsmouth,,304,0233-0096-0000,178,59,,27,178-35497,8,CamaID: 0233-0096-0000,1300 ISLINGTON ST,485130,08178-0233-0096-0000,0233-0096-0000,368.845698670457,27,179015,8347.63468723976
Portsmouth,,123,0233-0009-0000,178,21,,11,178-30376,8,CamaID: 0233-0009-0000,105 MELBOURNE ST,485131,08178-0233-0009-0000,0233-0009-0000,625.524512323327,11,179016,22583.6322418485
Portsmouth,,123,0233-0120-0000,178,21,,11,178-30485,8,CamaID: 0233-0120-0000,1281 ISLINGTON ST,485132,08178-0233-0120-0000,0233-0120-0000,518.857366971711,11,179017,16364.7942499411
Portsmouth,,301,0241-0025-0000,178,56,,23,178-35588,8,CamaID: 0241-0025-0000,EILEEN DONDERO FOLEY AVE,485133,08178-0241-0025-0000,0241-0025-0000,7165.10103821915,23,179018,1609880.40948337
Portsmouth,,123,0233-0119-0001,178,21,,11,178-54735,8,CamaID: 0233-0119-0001,1325 ISLINGTON ST,485134,08178-0233-0119-0001,0233-0119-0001,469.433479891257,11,179019,12366.0335151159
Portsmouth,,123,0233-0118-0000,178,21,,11,178-30483,8,CamaID: 0233-0118-0000,1345 ISLINGTON ST,485135,08178-0233-0118-0000,0233-0118-0000,460.092194378238,11,179020,13149.6538119437
Portsmouth,,301,0233-0128-0000,178,56,,24,178-35498,8,CamaID: 0233-0128-0000,BARBERRY LN,485136,08178-0233-0128-0000,0233-0128-0000,1690.75127991347,24,179021,113916.092686184
Portsmouth,,118,0283-0030-0000,178,17,,11,178-32185,8,CamaID: 0283-0030-0000,471 OCEAN RD,485137,08178-0283-0030-0000,0283-0030-0000,410.470078171882,11,179022,10520.9937338958
Portsmouth,,118,0283-0009-0000,178,17,,11,178-32166,8,CamaID: 0283-0009-0000,169 MARTHA TER,485138,08178-0283-0009-0000,0283-0009-0000,407.471464064613,11,179023,10144.3571980973
Portsmouth,,118,0283-0034-0000,178,17,,11,178-32189,8,CamaID: 0283-0034-0000,489 OCEAN RD,485139,08178-0283-0034-0000,0283-0034-0000,401.696330878632,11,179024,10084.378962917
Portsmouth,,304,0283-0013-0000,178,59,,27,178-35913,8,CamaID: 0283-0013-0000,OCEAN RD,485140,08178-0283-0013-0000,0283-0013-0000,2669.26132612443,27,179025,328433.224361658
Portsmouth,,301,0282-0001-0000,178,56,,60,178-35908,8,CamaID: 0282-0001-0000,OCEAN RD,485141,08178-0282-0001-0000,0282-0001-0000,2066.00716198023,60,179026,238363.681321203
Portsmouth,,118,0283-0017-0000,178,17,,11,178-32172,8,CamaID: 0283-0017-0000,535 OCEAN RD,485142,08178-0283-0017-0000,0283-0017-0000,426.921476079004,11,179027,10714.7123428305
Portsmouth,,119,0283-0019-0001,178,18,,11,178-32174,8,CamaID: 0283-0019-0001,540 OCEAN RD,485143,08178-0283-0019-0001,0283-0019-0001,894.523860326417,11,179028,43928.8596417293
Portsmouth,,120,0283-0019-0000,178,19,,57,178-38098,8,CamaID: 0283-0019-0000,OCEAN RD,485144,08178-0283-0019-0000,0283-0019-0000,9019.13480936771,57,179029,1504599.05253223
Portsmouth,,118,0283-0011-0001,178,17,,11,178-54733,8,CamaID: 0283-0011-0001,35 HEMLOCK WAY,485145,08178-0283-0011-0001,0283-0011-0001,1098.74296634983,11,179030,51005.3054647562
Portsmouth,,118,0283-0010-0000,178,17,,11,178-32167,8,CamaID: 0283-0010-0000,189 MARTHA TER,485146,08178-0283-0010-0000,0283-0010-0000,527.660666284942,11,179031,16339.8468809402
Portsmouth,,,0142-0021-0000,178,,,,,,,,485147,08178-0142-0021-0000,,559.444066269003,,179032,17450.6479916604
Portsmouth,,131,0142-0027-0000,178,27,,11,178-34299,8,CamaID: 0142-0027-0000,109 DENNETT ST,485148,08178-0142-0027-0000,0142-0027-0000,181.539703642032,11,179033,1996.07759638153
Portsmouth,,301,0294-0009-0000,178,56,,27,178-35986,8,CamaID: 0294-0009-0000,OCEAN RD,485149,08178-0294-0009-0000,0294-0009-0000,5859.23097972115,27,179034,937858.768973803
Portsmouth,,119,0283-0019-0003,178,18,,11,178-38100,8,CamaID: 0283-0019-0003,520 OCEAN RD,485150,08178-0283-0019-0003,0283-0019-0003,1556.60758172605,11,179035,68371.0730958615
Portsmouth,,118,0283-0018-0000,178,17,,11,178-32173,8,CamaID: 0283-0018-0000,545 OCEAN RD,485151,08178-0283-0018-0000,0283-0018-0000,1506.96816604694,11,179036,132780.686642918
Portsmouth,,118,0283-0001-0000,178,17,,11,178-32158,8,CamaID: 0283-0001-0000,449 OCEAN RD,485152,08178-0283-0001-0000,0283-0001-0000,406.936024157229,11,179037,9897.73729574037
Portsmouth,,302,0252-0008-0000,178,57,,33,178-35678,8,CamaID: 0252-0008-0000,1190 LAFAYETTE RD,485153,08178-0252-0008-0000,0252-0008-0000,1564.79239425345,33,179038,125428.377600637
Portsmouth,,301,0254-0007-0000,178,56,,24,178-35714,8,CamaID: 0254-0007-0000,650 PEVERLY HILL RD,485154,08178-0254-0007-0000,0254-0007-0000,5291.62578254928,24,179039,1155216.47903476
Portsmouth,,301,0252-0002-0014,178,56,,34,178-35688,8,CamaID: 0252-0002-0014,170 WEST RD,485155,08178-0252-0002-0014,0252-0002-0014,2207.37618787137,34,179040,291931.936793511
Portsmouth,,301,0165-0014-0000,178,56,,57,178-38066,8,CamaID: 0165-0014-0000,BARTLETT ST,485156,08178-0165-0014-0000,0165-0014-0000,23951.467957351,57,179041,1003291.5867418
Portsmouth,,,,178,,,,,,,,485157,08178-,,63801.0786705081,,179042,2527660.8597859
Portsmouth,,104,0171-0005-0000,178,6,,11,178-35251,8,CamaID: 0171-0005-0000,11 SEWALL RD,485158,08178-0171-0005-0000,0171-0005-0000,329.905431562264,11,179043,6952.22821846865
Portsmouth,,104,0170-0012-0000,178,6,,11,178-35235,8,CamaID: 0170-0012-0000,27 SEWALL RD,485159,08178-0170-0012-0000,0170-0012-0000,425.033558068097,11,179044,10123.4962149774
Portsmouth,,104,0171-0004-0000,178,6,,11,178-35250,8,CamaID: 0171-0004-0000,5 SEWALL RD,485160,08178-0171-0004-0000,0171-0004-0000,400.204948978496,11,179045,10009.583797596
Portsmouth,,123,0171-0017-0000,178,21,,11,178-51405,8,CamaID: 0171-0017-0000,107 SPINNEY RD,485161,08178-0171-0017-0000,0171-0017-0000,918.873407986902,11,179046,36027.3134288802
Portsmouth,,301,0252-0005-0000,178,56,,13,178-31173,8,CamaID: 0252-0005-0000,951 PEVERLY HILL RD,485162,08178-0252-0005-0000,0252-0005-0000,1397.22520647377,13,179047,111413.127760892
Portsmouth,,302,0252-0007-0000,178,57,,33,178-35677,8,CamaID: 0252-0007-0000,1400 LAFAYETTE RD,485163,08178-0252-0007-0000,0252-0007-0000,1710.59542381192,33,179048,137269.902803708
Portsmouth,,,0252-0002-0013,178,,,,,,,,485164,08178-0252-0002-0013,,1227.86297182736,,179049,87500.4509700683
Portsmouth,,301,0256-0001-0000,178,56,,57,178-35722,8,CamaID: 0256-0001-0000,BANFIELD RD,485165,08178-0256-0001-0000,0256-0001-0000,5995.17783506092,57,179050,1357063.55919046
Portsmouth,,206,0242-0004-0000,178,36,,14,178-54604,8,CamaID: 0242-0004-0021,154 SAGE LN,485166,08178-0242-0004-0000,0242-0004-0021,21134.358262708,14,179051,4488466.32719311
Portsmouth,,305A,0144-0047-0000,178,61,,34,178-37561,8,CamaID: 0144-0047-0000,135 MCDONOUGH ST,485167,08178-0144-0047-0000,0144-0047-0000,1005.94487670491,34,179052,38812.6861158639
Portsmouth,,105,0144-0013-0000,178,7,,11,178-34341,8,CamaID: 0144-0013-0000,40 ROCKINGHAM ST,485168,08178-0144-0013-0000,0144-0013-0000,254.05418351969,11,179053,3773.37197847401
Portsmouth,,105,0144-0007-0000,178,7,,12,178-34339,8,CamaID: 0144-0007-0000,35 ROCKINGHAM ST,485169,08178-0144-0007-0000,0144-0007-0000,304.77876267849,12,179054,4180.70328568908
Portsmouth,,105,0144-0002-0000,178,7,,12,178-34334,8,CamaID: 0144-0002-0000,50 CORNWALL ST,485170,08178-0144-0002-0000,0144-0002-0000,260.310327727792,12,179055,4007.3512063901
Portsmouth,,304,0126-0014-0000,178,59,,44,178-38944,8,CamaID: 0126-0014-0001,507 STATE ST #1,485171,08178-0126-0014-0000,0126-0014-0001,330.681397626034,44,179056,6119.00857233549
Portsmouth,,305A,0126-0022-0000,178,61,,13,178-33644,8,CamaID: 0126-0022-0000,20 ISLINGTON ST,485172,08178-0126-0022-0000,0126-0022-0000,801.08945690508,13,179057,38607.2082747811
Portsmouth,,304,0126-0013-0000,178,59,,57,178-33640,8,CamaID: 0126-0013-0000,547 STATE ST,485173,08178-0126-0013-0000,0126-0013-0000,363.13461812668,57,179058,6780.70304806632
Portsmouth,,201,0127-0014-0000,178,31,,14,178-38474,8,CamaID: 0127-0014-0001,480 STATE ST #1,485174,08178-0127-0014-0000,0127-0014-0001,377.746849884257,14,179059,7477.06140170105
Portsmouth,,201,0126-0015-0000,178,31,,14,178-54784,8,CamaID: 0126-0015-0002,503 STATE ST #2,485175,08178-0126-0015-0000,0126-0015-0002,336.239493080453,14,179060,5591.1762051164
Portsmouth,,105,0126-0018-0000,178,7,,11,178-33643,8,CamaID: 0126-0018-0000,481 STATE ST,485176,08178-0126-0018-0000,0126-0018-0000,252.896721829845,11,179061,2859.0746471081
Portsmouth,,105,0126-0016-0000,178,7,,12,178-33642,8,CamaID: 0126-0016-0000,495 STATE ST,485177,08178-0126-0016-0000,0126-0016-0000,321.319523101619,12,179062,4358.52131219925
Portsmouth,,204,0126-0025-0000,178,34,,14,178-38486,8,CamaID: 0126-0025-0004,86 ISLINGTON ST #4,485178,08178-0126-0025-0000,0126-0025-0004,436.806586667372,14,179063,7828.09227091245
Portsmouth,,304,0126-0017-0000,178,59,,44,178-33669,8,CamaID: 0126-0017-0001,487 STATE ST #1,485179,08178-0126-0017-0000,0126-0017-0001,324.359011198856,44,179064,4050.59246387136
Portsmouth,,201,0126-0024-0000,178,31,,14,178-33671,8,CamaID: 0126-0024-000A,72 ISLINGTON ST #1,485180,08178-0126-0024-0000,0126-0024-000A,467.239022027227,14,179065,10017.1408391704
Portsmouth,,305,0126-0020-0000,178,60,,33,178-38002,8,CamaID: 0126-0020-0000,42 MIDDLE ST,485181,08178-0126-0020-0000,0126-0020-0000,210.690357479474,33,179066,1940.58456022694
Portsmouth,,305A,0126-0023-0000,178,61,,34,178-37499,8,CamaID: 0126-0023-0000,56 ISLINGTON ST,485182,08178-0126-0023-0000,0126-0023-0000,888.217153463794,34,179067,35886.9495857074
Portsmouth,,,0126-0000-0000,178,,,,,,,,485183,08178-0126-0000-0000,,230.135352838699,,179068,2258.07078067284
Portsmouth,,305A,0126-0021-0000,178,61,,57,178-37757,8,CamaID: 0126-0021-0000,8 ISLINGTON ST,485184,08178-0126-0021-0000,0126-0021-0000,582.361223449234,57,179069,19859.6361992344
Portsmouth,,201,0126-0019-0000,178,31,,14,178-54561,8,CamaID: 0126-0019-000A,56 MIDDLE ST #A,485185,08178-0126-0019-0000,0126-0019-000A,513.895515602731,14,179070,10015.6996548038
Portsmouth,,112,0201-0010-0000,178,12,,22,178-28569,8,CamaID: 0201-0010-0000,WENTWORTH HOUSE RD,485186,08178-0201-0010-0000,0201-0010-0000,761.951158498321,22,179071,33280.6571933792
Portsmouth,,306,0201-0009-0000,178,62,,23,178-35297,8,CamaID: 0201-0009-0000,SAGAMORE AVE,485187,08178-0201-0009-0000,0201-0009-0000,1000.48203258326,23,179072,61653.0136151612
Portsmouth,73,112,0201-0006-0000,178,12,,11,178-28566,8,CamaID: 0201-0006-0000,5 SAGAMORE GRV,485188,08178-0201-0006-0000,0201-0006-0000,787.264377401543,11-73,179073,26364.0771650118
Portsmouth,70,112,0201-0003-0000,178,12,,11,178-28563,8,CamaID: 0201-0003-0000,2 SAGAMORE GRV,485189,08178-0201-0003-0000,0201-0003-0000,634.653352338298,11-70,179074,20617.5610947452
Portsmouth,,306,0223-0025-0000,178,62,,57,178-35418,8,CamaID: 0223-0025-0000,1145 SAGAMORE AVE,485190,08178-0223-0025-0000,0223-0025-0000,1069.26137707479,57,179075,70995.5295242204
Portsmouth,70,112,0201-0004-0000,178,12,,11,178-28564,8,CamaID: 0201-0004-0000,4 SAGAMORE GRV,485191,08178-0201-0004-0000,0201-0004-0000,545.043707025772,11-70,179076,16487.0526218822
Portsmouth,73,112,0201-0001-0001,178,12,,11,178-52826,8,CamaID: 0201-0001-0001,11 SAGAMORE GRV,485195,08178-0201-0001-0001,0201-0001-0001,660.924769022837,11-73,179077,25684.1665015139
Portsmouth,,111,0201-0008-0000,178,11,,11,178-28568,8,CamaID: 0201-0008-0000,1 SAGAMORE GRV,485196,08178-0201-0008-0000,0201-0008-0000,536.639902232445,11,179078,14872.3267139439
Portsmouth,,204,0165-0001-0000,178,34,,14,178-53832,8,CamaID: 0165-0001-0025,30 CATE ST #25,485197,08178-0165-0001-0000,0165-0001-0025,1795.81763027823,14,179079,91866.9478122269
Portsmouth,70,112,0201-0005-0000,178,12,,11,178-28565,8,CamaID: 0201-0005-0000,6 SAGAMORE GRV,485192,08178-0201-0005-0000,0201-0005-0000,1188.42368670903,11-70,179080,74989.2158167242
Portsmouth,,306,0201-0001-0000,178,62,,33,178-35295,8,CamaID: 0201-0001-0000,955 SAGAMORE AVE,485193,08178-0201-0001-0000,0201-0001-0000,1291.9348936401,33,179081,62926.0993771775
Portsmouth,,219,0201-0002-0000,178,48,,14,178-54739,8,CamaID: 0201-0002-0011,960 SAGAMORE AVE #11,485194,08178-0201-0002-0000,0201-0002-0011,915.198244621238,14,179082,42929.8844077828
Portsmouth,,302,0165-0002-0000,178,57,,13,178-37633,8,CamaID: 0165-0002-0000,35 HODGDON WAY BLDG #A & B,485198,08178-0165-0002-0000,0165-0002-0000,2812.84329565303,13,179083,260640.966593693
Portsmouth,,204,0163-0034-0000,178,34,,14,178-54752,8,CamaID: 0163-0034-0001,50 CATE ST #1,485199,08178-0163-0034-0000,0163-0034-0001,1078.86420827329,14,179084,56319.8727430278
Portsmouth,,301,0165-0014-0000,178,56,,57,178-38066,8,CamaID: 0165-0014-0000,BARTLETT ST,485200,08178-0165-0014-0000,0165-0014-0000,3846.81729162944,57,179085,136717.219839671
Portsmouth,,105,0138-0029-0000,178,7,,11,178-34186,8,CamaID: 0138-0029-0000,47 LANGDON ST,485204,08178-0138-0029-0000,0138-0029-0000,264.58170480253,11,179086,4121.06809876198
Portsmouth,,105,0144-0038-0000,178,7,,12,178-34361,8,CamaID: 0144-0038-0000,51 DOVER ST,485205,08178-0144-0038-0000,0144-0038-0000,257.410986019393,12,179087,4016.18677752737
Portsmouth,,213,0105-0002-0000,178,42,,14,178-50760,8,CamaID: 0105-0002-001B,1 HARBOUR PL #4F,485201,08178-0105-0002-0000,0105-0002-001B,992.987516123786,14,179088,55301.0743165463
Portsmouth,,,,178,,,,,,,,485202,08178-,,673.105461414374,,179089,25697.9685627819
Portsmouth,,301,0125-0019-0000,178,56,,57,178-37488,8,CamaID: 0125-0019-0000,90 MAPLEWOOD AVE,485203,08178-0125-0019-0000,0125-0019-0000,1763.45259602123,57,179090,128216.168138822
Portsmouth,,103B,0152-0002-0000,178,5,,11,178-34748,8,CamaID: 0152-0002-0000,15 LAFAYETTE RD,485206,08178-0152-0002-0000,0152-0002-0000,645.424928739539,11,179091,17461.906588741
Portsmouth,,103B,0151-0010-0000,178,5,,11,178-34724,8,CamaID: 0151-0010-0000,55 LAFAYETTE RD,485207,08178-0151-0010-0000,0151-0010-0000,443.540569651664,11,179092,10773.0660524065
Portsmouth,,103B,0151-0015-0000,178,5,,11,178-34729,8,CamaID: 0151-0015-0000,218 WILLARD AVE,485208,08178-0151-0015-0000,0151-0015-0000,345.217128525454,11,179093,6319.30675270701
Portsmouth,,103B,0151-0014-0000,178,5,,11,178-34728,8,CamaID: 0151-0014-0000,208 WILLARD AVE,485209,08178-0151-0014-0000,0151-0014-0000,356.8602942566,11,179094,6722.10736913817
Portsmouth,,103B,0151-0011-0000,178,5,,11,178-34725,8,CamaID: 0151-0011-0000,91 LAFAYETTE RD,485210,08178-0151-0011-0000,0151-0011-0000,484.388033254539,11,179095,11501.6424225469
Portsmouth,,302,0151-0008-0000,178,57,,13,178-37778,8,CamaID: 0151-0008-0000,100 LAFAYETTE RD,485211,08178-0151-0008-0000,0151-0008-0000,1305.12218658683,13,179096,90447.0149663383
Portsmouth,,104,0151-0007-0000,178,6,,11,178-34722,8,CamaID: 0151-0007-0000,18 MONROE ST,485212,08178-0151-0007-0000,0151-0007-0000,362.209103399735,11,179097,8118.95854916027
Portsmouth,,304,0152-0006-0000,178,59,,33,178-38030,8,CamaID: 0152-0006-0000,40 MIDDLE RD,485213,08178-0152-0006-0000,0152-0006-0000,386.452954664782,33,179098,8083.6163139953
Portsmouth,,103B,0151-0010-0001,178,5,,11,178-53890,8,CamaID: 0151-0010-0001,65 LAFAYETTE RD,485214,08178-0151-0010-0001,0151-0010-0001,339.9203947378,11,179099,6249.85421035273
Portsmouth,,131,0162-0057-0000,178,27,,11,178-35084,8,CamaID: 0162-0057-0000,179 WOODBURY AVE,485215,08178-0162-0057-0000,0162-0057-0000,309.44618180375,11,179100,5466.12881070497
Portsmouth,,131,0175-0010-0000,178,27,,12,178-35290,8,CamaID: 0175-0010-0000,221 WOODBURY AVE,485216,08178-0175-0010-0000,0175-0010-0000,534.933112537206,12,179101,17609.0043945883
Portsmouth,,131,0162-0006-0000,178,27,,11,178-35036,8,CamaID: 0162-0006-0000,317 THORNTON ST,485217,08178-0162-0006-0000,0162-0006-0000,404.190804524163,11,179102,7700.68757258159
Portsmouth,,131,0162-0055-0000,178,27,,12,178-35082,8,CamaID: 0162-0055-0000,377 THORNTON ST,485218,08178-0162-0055-0000,0162-0055-0000,699.98795856748,12,179103,23652.6854274924
Portsmouth,,131,0162-0056-0000,178,27,,11,178-35083,8,CamaID: 0162-0056-0000,187 WOODBURY AVE,485219,08178-0162-0056-0000,0162-0056-0000,428.326006137383,11,179104,11366.5165246111
Portsmouth,,131,0162-0066-0000,178,27,,11,178-35093,8,CamaID: 0162-0066-0000,15 WOODBURY AVE,485220,08178-0162-0066-0000,0162-0066-0000,198.833515344559,11,179105,2082.57892756426
Portsmouth,,131,0162-0067-0000,178,27,,11,178-35094,8,CamaID: 0162-0067-0000,11 WOODBURY AVE,485221,08178-0162-0067-0000,0162-0067-0000,215.901520992425,11,179106,2447.76525763648
Portsmouth,,131,0162-0062-0000,178,27,,12,178-35089,8,CamaID: 0162-0062-0000,95 WOODBURY AVE,485222,08178-0162-0062-0000,0162-0062-0000,429.339919621518,12,179107,9311.08107633384
Portsmouth,,131,0162-0044-0000,178,27,,12,178-35072,8,CamaID: 0162-0044-0000,224 BARTLETT ST,485223,08178-0162-0044-0000,0162-0044-0000,381.31933524083,12,179108,6836.21112597011
Portsmouth,,204,0145-0002-0000,178,34,,14,178-38502,8,CamaID: 0145-0002-0001,314 ISLINGTON ST #1,485224,08178-0145-0002-0000,0145-0002-0001,266.785161747051,14,179109,4015.06836113843
Portsmouth,,105,0144-0037-0000,178,7,,11,178-34360,8,CamaID: 0144-0037-0000,230 MCDONOUGH ST,485225,08178-0144-0037-0000,0144-0037-0000,269.2914414164,11,179110,4353.93553852283
Portsmouth,,105,0144-0036-0000,178,7,,11,178-34359,8,CamaID: 0144-0036-0000,50 SALEM ST,485226,08178-0144-0036-0000,0144-0036-0000,269.760051852125,11,179111,4228.00982928188
Portsmouth,,105,0144-0029-0000,178,7,,11,178-34352,8,CamaID: 0144-0029-0000,200 MCDONOUGH ST,485227,08178-0144-0029-0000,0144-0029-0000,198.035154000306,11,179112,2449.27873734203
Portsmouth,,,0144-0000-0000,178,,,,,,,,485228,08178-0144-0000-0000,,116.512577043482,,179113,403.819688066859
Portsmouth,,105,0144-0028-0000,178,7,,11,178-34351,8,CamaID: 0144-0028-0000,178 MCDONOUGH ST,485229,08178-0144-0028-0000,0144-0028-0000,272.095841213646,11,179114,4395.0141855962
Portsmouth,,305A,0137-0023-0000,178,61,,27,178-37768,8,CamaID: 0137-0023-0000,ISLINGTON ST,485230,08178-0137-0023-0000,0137-0023-0000,915.713587484114,27,179115,51932.6706054995
Portsmouth,,105,0144-0019-0000,178,7,,11,178-34346,8,CamaID: 0144-0019-0000,287 CABOT ST,485231,08178-0144-0019-0000,0144-0019-0000,227.806824889432,11,179116,2851.78569650962
Portsmouth,,105,0144-0012-0000,178,7,,11,178-37558,8,CamaID: 0144-0012-0000,28 ROCKINGHAM ST,485232,08178-0144-0012-0000,0144-0012-0000,253.848364691323,11,179117,3849.20011817522
Portsmouth,,105,0144-0027-0000,178,7,,11,178-34350,8,CamaID: 0144-0027-0000,312 CABOT ST,485233,08178-0144-0027-0000,0144-0027-0000,277.524446311523,11,179118,3891.98464307
Portsmouth,,105,0144-0018-0000,178,7,,11,178-34345,8,CamaID: 0144-0018-0000,295 CABOT ST,485234,08178-0144-0018-0000,0144-0018-0000,229.437862910971,11,179119,2911.54068111344
Portsmouth,,105,0144-0017-0000,178,7,,11,178-34344,8,CamaID: 0144-0017-0000,303 CABOT ST,485235,08178-0144-0017-0000,0144-0017-0000,229.520657861035,11,179120,2910.82171498247
Portsmouth,,105,0144-0016-0000,178,7,,11,178-34343,8,CamaID: 0144-0016-0000,311 CABOT ST,485236,08178-0144-0016-0000,0144-0016-0000,190.361319584572,11,179121,2174.13421204908
Portsmouth,,105,0144-0014-0000,178,7,,12,178-34342,8,CamaID: 0144-0014-0000,44 ROCKINGHAM ST,485237,08178-0144-0014-0000,0144-0014-0000,241.625895121196,12,179122,3132.61831584452
Portsmouth,,105,0144-0046-0000,178,7,,11,178-34368,8,CamaID: 0144-0046-0000,159 MCDONOUGH ST,485238,08178-0144-0046-0000,0144-0046-0000,262.001125479633,11,179123,4075.48108256737
Portsmouth,,103B,0148-0045-0000,178,5,,12,178-34579,8,CamaID: 0148-0045-0000,35 PARK ST,485239,08178-0148-0045-0000,0148-0045-0000,395.381164904334,12,179124,9441.70768980218
Portsmouth,,103B,0134-0041-0000,178,5,,11,178-33994,8,CamaID: 0134-0041-0000,65 WIBIRD ST,485240,08178-0134-0041-0000,0134-0041-0000,490.217637920628,11,179125,11889.1282623342
Portsmouth,,103B,0134-0040-0000,178,5,,11,178-33993,8,CamaID: 0134-0040-0000,53 WIBIRD ST,485241,08178-0134-0040-0000,0134-0040-0000,411.061364418953,11,179126,7648.86500921138
Portsmouth,,103B,0134-0005-0000,178,5,,11,178-33960,8,CamaID: 0134-0005-0000,373 UNION ST,485242,08178-0134-0005-0000,0134-0005-0000,338.740062221972,11,179127,6008.42206924791
Portsmouth,,103B,0132-0022-0000,178,5,,11,178-33883,8,CamaID: 0132-0022-0000,613 UNION ST,485243,08178-0132-0022-0000,0132-0022-0000,1810.30788570805,11,179128,70506.1171587743
Portsmouth,,103B,0132-0024-0002,178,5,,11,178-53910,8,CamaID: 0132-0024-0002,815 SOUTH ST,485244,08178-0132-0024-0002,0132-0024-0002,373.633520181814,11,179129,8999.97329240162
Portsmouth,,103A,0221-0070-0000,178,4,,11,178-29578,8,CamaID: 0221-0070-0000,35 PINEHURST RD,485245,08178-0221-0070-0000,0221-0070-0000,366.554338154218,11,179130,8386.40188681738
Portsmouth,,103B,0132-0002-0000,178,5,,11,178-33866,8,CamaID: 0132-0002-0000,826 SOUTH ST,485246,08178-0132-0002-0000,0132-0002-0000,728.908133417457,11,179131,33734.120233842
Portsmouth,,103B,0132-0024-0001,178,5,,11,178-53909,8,CamaID: 0132-0024-0001,785 SOUTH ST,485247,08178-0132-0024-0001,0132-0024-0001,374.27255511551,11,179132,9003.99676080581
Portsmouth,,105,0145-0089-0000,178,7,,12,178-34448,8,CamaID: 0145-0089-0000,137 CABOT ST,485248,08178-0145-0089-0000,0145-0089-0000,367.835408497974,12,179133,5861.21147151506
Portsmouth,,304,0132-0024-0000,178,59,,57,178-33885,8,CamaID: 0132-0024-0000,799 SOUTH ST,485249,08178-0132-0024-0000,0132-0024-0000,1146.80897312411,57,179134,58884.7362508163
Portsmouth,,131,0123-0001-0000,178,27,,12,178-33622,8,CamaID: 0123-0001-0000,230 MAPLEWOOD AVE,485250,08178-0123-0001-0000,0123-0001-0000,250.906821700565,12,179135,3705.56704025165
Portsmouth,,131,0140-0001-0001,178,27,,12,178-53727,8,CamaID: 0140-0001-0001,30 DEARBORN ST,485251,08178-0140-0001-0001,0140-0001-0001,351.884150186884,12,179136,6350.63828300109
Portsmouth,,131,0123-0004-0000,178,27,,11,178-33625,8,CamaID: 0123-0004-0000,6 DEARBORN ST,485252,08178-0123-0004-0000,0123-0004-0000,717.006255006718,11,179137,14185.7383539488
Portsmouth,,131,0123-0005-0000,178,27,,11,178-33626,8,CamaID: 0123-0005-0000,22 DEARBORN ST,485253,08178-0123-0005-0000,0123-0005-0000,216.957311161274,11,179138,2303.07090230266
Portsmouth,70,131,0140-0001-0000,178,27,,11,178-34217,8,CamaID: 0140-0001-0000,28 DEARBORN ST,485254,08178-0140-0001-0000,0140-0001-0000,417.068860657888,11-70,179139,6664.12179619117
Portsmouth,,103B,0151-0019-0000,178,5,,11,178-34732,8,CamaID: 0151-0019-0000,248 WILLARD AVE,485255,08178-0151-0019-0000,0151-0019-0000,541.513386917425,11,179140,15832.4530007352
Portsmouth,,103B,0151-0018-0000,178,5,,11,178-34731,8,CamaID: 0151-0018-0000,240 WILLARD AVE,485256,08178-0151-0018-0000,0151-0018-0000,728.277305698667,11,179141,12436.1011447451
Portsmouth,,103B,0151-0017-0000,178,5,,11,178-34730,8,CamaID: 0151-0017-0000,238 WILLARD AVE,485257,08178-0151-0017-0000,0151-0017-0000,330.228690606943,11,179142,6735.71493017478
Portsmouth,,206,0151-0016-0000,178,36,,14,178-34740,8,CamaID: 0151-0016-0001,222 WILLARD AVE #1,485258,08178-0151-0016-0000,0151-0016-0001,401.490382089556,14,179143,8936.04648588904
Portsmouth,,105,0135-0040-0000,178,7,,11,178-34048,8,CamaID: 0135-0040-0000,21 MADISON ST,485259,08178-0135-0040-0000,0135-0040-0000,234.895046615168,11,179144,3347.14177514562
Portsmouth,,119,0292-0245-0000,178,18,,11,178-38137,8,CamaID: 0292-0245-0000,36 NATHANIEL DR,485260,08178-0292-0245-0000,0292-0245-0000,630.778125555471,11,179145,24791.5645758195
Portsmouth,,105,0146-0010-0000,178,7,,11,178-34491,8,CamaID: 0146-0010-0000,195 CASS ST,485261,08178-0146-0010-0000,0146-0010-0000,185.912292984316,11,179146,2106.14028021826
Portsmouth,,105,0146-0011-0000,178,7,,11,178-34492,8,CamaID: 0146-0011-0000,203 CASS ST,485262,08178-0146-0011-0000,0146-0011-0000,188.441263272379,11,179147,2165.8561159173
Portsmouth,,103B,0135-0013-0000,178,5,,11,178-34024,8,CamaID: 0135-0013-0000,285 UNION ST,485263,08178-0135-0013-0000,0135-0013-0000,269.319000554116,11,179148,4227.15263188344
Portsmouth,,304,0135-0016-0000,178,59,,57,178-34027,8,CamaID: 0135-0016-0000,499 MIDDLE ST,485264,08178-0135-0016-0000,0135-0016-0000,359.754668421446,57,179149,7616.1587676895
Portsmouth,,304,0135-0010-0000,178,59,,57,178-34021,8,CamaID: 0135-0010-0000,34 HIGHLAND ST,485265,08178-0135-0010-0000,0135-0010-0000,294.209366272279,57,179150,5343.73027221773
Portsmouth,,105,0135-0039-0000,178,7,,11,178-34047,8,CamaID: 0135-0039-0000,29 MADISON ST,485266,08178-0135-0039-0000,0135-0039-0000,279.639016233129,11,179151,3615.48766594336
Portsmouth,,304,0135-0012-0000,178,59,,57,178-34023,8,CamaID: 0135-0012-0000,473 MIDDLE ST,485267,08178-0135-0012-0000,0135-0012-0000,366.363150904788,57,179152,8040.98541234528
Portsmouth,,103B,0135-0006-0000,178,5,,12,178-34018,8,CamaID: 0135-0006-0000,35 HIGHLAND ST,485268,08178-0135-0006-0000,0135-0006-0000,262.053039006369,12,179153,4243.84923763356
Portsmouth,,304,0135-0011-0000,178,59,,57,178-34022,8,CamaID: 0135-0011-0000,461 MIDDLE ST,485269,08178-0135-0011-0000,0135-0011-0000,373.197573364632,57,179154,6305.23164718276
Portsmouth,,103B,0135-0005-0000,178,5,,12,178-34017,8,CamaID: 0135-0005-0000,29 HIGHLAND ST,485270,08178-0135-0005-0000,0135-0005-0000,189.646819816001,12,179155,1992.44864549188
Portsmouth,,105,0135-0025-0000,178,7,,11,178-34034,8,CamaID: 0135-0025-0000,214 UNION ST,485271,08178-0135-0025-0000,0135-0025-0000,234.293269490038,11,179156,3537.23403181545
Portsmouth,,304,0135-0004-0000,178,59,,33,178-38010,8,CamaID: 0135-0004-0000,439 MIDDLE ST,485272,08178-0135-0004-0000,0135-0004-0000,327.747552647652,33,179157,6129.06310539866
Portsmouth,,105,0146-0006-0000,178,7,,11,178-34487,8,CamaID: 0146-0006-0000,139 CASS ST,485273,08178-0146-0006-0000,0146-0006-0000,414.739174329558,11,179158,7587.65098009299
Portsmouth,,304,0135-0003-0000,178,59,,57,178-34016,8,CamaID: 0135-0003-0000,425 MIDDLE ST,485274,08178-0135-0003-0000,0135-0003-0000,554.854286096034,57,179159,15227.4687106632
Portsmouth,,105,0135-0027-0000,178,7,,12,178-34036,8,CamaID: 0135-0027-0000,188 UNION ST,485275,08178-0135-0027-0000,0135-0027-0000,304.145159178201,12,179160,5135.2180019445
Portsmouth,,103B,0135-0044-0000,178,5,,57,178-34052,8,CamaID: 0135-0044-0000,442 MIDDLE ST,485276,08178-0135-0044-0000,0135-0044-0000,327.414969600667,57,179161,6315.04505123602
Portsmouth,,105,0146-0005-0000,178,7,,12,178-34486,8,CamaID: 0146-0005-0000,127 CASS ST,485277,08178-0146-0005-0000,0146-0005-0000,437.543525941691,12,179162,9409.16952571248
Portsmouth,,304,0135-0045-0000,178,59,,57,178-34053,8,CamaID: 0135-0045-0000,426 MIDDLE ST,485278,08178-0135-0045-0000,0135-0045-0000,270.136307383844,57,179163,4583.63378583204
Portsmouth,,114,0247-0023-0000,178,14,,11,178-30838,8,CamaID: 0247-0023-0000,320 MCKINLEY RD,485279,08178-0247-0023-0000,0247-0023-0000,387.102198296637,11,179164,9865.76781661849
Portsmouth,,114,0247-0024-0000,178,14,,11,178-30839,8,CamaID: 0247-0024-0000,25 TAYLOR LN,485280,08178-0247-0024-0000,0247-0024-0000,392.544315577509,11,179165,10286.4689366919
Portsmouth,,114,0247-0070-0000,178,14,,11,178-30885,8,CamaID: 0247-0070-0000,15 TAYLOR LN,485281,08178-0247-0070-0000,0247-0070-0000,472.928366362501,11,179166,12868.8425224275
Portsmouth,,114,0247-0058-0000,178,14,,11,178-30873,8,CamaID: 0247-0058-0000,19 TAYLOR LN,485282,08178-0247-0058-0000,0247-0058-0000,664.814836924489,11,179167,23155.1018455458
Portsmouth,,114,0251-0016-0000,178,14,,11,178-31062,8,CamaID: 0251-0016-0000,33 HARRISON AVE,485283,08178-0251-0016-0000,0251-0016-0000,368.456396373163,11,179168,8828.55389058303
Portsmouth,,110,0225-0037-0004,178,10,,11,178-30051,8,CamaID: 0225-0037-0004,55 OAKWOOD DR,485284,08178-0225-0037-0004,0225-0037-0004,2276.98429398985,11,179169,145755.944298794
Portsmouth,,114,0247-0066-0000,178,14,,11,178-30881,8,CamaID: 0247-0066-0000,14 CLEVELAND DR,485285,08178-0247-0066-0000,0247-0066-0000,525.638908078323,11,179170,17863.0811482784
Portsmouth,,114,0247-0021-0000,178,14,,11,178-30836,8,CamaID: 0247-0021-0000,21 HARDING RD,485286,08178-0247-0021-0000,0247-0021-0000,472.729670134125,11,179171,13341.2045385557
Portsmouth,,114,0250-0001-0000,178,14,,11,178-30930,8,CamaID: 0250-0001-0000,40 HARRISON AVE,485287,08178-0250-0001-0000,0250-0001-0000,588.885879227817,11,179172,20687.7226954714
Portsmouth,,114,0251-0015-0000,178,14,,11,178-31061,8,CamaID: 0251-0015-0000,52 TAFT RD,485288,08178-0251-0015-0000,0251-0015-0000,360.931254769465,11,179173,8486.87597687305
Portsmouth,,114,0247-0022-0000,178,14,,11,178-30837,8,CamaID: 0247-0022-0000,19 HARDING RD,485289,08178-0247-0022-0000,0247-0022-0000,416.207652386367,11,179174,10116.4614749195
Portsmouth,,110,0225-0037-0005,178,10,,11,178-30052,8,CamaID: 0225-0037-0005,35 OAKWOOD DR,485290,08178-0225-0037-0005,0225-0037-0005,1724.34393567777,11,179175,113731.473731494
Portsmouth,,110,0225-0037-0003,178,10,,11,178-30050,8,CamaID: 0225-0037-0003,50 OAKWOOD DR,485291,08178-0225-0037-0003,0225-0037-0003,1875.03252037782,11,179176,141608.100876305
Portsmouth,,114,0251-0018-0000,178,14,,11,178-31064,8,CamaID: 0251-0018-0000,37 HARRISON AVE,485292,08178-0251-0018-0000,0251-0018-0000,563.420504198743,11,179177,17553.8614405397
Portsmouth,,114,0247-0071-0000,178,14,,11,178-30886,8,CamaID: 0247-0071-0000,11 CLEVELAND DR,485293,08178-0247-0071-0000,0247-0071-0000,450.751725849453,11,179178,13037.9692712704
Portsmouth,,114,0251-0012-0000,178,14,,11,178-31058,8,CamaID: 0251-0012-0000,58 TAFT RD,485294,08178-0251-0012-0000,0251-0012-0000,385.61695439959,11,179179,9283.65146894457
Portsmouth,,114,0247-0028-0000,178,14,,11,178-30843,8,CamaID: 0247-0028-0000,323 MCKINLEY RD,485295,08178-0247-0028-0000,0247-0028-0000,386.38298893801,11,179180,9732.95863308357
Portsmouth,,114,0247-0076-0000,178,14,,11,178-30891,8,CamaID: 0247-0076-0000,60 TAFT RD,485296,08178-0247-0076-0000,0247-0076-0000,450.470751548629,11,179181,13027.9714793403
Portsmouth,,114,0247-0029-0000,178,14,,11,178-30844,8,CamaID: 0247-0029-0000,2 NIXON PARK,485297,08178-0247-0029-0000,0247-0029-0000,488.158336299566,11,179182,13679.7751826383
Portsmouth,,114,0247-0030-0000,178,14,,11,178-30845,8,CamaID: 0247-0030-0000,4 NIXON PARK,485298,08178-0247-0030-0000,0247-0030-0000,535.442664349105,11,179183,16926.6679433631
Portsmouth,,114,0247-0038-0000,178,14,,11,178-30853,8,CamaID: 0247-0038-0000,17 HARDING RD,485299,08178-0247-0038-0000,0247-0038-0000,423.071104148451,11,179184,11637.2440612388
Portsmouth,,114,0247-0061-0000,178,14,,11,178-30876,8,CamaID: 0247-0061-0000,4 CLEVELAND DR,485300,08178-0247-0061-0000,0247-0061-0000,431.753236251456,11,179185,11837.5108296993
Portsmouth,,114,0247-0074-0000,178,14,,11,178-30889,8,CamaID: 0247-0074-0000,5 CLEVELAND DR,485301,08178-0247-0074-0000,0247-0074-0000,487.009830101515,11,179186,14986.3402617306
Portsmouth,,114,0251-0011-0000,178,14,,11,178-31057,8,CamaID: 0251-0011-0000,59 TAFT RD,485302,08178-0251-0011-0000,0251-0011-0000,709.711232477711,11,179187,30548.5479554354
Portsmouth,,114,0247-0037-0000,178,14,,11,178-30852,8,CamaID: 0247-0037-0000,18 NIXON PARK,485303,08178-0247-0037-0000,0247-0037-0000,412.396780163385,11,179188,10943.4249418535
Portsmouth,,110,0225-0028-0000,178,10,,11,178-30023,8,CamaID: 0225-0028-0000,10 REGINA RD,485304,08178-0225-0028-0000,0225-0028-0000,1363.35300119564,11,179189,107536.098829545
Portsmouth,,103B,0134-0039-0000,178,5,,11,178-33992,8,CamaID: 0134-0039-0000,41 WIBIRD ST,485305,08178-0134-0039-0000,0134-0039-0000,430.593577637983,11,179190,9072.35418621053
Portsmouth,,103B,0134-0056-0000,178,5,,11,178-34006,8,CamaID: 0134-0056-0000,354 UNION ST,485306,08178-0134-0056-0000,0134-0056-0000,304.174886784301,11,179191,5140.79683560219
Portsmouth,,304,0147-0016-0000,178,59,,57,178-38029,8,CamaID: 0147-0016-0000,591 MIDDLE ST,485307,08178-0147-0016-0000,0147-0016-0000,393.326478721747,57,179192,7405.94212832361
Portsmouth,,103B,0134-0037-0000,178,5,,11,178-33990,8,CamaID: 0134-0037-0000,40 CHAUNCEY ST,485308,08178-0134-0037-0000,0134-0037-0000,180.939899050854,11,179193,1982.55672124108
Portsmouth,,204,0134-0057-0000,178,34,,14,178-51684,8,CamaID: 0134-0057-0001,346 UNION ST #346,485309,08178-0134-0057-0000,0134-0057-0001,290.763051786378,14,179194,4746.24381238161
Portsmouth,,204,0136-0002-0000,178,34,,14,178-38465,8,CamaID: 0136-0002-0001,64 AUSTIN ST #1,485310,08178-0136-0002-0000,0136-0002-0001,399.252686141964,14,179195,8940.11242128807
Portsmouth,,201,0116-0051-0000,178,31,,14,178-51966,8,CamaID: 0116-0051-0002,67  MARK ST  #2,485311,08178-0116-0051-0000,0116-0051-0002,270.028488247141,14,179196,4551.7713760528
Portsmouth,,105,0116-0052-0000,178,7,,11,178-33409,8,CamaID: 0116-0052-0000,46 MARK ST,485312,08178-0116-0052-0000,0116-0052-0000,315.679953454122,11,179197,5497.21841217104
Portsmouth,,206,0152-0046-0000,178,36,,14,178-38295,8,CamaID: 0152-0046-0001,78 LAWRENCE ST #1,485313,08178-0152-0046-0000,0152-0046-0001,419.930540816815,14,179198,10017.8166166626
Portsmouth,,206,0152-0045-0000,178,36,,14,178-38886,8,CamaID: 0152-0045-0001,42 LAWRENCE ST #1,485314,08178-0152-0045-0000,0152-0045-0001,378.433337655101,14,179199,8017.23872420975
Portsmouth,,104,0152-0049-0000,178,6,,11,178-34793,8,CamaID: 0152-0049-0000,846 MIDDLE ST,485315,08178-0152-0049-0000,0152-0049-0000,491.291809376374,11,179200,12942.5423281797
Portsmouth,,103B,0149-0061-0000,178,5,,12,178-34663,8,CamaID: 0149-0061-0000,843 MIDDLE ST,485316,08178-0149-0061-0000,0149-0061-0000,361.722915919566,12,179201,7943.94468032822
Portsmouth,,103B,0133-0032-0000,178,5,,11,178-33926,8,CamaID: 0133-0032-0000,243 WIBIRD ST,485317,08178-0133-0032-0000,0133-0032-0000,269.50084496933,11,179202,4494.50689738451
Portsmouth,,304,0148-0022-0000,178,59,,57,178-34557,8,CamaID: 0148-0022-0000,815 MIDDLE ST,485318,08178-0148-0022-0000,0148-0022-0000,457.609038814374,57,179203,12952.871874629
Portsmouth,,103B,0148-0021-0000,178,5,,11,178-34556,8,CamaID: 0148-0021-0000,795 MIDDLE ST,485319,08178-0148-0021-0000,0148-0021-0000,361.636783696284,11,179204,8097.08609832283
Portsmouth,,103B,0148-0014-0000,178,5,,11,178-34549,8,CamaID: 0148-0014-0000,144 PARK ST,485320,08178-0148-0014-0000,0148-0014-0000,243.148116399636,11,179205,3676.50732466423
Portsmouth,,104,0153-0023-0000,178,6,,11,178-34819,8,CamaID: 0153-0023-0000,1 JOFFRE TER,485321,08178-0153-0023-0000,0153-0023-0000,291.95566872441,11,179206,5173.13437012103
Portsmouth,,104,0153-0025-0000,178,6,,11,178-34821,8,CamaID: 0153-0025-0000,196 ALDRICH RD,485322,08178-0153-0025-0000,0153-0025-0000,335.157619750004,11,179207,5880.70776572954
Portsmouth,,103B,0134-0036-0000,178,5,,11,178-33989,8,CamaID: 0134-0036-0000,30 CHAUNCEY ST,485323,08178-0134-0036-0000,0134-0036-0000,184.091225648424,11,179208,2048.27095543371
Portsmouth,,103B,0134-0035-0000,178,5,,12,178-33988,8,CamaID: 0134-0035-0000,24 CHAUNCEY ST,485324,08178-0134-0035-0000,0134-0035-0000,436.875846169093,12,179209,7657.57277725556
Portsmouth,,103B,0134-0004-0000,178,5,,11,178-33959,8,CamaID: 0134-0004-0000,351 UNION ST,485325,08178-0134-0004-0000,0134-0004-0000,425.926011278428,11,179210,11302.1865230158
Portsmouth,,105,0147-0024-0000,178,7,,12,178-34526,8,CamaID: 0147-0024-0000,24 FRIEND ST,485326,08178-0147-0024-0000,0147-0024-0000,276.200609749155,12,179211,4488.30816045894
Portsmouth,,119,0289-0005-0000,178,18,,11,178-32247,8,CamaID: 0289-0005-0000,448 LANG RD,485327,08178-0289-0005-0000,0289-0005-0000,2431.04700723439,11,179212,325605.932111208
Portsmouth,,119,0289-0007-0000,178,18,,11,178-32249,8,CamaID: 0289-0007-0000,406 LANG RD,485328,08178-0289-0007-0000,0289-0007-0000,2856.64463890821,11,179213,367129.367543814
Portsmouth,,119,0289-0011-0000,178,18,,11,178-38336,8,CamaID: 0289-0011-0000,372 LANG RD,485329,08178-0289-0011-0000,0289-0011-0000,3246.04171616032,11,179214,413919.47156659
Portsmouth,,301,0284-0004-0000,178,56,,27,178-35917,8,CamaID: 0284-0004-0000,SUZANNE DR,485330,08178-0284-0004-0000,0284-0004-0000,2785.79790626843,27,179215,391193.491156711
Portsmouth,,114,0268-0018-0000,178,14,,11,178-31539,8,CamaID: 0268-0018-0000,334 COOLIDGE DR,485331,08178-0268-0018-0000,0268-0018-0000,514.49353964496,11,179216,15109.4458301753
Portsmouth,,123,0233-0076-0001,178,21,,11,178-52971,8,CamaID: 0233-0076-0001,11 FLETCHER ST,485336,08178-0233-0076-0001,0233-0076-0001,461.780703643559,11,179217,13152.7858908268
Portsmouth,,123,0233-0076-0000,178,21,,11,178-30442,8,CamaID: 0233-0076-0000,70 SIMS AVE,485337,08178-0233-0076-0000,0233-0076-0000,307.316543987096,11,179218,5293.3144168976
Portsmouth,,118,0297-0012-0000,178,17,,12,178-32778,8,CamaID: 0297-0012-0000,3360 LAFAYETTE RD,485338,08178-0297-0012-0000,0297-0012-0000,621.391818068871,12,179219,22737.9996153327
Portsmouth,,110,0225-0027-0000,178,10,,11,178-30022,8,CamaID: 0225-0027-0000,8 REGINA RD,485339,08178-0225-0027-0000,0225-0027-0000,734.125975016579,11,179220,33523.7419736286
Portsmouth,,120,0251-0126-0000,178,19,,11,178-31170,8,CamaID: 0251-0126-0000,1601 LAFAYETTE RD,485340,08178-0251-0126-0000,0251-0126-0000,544.660407206085,11,179221,16749.5179961174
Portsmouth,,304,0247-0090-0000,178,59,,57,178-35666,8,CamaID: 0247-0090-0000,ELWYN RD,485341,08178-0247-0090-0000,0247-0090-0000,2005.45901404449,57,179222,171051.213643055
Portsmouth,,305,0104-0001-0000,178,60,,57,178-37186,8,CamaID: 0104-0001-0000,MARCY ST,485332,08178-0104-0001-0000,0104-0001-0000,2621.02253878281,57,179223,153496.207780976
Portsmouth,,307,0308-0012-0000,178,63,,57,178-37866,8,CamaID: 0308-0012-0000,25 AIRLINE AVE,485333,08178-0308-0012-0000,0308-0012-0000,5111.33081488861,57,179224,1116982.73167923
Portsmouth,,105,0138-0014-0000,178,7,,12,178-34173,8,CamaID: 0138-0014-0000,149 ISLINGTON ST,485334,08178-0138-0014-0000,0138-0014-0000,319.047486145946,12,179225,6087.48855248826
Portsmouth,,306,0201-0022-0000,178,62,,33,178-35299,8,CamaID: 0201-0022-0000,1150 SAGAMORE AVE,485335,08178-0201-0022-0000,0201-0022-0000,809.238450110616,33,179226,36113.3724366922
Portsmouth,,111,0201-0015-0000,178,11,,19,178-28573,8,CamaID: 0201-0015-0000,WENTWORTH HOUSE RD,485342,08178-0201-0015-0000,0201-0015-0000,291.725083482386,19,179227,3357.84651704127
Portsmouth,,125,0232-0077-0000,178,22,,22,178-30222,8,CamaID: 0232-0077-0000,WOODWORTH AVE,485343,08178-0232-0077-0000,0232-0077-0000,242.146553257059,22,179228,3277.63309184916
Portsmouth,,125,0232-0083-0000,178,22,,11,178-30228,8,CamaID: 0232-0083-0000,55 LEAVITT AVE,485344,08178-0232-0083-0000,0232-0083-0000,519.913292071426,11,179229,15998.5562727677
Portsmouth,,132,0258-0040-0000,178,28,,11,178-31220,8,CamaID: 0258-0040-0000,145 DODGE AVE,485345,08178-0258-0040-0000,0258-0040-0000,456.191907698866,11,179230,12987.2294145383
Portsmouth,70,101,0207-0042-0000,178,2,,11,178-28697,8,CamaID: 0207-0042-0000,82 DRIFTWOOD LN,485346,08178-0207-0042-0000,0207-0042-0000,989.494219995489,11-70,179231,25471.3985148814
Portsmouth,,103A,0129-0041-0000,178,4,,11,178-33736,8,CamaID: 0129-0041-0000,177 RICHARDS AVE,485347,08178-0129-0041-0000,0129-0041-0000,623.94536547391,11,179232,15695.7003821693
Portsmouth,,105,0136-0036-0000,178,7,,12,178-34114,8,CamaID: 0136-0036-0000,61 CABOT ST,485348,08178-0136-0036-0000,0136-0036-0000,361.288287965514,12,179233,6270.63438601671
Portsmouth,,103A,0112-0029-0000,178,4,,11,178-33305,8,CamaID: 0112-0029-0000,200 SHERBURNE AVE,485354,08178-0112-0029-0000,0112-0029-0000,439.11532552707,11,179234,11673.8951655043
Portsmouth,,103B,0206-0013-0000,178,5,,11,178-28637,8,CamaID: 0206-0013-0000,65 BRACKETT RD,485355,08178-0206-0013-0000,0206-0013-0000,966.4457111477,11,179235,44984.4456730337
Portsmouth,,109,0205-0001-0000,178,9,,22,178-35313,8,CamaID: 0205-0001-0000,PEST IS,485356,08178-0205-0001-0000,0205-0001-0000,3800.31767923202,22,179236,531272.995514894
Portsmouth,,103B,0111-0007-0000,178,5,,27,178-37727,8,CamaID: 0111-0007-0000,SOUTH ST,485357,08178-0111-0007-0000,0111-0007-0000,321.905977387843,27,179237,5490.73123552925
Portsmouth,,111,0203-0009-0000,178,11,,22,178-38074,8,CamaID: 0203-0009-0000,GOOSE ISLAND,485349,08178-0203-0009-0000,0203-0009-0000,780.236010658612,22,179238,38766.3448075144
Portsmouth,,104,0168-0011-0000,178,6,,12,178-35205,8,CamaID: 0168-0011-0000,257 MIDDLE RD,485350,08178-0168-0011-0000,0168-0011-0000,466.300283484103,12,179239,13174.8982454473
Portsmouth,70,111,0203-0007-0000,178,11,,11,178-28610,8,CamaID: 0203-0007-0000,345 LITTLE HARBOR RD,485351,08178-0203-0007-0000,0203-0007-0000,1058.75785984795,11-70,179240,65702.5400555146
Portsmouth,,104,0168-0019-0000,178,6,,12,178-35213,8,CamaID: 0168-0019-0000,117 MIDDLE RD,485352,08178-0168-0019-0000,0168-0019-0000,340.350669413178,12,179241,5962.07392972472
Portsmouth,,103B,0148-0003-0000,178,5,,12,178-34539,8,CamaID: 0148-0003-0000,160 WIBIRD ST,485353,08178-0148-0003-0000,0148-0003-0000,258.24511705375,12,179242,4140.28787444419
Portsmouth,,204,0147-0026-0000,178,34,,14,178-52726,8,CamaID: 0147-0026-0002,25 FRIEND ST #2,485358,08178-0147-0026-0000,0147-0026-0002,239.989796240854,14,179243,3499.72287292277
Portsmouth,,301,0286-0017-0000,178,56,,33,178-35951,8,CamaID: 0286-0017-0000,6 ROBERT AVE,485359,08178-0286-0017-0000,0286-0017-0000,1104.72943079523,33,179244,76139.9985075362
Portsmouth,,118,0292-0060-0000,178,17,,11,178-32523,8,CamaID: 0292-0060-0000,1 SIMONDS RD,485360,08178-0292-0060-0000,0292-0060-0000,380.739434792775,11,179245,9184.01552729417
Portsmouth,,118,0292-0095-0000,178,17,,27,178-35978,8,CamaID: 0292-0095-0000,SUZANNE DR,485361,08178-0292-0095-0000,0292-0095-0000,723.208643294191,27,179246,26497.8704058432
Portsmouth,,115,0270-0023-0000,178,15,,11,178-31697,8,CamaID: 0270-0023-0000,300 FW HARTFORD DR,485362,08178-0270-0023-0000,0270-0023-0000,871.539823959864,11,179247,40289.8629275793
Portsmouth,,302,0175-0004-0000,178,57,,33,178-37677,8,CamaID: 0175-0004-0000,300 WOODBURY AVE,485363,08178-0175-0004-0000,0175-0004-0000,1361.56428174405,33,179248,78946.5007193099
Portsmouth,,305,0107-0061-0000,178,60,,57,178-33161,8,CamaID: 0107-0061-0000,371 COURT ST,485364,08178-0107-0061-0000,0107-0061-0000,244.956452541808,57,179249,3622.51214871055
Portsmouth,,305,0107-0062-0000,178,60,,27,178-37715,8,CamaID: 0107-0062-0000,COURT ST,485365,08178-0107-0062-0000,0107-0062-0000,215.627130244953,27,179250,2864.15318372984
Portsmouth,,305,0104-0003-0002,178,60,,27,178-37188,8,CamaID: 0104-0003-0002,MARCY ST,485366,08178-0104-0003-0002,0104-0003-0002,578.658565022681,27,179251,19648.0890796476
Portsmouth,73,108,0105-0006-0000,178,8,,11,178-37224,8,CamaID: 0105-0006-0000,449 COURT ST,485367,08178-0105-0006-0000,0105-0006-0000,214.146673217724,11-73,179252,2724.04278590258
Portsmouth,,305,0105-0010-0000,178,60,,44,178-37225,8,CamaID: 0105-0010-0001,38 STATE ST #1,485368,08178-0105-0010-0000,0105-0010-0001,190.609292054038,44,179253,1555.53616804203
Portsmouth,,304,0237-0040-0000,178,59,,27,178-35524,8,CamaID: 0237-0040-0000,ECHO AVE,485369,08178-0237-0040-0000,0237-0040-0000,366.432463768683,27,179254,8019.89853304008
Portsmouth,,127,0237-0039-0000,178,23,,11,178-30669,8,CamaID: 0237-0039-0000,144 ECHO AVE,485370,08178-0237-0039-0000,0237-0039-0000,372.530446440797,11,179255,8394.5114162486
Portsmouth,,304,0219-0046-0000,178,59,,44,178-35400,8,CamaID: 0219-0046-0000,801 MCGEE DR,485371,08178-0219-0046-0000,0219-0046-0000,1726.97898765,44,179256,188385.506928586
Portsmouth,,127,0237-0064-0000,178,23,,22,178-30691,8,CamaID: 0237-0064-0000,ECHO AVE,485372,08178-0237-0064-0000,0237-0064-0000,114.006271804248,22,179257,810.080461465457
Portsmouth,,301,0211-0006-0000,178,56,,60,178-35335,8,CamaID: 0211-0006-0000,50 PREBLE WAY,485373,08178-0211-0006-0000,0211-0006-0000,2282.24559449797,60,179258,302557.711216917
Portsmouth,,130,0212-0002-0000,178,26,,11,178-28838,8,CamaID: 0212-0002-0000,107 PREBLE WAY #1,485374,08178-0212-0002-0000,0212-0002-0000,235.160052473432,11,179259,2942.58498666039
Portsmouth,,301,0216-0001-0008,178,56,,33,178-35374,8,CamaID: 0216-0001-0008,195 COMMERCE WAY,485375,08178-0216-0001-0008,0216-0001-0008,1631.15561250671,33,179260,122834.499420807
Portsmouth,,130,0212-0056-0000,178,26,,11,178-28887,8,CamaID: 0212-0056-0000,23 PORPOISE WAY,485376,08178-0212-0056-0000,0212-0056-0000,256.777041122034,11,179261,2586.79723760723
Portsmouth,,111,0222-0001-0000,178,11,,11,178-29599,8,CamaID: 0222-0001-0000,75 WALKER BUNGALOW RD,485377,08178-0222-0001-0000,0222-0001-0000,681.439729602693,11,179262,24242.3770661909
Portsmouth,,103B,0128-0010-0000,178,5,,12,178-33700,8,CamaID: 0128-0010-0000,105 RICHARDS AVE,485378,08178-0128-0010-0000,0128-0010-0000,267.054142966313,12,179263,4168.85176440931
Portsmouth,,307,0319-0001-0000,178,63,,33,178-37912,8,CamaID: 0319-0001-0000,100 ARBORETUM DR,485379,08178-0319-0001-0000,0319-0001-0000,4163.50693661821,33,179264,885396.715133418
Portsmouth,,302,0285-015A-0000,178,57,,33,178-35941,8,CamaID: 0285-015A-0000,2466 LAFAYETTE RD,485380,08178-0285-015A-0000,0285-015A-0000,1083.09456166272,33,179265,56772.7726271519
Portsmouth,,302,0272-0009-0005,178,57,,23,178-35865,8,CamaID: 0272-0009-0005,LAFAYETTE RD,485381,08178-0272-0009-0005,0272-0009-0005,1699.48845427139,23,179266,145465.670312712
Portsmouth,,301,0285-0010-0000,178,56,,34,178-35933,8,CamaID: 0285-0010-0000,6 POST RD,485382,08178-0285-0010-0000,0285-0010-0000,1810.2804341221,34,179267,207041.690173266
Portsmouth,,117,0282-0006-0024,178,16,,11,178-32146,8,CamaID: 0282-0006-0024,25 BUCKMINSTER WAY,485383,08178-0282-0006-0024,0282-0006-0024,854.673189755326,11,179268,43735.778329984
Portsmouth,,,0263-0001-0001,178,,,,,,,,485384,08178-0263-0001-0001,,2124.72898049746,,179269,162622.843260778
Portsmouth,,125,0231-0023-0000,178,22,,11,178-30111,8,CamaID: 0231-0023-0000,109 HILLSIDE DR,485385,08178-0231-0023-0000,0231-0023-0000,556.858201683558,11,179270,20001.044668731
Portsmouth,70,111,0203-0002-0000,178,11,,11,178-28606,8,CamaID: 0203-0002-0000,395 LITTLE HARBOR RD,485386,08178-0203-0002-0000,0203-0002-0000,903.433505452316,11-70,179271,45415.4750918077
Portsmouth,,111,0204-0010-0000,178,11,,11,178-28618,8,CamaID: 0204-0010-0000,1 CURRIERS CV,485387,08178-0204-0010-0000,0204-0010-0000,827.465177507831,11,179272,40188.7969151188
Portsmouth,,123,0232-0142-0000,178,21,,11,178-30281,8,CamaID: 0232-0142-0000,110 SHEFFIELD RD,485388,08178-0232-0142-0000,0232-0142-0000,358.536512567551,11,179273,7921.43174188284
Portsmouth,,111,0204-0011-0000,178,11,,11,178-28619,8,CamaID: 0204-0011-0000,2 CURRIERS CV,485389,08178-0204-0011-0000,0204-0011-0000,973.018379354521,11,179274,43684.9468287973
Portsmouth,,123,0232-0145-0000,178,21,,11,178-30284,8,CamaID: 0232-0145-0000,80 SHEFFIELD RD,485390,08178-0232-0145-0000,0232-0145-0000,453.114188350518,11,179275,9715.48708966903
Portsmouth,,123,0232-0147-0000,178,21,,11,178-30286,8,CamaID: 0232-0147-0000,79 SHEFFIELD RD,485391,08178-0232-0147-0000,0232-0147-0000,320.853455031489,11,179276,6368.15773783505
Portsmouth,,121,0261-0047-0000,178,20,,11,178-31467,8,CamaID: 0261-0047-0000,246 HOLLY LN,485392,08178-0261-0047-0000,0261-0047-0000,379.372233727491,11,179277,8642.785408216
Portsmouth,,121,0260-0094-0000,178,20,,11,178-31349,8,CamaID: 0260-0094-0000,12 WHIPPLE CT,485393,08178-0260-0094-0000,0260-0094-0000,328.089184237127,11,179278,7086.42294905488
Portsmouth,70,109,0207-0011-0000,178,9,,11,178-28667,8,CamaID: 0207-0011-0000,50 PLEASANT POINT DR,485394,08178-0207-0011-0000,0207-0011-0000,534.573620741764,11-70,179279,17516.2986671691
Portsmouth,,109,0207-0026-0000,178,9,,11,178-28681,8,CamaID: 0207-0026-0000,33 PLEASANT POINT DR,485395,08178-0207-0026-0000,0207-0026-0000,588.857535565084,11,179280,22273.2235036495
Portsmouth,,129,0234-0020-0000,178,25,,11,178-30523,8,CamaID: 0234-0020-0000,38 COAKLEY RD,485396,08178-0234-0020-0000,0234-0020-0000,330.9153658333,11,179281,6794.69013466963
Portsmouth,70,109,0207-0009-0000,178,9,,11,178-28665,8,CamaID: 0207-0009-0000,40 PLEASANT POINT DR,485397,08178-0207-0009-0000,0207-0009-0000,832.421731286371,11-70,179282,25685.2255204929
Portsmouth,70,109,0207-0008-0000,178,9,,11,178-28664,8,CamaID: 0207-0008-0000,20 PLEASANT POINT DR,485398,08178-0207-0008-0000,0207-0008-0000,599.023674580402,11-70,179283,18910.3362055702
Portsmouth,,129,0234-0022-0000,178,25,,11,178-30525,8,CamaID: 0234-0022-0000,30 COAKLEY RD,485399,08178-0234-0022-0000,0234-0022-0000,487.028567334476,11,179284,15950.7327949138
Portsmouth,73,109,0207-0032-0000,178,9,,11,178-28687,8,CamaID: 0207-0032-0000,5 PLEASANT POINT DR,485400,08178-0207-0032-0000,0207-0032-0000,404.710179362915,11-73,179285,10452.1519735339
Portsmouth,73,109,0207-0033-0000,178,9,,11,178-28688,8,CamaID: 0207-0033-0000,4 PLEASANT POINT DR,485401,08178-0207-0033-0000,0207-0033-0000,367.3680672909,11-73,179286,8725.84349269317
Portsmouth,,103B,0129-0036-0000,178,5,,12,178-33731,8,CamaID: 0129-0036-0000,324 PARROTT AVE,485402,08178-0129-0036-0000,0129-0036-0000,352.745330431435,12,179287,6398.35989110626
Portsmouth,,129,0220-0052-0000,178,25,,11,178-29464,8,CamaID: 0220-0052-0000,55 EDMOND AVE,485403,08178-0220-0052-0000,0220-0052-0000,438.217064596668,11,179288,12420.2403380342
Portsmouth,,129,0220-0046-0000,178,25,,11,178-29458,8,CamaID: 0220-0046-0000,51 SAPPHIRE ST,485404,08178-0220-0046-0000,0220-0046-0000,452.722178593558,11,179289,12565.5836185933
Portsmouth,,129,0220-0045-0000,178,25,,11,178-29457,8,CamaID: 0220-0045-0000,40 SAPPHIRE ST,485405,08178-0220-0045-0000,0220-0045-0000,461.580166196598,11,179290,13169.9736626599
Portsmouth,,129,0220-0024-0000,178,25,,11,178-29436,8,CamaID: 0220-0024-0000,85 RUBY RD,485406,08178-0220-0024-0000,0220-0024-0000,541.241935801708,11,179291,18763.9137824723
Portsmouth,,129,0220-0043-0000,178,25,,11,178-29455,8,CamaID: 0220-0043-0000,80 SAPPHIRE ST,485407,08178-0220-0043-0000,0220-0043-0000,389.438195842344,11,179292,9932.54311265327
Portsmouth,,129,0220-0042-0000,178,25,,11,178-29454,8,CamaID: 0220-0042-0000,80 DIAMOND DR,485408,08178-0220-0042-0000,0220-0042-0000,387.28312771423,11,179293,9790.40098529912
Portsmouth,,129,0237-0049-0000,178,25,,11,178-30678,8,CamaID: 0237-0049-0000,165 WOODLAWN CIR,485409,08178-0237-0049-0000,0237-0049-0000,482.587259599259,11,179294,12751.6632190137
Portsmouth,,129,0237-0004-0000,178,25,,11,178-30635,8,CamaID: 0237-0004-0000,93 WOODLAWN CIR,485410,08178-0237-0004-0000,0237-0004-0000,406.169950799924,11,179295,9574.51187286868
Portsmouth,,305,0104-0007-0000,178,60,,57,178-37168,8,CamaID: 0104-0007-0000,65 WASHINGTON ST,485411,08178-0104-0007-0000,0104-0007-0000,3642.9486719122,57,179296,358689.56603204
Portsmouth,,101,0103-0052-0000,178,2,,12,178-33001,8,CamaID: 0103-0052-0000,238 MARCY ST,485412,08178-0103-0052-0000,0103-0052-0000,253.731118607531,12,179297,3809.13954618565
Portsmouth,,204,0111-0006-0000,178,34,,14,178-52511,8,CamaID: 0111-0006-0001,270 SOUTH ST #1,485413,08178-0111-0006-0000,0111-0006-0001,928.943506599499,14,179298,40451.2445263528
Portsmouth,,125,0232-0008-0001,178,22,,27,178-52928,8,CamaID: 0232-0008-0001,LOIS ST,485414,08178-0232-0008-0001,0232-0008-0001,1710.10864763777,27,179299,124663.585662384
Portsmouth,,222,0209-0085-0000,178,51,,14,178-52332,8,CamaID: 0209-0085-0004,525 MAPLEWOOD AVE #4,485415,08178-0209-0085-0000,0209-0085-0004,994.569198665889,14,179300,47180.5908955118
Portsmouth,,,,178,,,,,,,,485416,,,1779.90292810238,,179301,30218.6400588817
Portsmouth,,305,0124-0003-0000,178,60,,27,178-37751,8,CamaID: 0124-0003-0000,MAPLEWOOD AVE,485417,08178-0124-0003-0000,0124-0003-0000,693.923746484501,27,179302,23702.3212329176
Portsmouth,,130,0212-0095-0000,178,26,,11,178-37219,8,CamaID: 0212-0095-0000,234 RALEIGH WAY,485418,08178-0212-0095-0000,0212-0095-0000,211.109028325272,11,179303,2025.74686304679
Portsmouth,,130,0212-0088-0000,178,26,,11,178-37772,8,CamaID: 0212-0088-0000,219 CONCORD WAY,485419,08178-0212-0088-0000,0212-0088-0000,215.488359908909,11,179304,2064.16340950583
Portsmouth,,130,0212-0089-0000,178,26,,11,178-28920,8,CamaID: 0212-0089-0000,229 CONCORD WAY,485420,08178-0212-0089-0000,0212-0089-0000,262.49778326911,11,179305,4008.33133321875
Portsmouth,,130,0212-0090-0000,178,26,,11,178-28921,8,CamaID: 0212-0090-0000,239 CONCORD WAY,485421,08178-0212-0090-0000,0212-0090-0000,264.362719723743,11,179306,4073.1122903291
Portsmouth,,307,0312-0001-0000,178,63,,44,178-37891,8,CamaID: 0312-0001-0000,222 INTERNATIONAL DR,485422,08178-0312-0001-0000,0312-0001-0000,4462.90167771929,44,179307,894383.630203983
Portsmouth,,307,0318-0002-0000,178,63,,44,178-37911,8,CamaID: 0318-0002-0000,325 CORPORATE DR,485423,08178-0318-0002-0000,0318-0002-0000,2357.78985534749,44,179308,318624.847136676
Portsmouth,,302,0267-0002-0000,178,57,,33,178-31523,8,CamaID: 0267-0002-0000,2222 LAFAYETTE RD,485424,08178-0267-0002-0000,0267-0002-0000,888.962938506008,33,179309,36040.5927872138
Portsmouth,,115,0269-0053-0000,178,15,,11,178-31677,8,CamaID: 0269-0053-0000,10 FW HARTFORD DR,485425,08178-0269-0053-0000,0269-0053-0000,764.853511148362,11,179310,32883.9900916266
Portsmouth,,115,0269-0048-0000,178,15,,57,178-35852,8,CamaID: 0269-0048-0000,FW HARTFORD DR,485426,08178-0269-0048-0000,0269-0048-0000,6831.27276708686,57,179311,678347.020235928
Portsmouth,,302,0268-0098-0000,178,57,,33,178-35849,8,CamaID: 0268-0098-0000,2179 LAFAYETTE RD,485427,08178-0268-0098-0000,0268-0098-0000,1145.7877620776,33,179312,74395.2438733137
Portsmouth,,305,0126-0006-0000,178,60,,44,178-38804,8,CamaID: 0126-0006-204B,10 VAUGHAN MALL,485428,08178-0126-0006-0000,0126-0006-204B,614.055024566556,44,179313,22916.336976342
Portsmouth,,,0125-0002-000A,178,,,,,,,,485429,08178-0125-0002-000A,,635.680804944884,,179314,21797.2842990346
Portsmouth,,131,0122-0002-0000,178,27,,11,178-33611,8,CamaID: 0122-0002-0000,137 NORTHWEST ST,485430,08178-0122-0002-0000,0122-0002-0000,462.426518292527,11,179315,7499.97679360565
Portsmouth,,131,0122-0002-0001,178,27,,22,178-54573,8,CamaID: 0122-0002-0001,0 NORTHWEST ST,485431,08178-0122-0002-0001,0122-0002-0001,757.012655651049,22,179316,10634.3454760926
Portsmouth,,305,0117-0014-0000,178,60,,33,178-37351,8,CamaID: 0117-0014-0000,1 CONGRESS ST,485432,08178-0117-0014-0000,0117-0014-0000,549.254330455746,33,179317,14373.787983657
Portsmouth,,103B,0149-0017-0000,178,5,,11,178-34620,8,CamaID: 0149-0017-0000,111 WILLARD AVE,485440,08178-0149-0017-0000,0149-0017-0000,324.277439001554,11,179318,5578.91921015583
Portsmouth,,112,0201-0019-0000,178,12,,22,178-28576,8,CamaID: 0201-0019-0000,WENTWORTH HOUSE RD,485441,08178-0201-0019-0000,0201-0019-0000,823.182636120632,22,179319,24848.0303264377
Portsmouth,,304,0201-0027-0000,178,59,,27,178-38300,8,CamaID: 0201-0027-0000,WENTWORTH HOUSE RD,485442,08178-0201-0027-0000,0201-0027-0000,372.433439139658,27,179320,6117.03717123088
Portsmouth,,305,0126-0059-0000,178,60,,27,178-37758,8,CamaID: 0126-0059-0000,11 BRIDGE ST,485433,08178-0126-0059-0000,0126-0059-0000,805.233367891072,27,179321,28513.9562896319
Portsmouth,,104,0166-0017-0000,178,6,,11,178-35151,8,CamaID: 0166-0017-0000,175 THAXTER RD,485434,08178-0166-0017-0000,0166-0017-0000,471.221355039982,11,179322,11132.6869141026
Portsmouth,,104,0166-0015-0000,178,6,,11,178-35149,8,CamaID: 0166-0015-0000,135 THAXTER RD,485435,08178-0166-0015-0000,0166-0015-0000,398.452387596377,11,179323,9915.25978447766
Portsmouth,,102,0103-0096-0000,178,3,,11,178-33041,8,CamaID: 0103-0096-0000,111 GATES ST,485436,08178-0103-0096-0000,0103-0096-0000,293.276373972305,11,179324,5359.53942345584
Portsmouth,,119,0217-0002-1950,178,18,,22,178-29258,8,CamaID: 0217-0002-1950,SHEARWATER DR,485437,08178-0217-0002-1950,0217-0002-1950,1097.57238870802,22,179325,75047.1039429617
Portsmouth,,302,0297-0004-0001,178,57,,33,178-36016,8,CamaID: 0297-0004-0001,3600 LAFAYETTE RD,485438,08178-0297-0004-0001,0297-0004-0001,1238.30614274351,33,179326,92329.0273990168
Portsmouth,,103B,0150-0032-0000,178,5,,12,178-34699,8,CamaID: 0150-0032-0000,110 WILLARD AVE,485439,08178-0150-0032-0000,0150-0032-0000,307.514144139948,12,179327,5282.29512418044
Portsmouth,,306,0201-0014-0000,178,62,,33,178-28572,8,CamaID: 0201-0014-0000,191 WENTWORTH HOUSE RD,485443,08178-0201-0014-0000,0201-0014-0000,606.185796207001,33,179328,13518.2731748177
Portsmouth,,102,0103-0076-0000,178,3,,11,178-33024,8,CamaID: 0103-0076-0000,74 GATES ST,485444,08178-0103-0076-0000,0103-0076-0000,196.259236571782,11,179329,2395.5321122254
Portsmouth,,102,0103-0075-0000,178,3,,11,178-33023,8,CamaID: 0103-0075-0000,84 GATES ST,485445,08178-0103-0075-0000,0103-0075-0000,260.085266372241,11,179330,4230.95372607977
Portsmouth,,102,0103-0074-0000,178,3,,11,178-33022,8,CamaID: 0103-0074-0000,90 GATES ST,485446,08178-0103-0074-0000,0103-0074-0000,214.784178516386,11,179331,2522.04286270419
Portsmouth,,102,0103-0073-0000,178,3,,11,178-33021,8,CamaID: 0103-0073-0000,100 GATES ST,485447,08178-0103-0073-0000,0103-0073-0000,210.956507467569,11,179332,2379.03357422496
Portsmouth,,102,0103-0072-0000,178,3,,11,178-33020,8,CamaID: 0103-0072-0000,104 GATES ST,485448,08178-0103-0072-0000,0103-0072-0000,214.385837019387,11,179333,2094.85188715264
Portsmouth,,101,0103-0019-0000,178,2,,12,178-32975,8,CamaID: 0103-0019-0000,170 GATES ST,485449,08178-0103-0019-0000,0103-0019-0000,231.633902100156,12,179334,3281.71165226773
Portsmouth,,204,0103-0094-0000,178,34,,14,178-33049,8,CamaID: 0103-0094-000A,83 GATES ST #A,485450,08178-0103-0094-0000,0103-0094-000A,290.578785518353,14,179335,4257.33833681482
Portsmouth,,101,0103-0018-0000,178,2,,11,178-32974,8,CamaID: 0103-0018-0000,180 GATES ST,485451,08178-0103-0018-0000,0103-0018-0000,281.011153167652,11,179336,4720.93604186161
Portsmouth,73,101,0103-0026-0000,178,2,,11,178-32982,8,CamaID: 0103-0026-0000,210 GATES ST,485452,08178-0103-0026-0000,0103-0026-0000,170.214078033314,11-73,179337,1794.68011190764
Portsmouth,,108,0103-0086-0000,178,8,,11,178-33033,8,CamaID: 0103-0086-0000,5 HANCOCK ST,485453,08178-0103-0086-0000,0103-0086-0000,399.333599433313,11,179338,9801.89060202382
Portsmouth,,305,0103-0085-0000,178,60,,44,178-37184,8,CamaID: 0103-0085-0002,200 MARCY ST,485454,08178-0103-0085-0000,0103-0085-0002,405.915277239345,44,179339,10089.3749801059
Portsmouth,,108,0103-0001-0000,178,8,,12,178-32958,8,CamaID: 0103-0001-0000,187 MARCY ST,485455,08178-0103-0001-0000,0103-0001-0000,282.513876632492,12,179340,4418.17624888556
Portsmouth,,305,0104-0003-0000,178,60,,57,178-37187,8,CamaID: 0104-0003-0000,99 MARCY ST,485456,08178-0104-0003-0000,0104-0003-0000,403.029466633697,57,179341,9821.82624470246
Portsmouth,73,101,0103-0010-0000,178,2,,11,178-32966,8,CamaID: 0103-0010-0000,14 MECHANIC ST,485457,08178-0103-0010-0000,0103-0010-0000,394.972803923697,11-73,179342,6157.704214021
Portsmouth,,102,0103-0090-0000,178,3,,11,178-33036,8,CamaID: 0103-0090-0000,55 GATES ST,485458,08178-0103-0090-0000,0103-0090-0000,308.69068338488,11,179343,2909.38832772292
Portsmouth,,102,0103-0093-0000,178,3,,11,178-33039,8,CamaID: 0103-0093-0000,75 GATES ST,485459,08178-0103-0093-0000,0103-0093-0000,216.593156763782,11,179344,2297.04470721658
Portsmouth,,108,0103-0087-0000,178,8,,11,178-33034,8,CamaID: 0103-0087-0000,7 HANCOCK ST,485460,08178-0103-0087-0000,0103-0087-0000,442.086491484427,11,179345,9974.91056602332
Portsmouth,,101,0109-0029-0000,178,2,,11,178-33212,8,CamaID: 0109-0029-0000,202 WASHINGTON ST,485461,08178-0109-0029-0000,0109-0029-0000,206.54919494465,11,179346,2670.63155189916
Portsmouth,,108,0109-0027-0000,178,8,,11,178-33210,8,CamaID: 0109-0027-0000,283 PLEASANT ST,485462,08178-0109-0027-0000,0109-0027-0000,475.336694109533,11,179347,10783.9807515841
Portsmouth,,202,0102-0015-0000,178,32,,14,178-38194,8,CamaID: 0102-0015-0001,5 SOUTH MILL ST #1,485463,08178-0102-0015-0000,0102-0015-0001,243.143269981814,14,179348,3236.68708971943
Portsmouth,73,101,0102-0018-0000,178,2,,11,178-32894,8,CamaID: 0102-0018-0000,41 SOUTH MILL ST,485464,08178-0102-0018-0000,0102-0018-0000,201.476857462151,11-73,179349,2416.43686280797
Portsmouth,,102,0102-0061-0000,178,3,,11,178-32934,8,CamaID: 0102-0061-0000,17 FRANKLIN ST,485465,08178-0102-0061-0000,0102-0061-0000,228.705621924913,11,179350,3215.08736117328
Portsmouth,,119,0292-0232-0000,178,18,,11,178-38150,8,CamaID: 0292-0232-0000,131 NATHANIEL DR,485466,08178-0292-0232-0000,0292-0232-0000,490.967100812516,11,179351,15413.5564218931
Portsmouth,,119,0292-0231-0000,178,18,,11,178-38149,8,CamaID: 0292-0231-0000,115 NATHANIEL DR,485467,08178-0292-0231-0000,0292-0231-0000,496.059000251312,11,179352,15436.9965886666
Portsmouth,,118,0292-0165-0000,178,17,,11,178-32624,8,CamaID: 0292-0165-0000,80 WINCHESTER ST,485468,08178-0292-0165-0000,0292-0165-0000,367.865433529007,11,179353,8290.24279628229
Portsmouth,,118,0292-0167-0000,178,17,,11,178-32626,8,CamaID: 0292-0167-0000,15 MARIETTE DR,485469,08178-0292-0167-0000,0292-0167-0000,538.185836359456,11,179354,18089.28829674
Portsmouth,,118,0292-0107-0000,178,17,,11,178-32569,8,CamaID: 0292-0107-0000,64 WINCHESTER ST,485470,08178-0292-0107-0000,0292-0107-0000,365.552065492472,11,179355,8255.50666815571
Portsmouth,,118,0292-0168-0000,178,17,,11,178-32627,8,CamaID: 0292-0168-0000,17 MARIETTE DR,485471,08178-0292-0168-0000,0292-0168-0000,421.575767877358,11,179356,10891.0046209929
Portsmouth,,118,0292-0105-0000,178,17,,11,178-32567,8,CamaID: 0292-0105-0000,13 MARIETTE DR,485472,08178-0292-0105-0000,0292-0105-0000,372.133647274084,11,179357,9113.74980665489
Portsmouth,,118,0292-0185-0000,178,17,,11,178-32644,8,CamaID: 0292-0185-0000,10 MARIETTE DR,485473,08178-0292-0185-0000,0292-0185-0000,398.555750476397,11,179358,10389.9921323562
Portsmouth,,118,0292-0171-0000,178,17,,11,178-32630,8,CamaID: 0292-0171-0000,23 MARIETTE DR,485474,08178-0292-0171-0000,0292-0171-0000,390.453953783684,11,179359,9486.58985244959
Portsmouth,,118,0292-0184-0000,178,17,,11,178-32643,8,CamaID: 0292-0184-0000,12 MARIETTE DR,485475,08178-0292-0184-0000,0292-0184-0000,385.228023014088,11,179360,9128.09032424068
Portsmouth,,118,0292-0103-0000,178,17,,11,178-32565,8,CamaID: 0292-0103-0000,9 MARIETTE DR,485476,08178-0292-0103-0000,0292-0103-0000,366.168434228972,11,179361,8400.19293676713
Portsmouth,,119,0292-0246-0000,178,18,,11,178-38138,8,CamaID: 0292-0246-0000,20 NATHANIEL DR,485477,08178-0292-0246-0000,0292-0246-0000,657.213600652417,11,179362,25397.7381371797
Portsmouth,,118,0292-0186-0000,178,17,,11,178-32645,8,CamaID: 0292-0186-0000,8 MARIETTE DR,485478,08178-0292-0186-0000,0292-0186-0000,384.068289770884,11,179363,9698.14331866323
Portsmouth,,118,0292-0172-0000,178,17,,11,178-32631,8,CamaID: 0292-0172-0000,25 MARIETTE DR,485479,08178-0292-0172-0000,0292-0172-0000,383.22193611589,11,179364,9140.97955514088
Portsmouth,,118,0292-0183-0000,178,17,,11,178-32642,8,CamaID: 0292-0183-0000,14 MARIETTE DR,485480,08178-0292-0183-0000,0292-0183-0000,388.586700589058,11,179365,9417.78935272455
Portsmouth,,118,0292-0187-0000,178,17,,11,178-32646,8,CamaID: 0292-0187-0000,2 DENISE ST,485481,08178-0292-0187-0000,0292-0187-0000,377.946102419866,11,179366,8936.72147124865
Portsmouth,,118,0292-0102-0000,178,17,,11,178-32564,8,CamaID: 0292-0102-0000,7 MARIETTE DR,485482,08178-0292-0102-0000,0292-0102-0000,391.493551577184,11,179367,9344.48555163212
Portsmouth,,118,0292-0173-0000,178,17,,11,178-32632,8,CamaID: 0292-0173-0000,27 MARIETTE DR,485483,08178-0292-0173-0000,0292-0173-0000,378.666990372546,11,179368,8949.70604621343
Portsmouth,,118,0292-0182-0000,178,17,,11,178-32641,8,CamaID: 0292-0182-0000,16 MARIETTE DR,485484,08178-0292-0182-0000,0292-0182-0000,393.487137732308,11,179369,9654.6058277519
Portsmouth,,118,0292-0188-0000,178,17,,11,178-32647,8,CamaID: 0292-0188-0000,4 DENISE ST,485485,08178-0292-0188-0000,0292-0188-0000,375.72147341058,11,179370,8807.83390805868
Portsmouth,,101,0102-0013-0000,178,2,,11,178-32891,8,CamaID: 0102-0013-0000,333 MARCY ST,485486,08178-0102-0013-0000,0102-0013-0000,205.603565789705,11,179371,2602.80477368597
Portsmouth,,305,0102-0062-0000,178,60,,57,178-32935,8,CamaID: 0102-0062-0000,404 PLEASANT ST,485487,08178-0102-0062-0000,0102-0062-0000,221.989179596809,57,179372,3036.49648776677
Portsmouth,,102,0102-0063-0000,178,3,,11,178-32936,8,CamaID: 0102-0063-0000,394 PLEASANT ST,485488,08178-0102-0063-0000,0102-0063-0000,290.642920262086,11,179373,4442.93706267937
Portsmouth,,305,0109-0006-0000,178,60,,27,178-37321,8,CamaID: 0109-0006-0000,PLEASANT ST,485489,08178-0109-0006-0000,0109-0006-0000,318.712256025707,27,179374,5659.55285503281
Portsmouth,,307,0306-0004-0000,178,63,,45,178-38190,8,CamaID: 0306-0004-0000,111 NEW HAMPSHIRE AVE,485490,08178-0306-0004-0000,0306-0004-0000,3077.42320774522,45,179375,435589.830685609
Portsmouth,,125,0232-0071-0000,178,22,,11,178-30216,8,CamaID: 0232-0071-0000,25 WOODWORTH AVE,485491,08178-0232-0071-0000,0232-0071-0000,414.62228801308,11,179376,10439.9592079658
Portsmouth,,125,0232-0062-0000,178,22,,11,178-30210,8,CamaID: 0232-0062-0000,59 SWETT AVE,485492,08178-0232-0062-0000,0232-0062-0000,543.567616762407,11,179377,11989.0977185702
Portsmouth,,305,0109-0023-0000,178,60,,27,178-37726,8,CamaID: 0109-0023-0000,JUNKINS AVE,485493,08178-0109-0023-0000,0109-0023-0000,295.196432321768,27,179378,3463.8717863611
Portsmouth,,305,0103-0066-0000,178,60,,57,178-33014,8,CamaID: 0103-0066-0000,383 PLEASANT ST,485494,08178-0103-0066-0000,0103-0066-0000,262.086555048283,57,179379,4283.62329845237
Portsmouth,,305,0109-0016-0000,178,60,,27,178-37322,8,CamaID: 0109-0016-0000,WENTWORTH ST,485495,08178-0109-0016-0000,0109-0016-0000,559.328505691624,27,179380,10011.2322071167
Portsmouth,,102,0103-0067-0000,178,3,,12,178-33015,8,CamaID: 0103-0067-0000,18 MANNING ST,485496,08178-0103-0067-0000,0103-0067-0000,206.783033367352,12,179381,2552.71370258335
Portsmouth,,108,0109-0018-0000,178,8,,11,178-33205,8,CamaID: 0109-0018-0000,308 PLEASANT ST,485497,08178-0109-0018-0000,0109-0018-0000,358.36051958899,11,179382,7095.36929358112
Portsmouth,,102,0103-0068-0000,178,3,,11,178-33016,8,CamaID: 0103-0068-0000,32 MANNING ST,485498,08178-0103-0068-0000,0103-0068-0000,212.96955057763,11,179383,1894.21763216889
Portsmouth,,108,0109-0024-0000,178,8,,11,178-33207,8,CamaID: 0109-0024-0000,3 EDWARD ST,485499,08178-0109-0024-0000,0109-0024-0000,245.577910787419,11,179384,3319.83149187302
Portsmouth,,204,0109-0019-0000,178,34,,14,178-33215,8,CamaID: 0109-0019-0002,290 PLEASANT ST #2,485500,08178-0109-0019-0000,0109-0019-0002,375.308740516498,14,179385,8085.09168492224
Portsmouth,,101,0103-0062-0000,178,2,,11,178-37702,8,CamaID: 0103-0062-0000,337 PLEASANT ST,485501,08178-0103-0062-0000,0103-0062-0000,316.823075907712,11,179386,5798.89399335762
Portsmouth,,102,0103-0069-0000,178,3,,11,178-33017,8,CamaID: 0103-0069-0000,36 MANNING ST,485502,08178-0103-0069-0000,0103-0069-0000,197.74562538768,11,179387,1699.03535672164
Portsmouth,,101,0103-0064-0000,178,2,,12,178-33012,8,CamaID: 0103-0064-0000,355 PLEASANT ST,485503,08178-0103-0064-0000,0103-0064-0000,421.34751832633,12,179388,10001.9906477076
Portsmouth,,101,0103-0036-0000,178,2,,11,178-32989,8,CamaID: 0103-0036-0000,17 HUNKING ST,485504,08178-0103-0036-0000,0103-0036-0000,285.441555541897,11,179389,4587.25175128058
Portsmouth,,102,0103-0061-0000,178,3,,11,178-33010,8,CamaID: 0103-0061-0000,40 HOWARD ST,485505,08178-0103-0061-0000,0103-0061-0000,258.391835606516,11,179390,3257.27546864084
Portsmouth,,108,0109-0028-0000,178,8,,11,178-33211,8,CamaID: 0109-0028-0000,303 PLEASANT ST,485506,08178-0109-0028-0000,0109-0028-0000,246.468187227672,11,179391,3641.36564585162
Portsmouth,,102,0103-0060-0000,178,3,,11,178-33009,8,CamaID: 0103-0060-0000,48 MANNING ST,485507,08178-0103-0060-0000,0103-0060-0000,265.451066668972,11,179392,4306.37113535488
Portsmouth,,101,0103-0080-0000,178,2,,11,178-33028,8,CamaID: 0103-0080-0000,215 WASHINGTON ST,485508,08178-0103-0080-0000,0103-0080-0000,326.063446007284,11,179393,4389.75438099424
Portsmouth,,101,0103-0050-0000,178,2,,11,178-32999,8,CamaID: 0103-0050-0000,252 MARCY ST,485509,08178-0103-0050-0000,0103-0050-0000,187.465716282946,11,179394,2000.18321322292
Portsmouth,,102,0103-0070-0000,178,3,,11,178-33018,8,CamaID: 0103-0070-0000,58 MANNING ST,485510,08178-0103-0070-0000,0103-0070-0000,197.994754822579,11,179395,2435.47794580013
Portsmouth,,102,0103-0057-0000,178,3,,11,178-33006,8,CamaID: 0103-0057-0000,59 MANNING ST,485511,08178-0103-0057-0000,0103-0057-0000,172.754343661651,11,179396,1454.58404316354
Portsmouth,,101,0103-0078-0000,178,2,,11,178-33026,8,CamaID: 0103-0078-0000,195 WASHINGTON ST,485512,08178-0103-0078-0000,0103-0078-0000,187.717160108758,11,179397,1771.88609615307
Portsmouth,,108,0109-0026-0000,178,8,,11,178-33209,8,CamaID: 0109-0026-0000,212 PLEASANT ST,485513,08178-0109-0026-0000,0109-0026-0000,338.036771511042,11,179398,6796.46005929085
Portsmouth,,102,0103-0077-0000,178,3,,11,178-33025,8,CamaID: 0103-0077-0000,64 GATES ST,485514,08178-0103-0077-0000,0103-0077-0000,155.049335600626,11,179399,1365.50688999436
Portsmouth,,101,0103-0051-0000,178,2,,11,178-33000,8,CamaID: 0103-0051-0000,244 MARCY ST,485515,08178-0103-0051-0000,0103-0051-0000,200.936297581155,11,179400,2208.45521207343
Portsmouth,,102,0103-0056-0000,178,3,,11,178-33005,8,CamaID: 0103-0056-0000,61 MANNING ST,485516,08178-0103-0056-0000,0103-0056-0000,174.248030509698,11,179401,1449.94015793253
Portsmouth,,101,0103-0013-0000,178,2,,11,178-32969,8,CamaID: 0103-0013-0000,245 MARCY ST,485517,08178-0103-0013-0000,0103-0013-0000,270.005492171347,11,179402,4553.89217804903
Portsmouth,,108,0108-0007-0000,178,8,,11,178-33183,8,CamaID: 0108-0007-0000,249 PLEASANT ST,485518,08178-0108-0007-0000,0108-0007-0000,320.496429200974,11,179403,5963.89949246032
Portsmouth,,131,0162-0052-0000,178,27,,12,178-35079,8,CamaID: 0162-0052-0000,302 BARTLETT ST,485519,08178-0162-0052-0000,0162-0052-0000,309.483332254725,12,179404,5560.09125484261
Portsmouth,,108,0109-0025-0000,178,8,,11,178-33208,8,CamaID: 0109-0025-0000,222 PLEASANT ST,485520,08178-0109-0025-0000,0109-0025-0000,955.282528163781,11,179405,24080.4891164131
Portsmouth,,102,0103-0071-0000,178,3,,11,178-33019,8,CamaID: 0103-0071-0000,112 GATES ST,485521,08178-0103-0071-0000,0103-0071-0000,268.974734051323,11,179406,4352.46504687954
Portsmouth,73,101,0103-0021-0000,178,2,,11,178-32977,8,CamaID: 0103-0021-0000,45 GARDNER ST,485522,08178-0103-0021-0000,0103-0021-0000,138.937135059795,11-73,179407,1202.3827386192
Portsmouth,,108,0109-0030-0000,178,8,,11,178-33213,8,CamaID: 0109-0030-0000,180 WASHINGTON ST,485523,08178-0109-0030-0000,0109-0030-0000,333.503182106034,11,179408,5765.35135798928
Portsmouth,,305,0103-0016-0000,178,60,,57,178-32972,8,CamaID: 0103-0016-0000,33 GARDNER ST,485524,08178-0103-0016-0000,0103-0016-0000,242.400743675955,57,179409,3573.70927210469
Portsmouth,,204,0108-0006-0000,178,34,,14,178-33190,8,CamaID: 0108-0006-0001,229 PLEASANT ST #1,485525,08178-0108-0006-0000,0108-0006-0001,558.838461172453,14,179410,13674.9040267091
Portsmouth,,101,0103-0020-0000,178,2,,11,178-32976,8,CamaID: 0103-0020-0000,3 WALTON ALY,485526,08178-0103-0020-0000,0103-0020-0000,171.545498836391,11,179411,1737.39926241401
Portsmouth,,108,0108-0005-0000,178,8,,11,178-33182,8,CamaID: 0108-0005-0000,36 RICHMOND ST,485527,08178-0108-0005-0000,0108-0005-0000,197.157565982104,11,179412,2393.50914791356
Portsmouth,73,101,0103-0023-0000,178,2,,11,178-32979,8,CamaID: 0103-0023-0000,122 MECHANIC ST,485528,08178-0103-0023-0000,0103-0023-0000,272.202627502246,11-73,179413,3831.6759464562
Portsmouth,,101,0103-0017-0000,178,2,,11,178-32973,8,CamaID: 0103-0017-0000,188 GATES ST,485529,08178-0103-0017-0000,0103-0017-0000,261.115755741811,11,179414,3774.43665991909
Portsmouth,73,101,0103-0024-0000,178,2,,11,178-32980,8,CamaID: 0103-0024-0000,114 MECHANIC ST,485530,08178-0103-0024-0000,0103-0024-0000,170.988767739448,11-73,179415,1772.42275968119
Portsmouth,,305,0108-0004-0000,178,60,,33,178-37968,8,CamaID: 0108-0004-0000,144 WASHINGTON ST,485531,08178-0108-0004-0000,0108-0004-0000,430.64856300184,33,179416,11461.5809824463
Portsmouth,,305,0103-0088-0000,178,60,,57,178-37185,8,CamaID: 0103-0088-0000,17 HANCOCK ST,485532,08178-0103-0088-0000,0103-0088-0000,329.783178859031,57,179417,6234.17489419303
Portsmouth,,108,0108-0016-0001,178,8,,11,178-37970,8,CamaID: 0108-0016-0001,213 PLEASANT ST,485533,08178-0108-0016-0001,0108-0016-0001,388.066225021983,11,179418,7976.651825264
Portsmouth,,108,0108-0003-0000,178,8,,11,178-50437,8,CamaID: 0108-0003-0001,81 WASHINGTON ST,485534,08178-0108-0003-0000,0108-0003-0001,286.877935246576,11,179419,5037.33663749865
Portsmouth,,305,0108-0008-0000,178,60,,57,178-37722,8,CamaID: 0108-0008-0000,WASHINGTON ST,485535,08178-0108-0008-0000,0108-0008-0000,528.883968594571,57,179420,11864.3204521583
Portsmouth,,305,0108-0009-0000,178,60,,57,178-33184,8,CamaID: 0108-0009-0000,58 WASHINGTON ST,485536,08178-0108-0009-0000,0108-0009-0000,325.050660767261,57,179421,5434.47375982716
Portsmouth,,108,0103-0100-0000,178,8,,11,178-38784,8,CamaID: 0103-0100-0000,27 HANCOCK ST,485537,08178-0103-0100-0000,0103-0100-0000,268.384633402467,11,179422,4109.47098419849
Portsmouth,,108,0104-0006-0000,178,8,,11,178-33052,8,CamaID: 0104-0006-0000,168 MARCY ST,485538,08178-0104-0006-0000,0104-0006-0000,286.374362004884,11,179423,5212.19240510956
Portsmouth,,302,0244-0008-0000,178,57,,33,178-35654,8,CamaID: 0244-0008-0000,750 LAFAYETTE RD,485539,08178-0244-0008-0000,0244-0008-0000,1795.81951250761,33,179424,170350.278289728
Portsmouth,,306,0201-0017-0000,178,62,,23,178-28574,8,CamaID: 0201-0017-0000,WENTWORTH HOUSE RD,485540,08178-0201-0017-0000,0201-0017-0000,343.166984848595,23,179425,7110.63574060832
Portsmouth,,306,0201-0016-0000,178,62,,27,178-35298,8,CamaID: 0201-0016-0000,WENTWORTH HOUSE RD,485541,08178-0201-0016-0000,0201-0016-0000,393.636677222984,27,179426,6227.29560619224
Portsmouth,,103B,0149-0036-0000,178,5,,11,178-34638,8,CamaID: 0149-0036-0000,139 WILLARD AVE,485542,08178-0149-0036-0000,0149-0036-0000,372.420776486553,11,179427,8217.73452732241
Portsmouth,,103B,0150-0040-0000,178,5,,11,178-34707,8,CamaID: 0150-0040-0000,130 WILLARD AVE,485543,08178-0150-0040-0000,0150-0040-0000,412.943387146676,11,179428,10548.4768052037
Portsmouth,,114,0268-0069-0000,178,14,,11,178-31590,8,CamaID: 0268-0069-0000,305 GRANT AVE,485544,08178-0268-0069-0000,0268-0069-0000,726.886752143321,11,179429,33021.5559608444
Portsmouth,,307,0309-0001-0000,178,63,,34,178-37875,8,CamaID: 0309-0001-0000,139 FLIGHT LINE RD,485545,08178-0309-0001-0000,0309-0001-0000,2020.97130835588,34,179430,240926.102949857
Portsmouth,,307,0320-0001-0000,178,63,,45,178-38871,8,CamaID: 0320-0001-0000,115 FLIGHT LINE RD,485546,08178-0320-0001-0000,0320-0001-0000,1873.97812937685,45,179431,216182.007968353
Portsmouth,,129,0237-0081-0000,178,25,,11,178-52166,8,CamaID: 0237-0081-0000,220 WOODLAWN CIR,485547,08178-0237-0081-0000,0237-0081-0000,578.39478317862,11,179432,18601.5514501961
Portsmouth,,129,0174-0016-0000,178,25,,57,178-35276,8,CamaID: 0174-0016-0000,113 COTTAGE ST,485548,08178-0174-0016-0000,0174-0016-0000,448.920326868358,57,179433,12445.6761873144
Portsmouth,,302,0174-0013-0000,178,57,,23,178-37645,8,CamaID: 0174-0013-0000,BOYD RD,485549,08178-0174-0013-0000,0174-0013-0000,283.471797252544,23,179434,2982.31768378583
Portsmouth,,129,0174-0018-0000,178,25,,11,178-35278,8,CamaID: 0174-0018-0000,51 COTTAGE ST,485550,08178-0174-0018-0000,0174-0018-0000,407.681881226584,11,179435,10376.6679719462
Portsmouth,,131,0174-0001-0000,178,27,,11,178-35265,8,CamaID: 0174-0001-0000,110 WOODBURY AVE,485551,08178-0174-0001-0000,0174-0001-0000,296.53325018273,11,179436,5024.27283520978
Portsmouth,,129,0174-0008-0000,178,25,,11,178-35271,8,CamaID: 0174-0008-0000,123 BOYD RD,485552,08178-0174-0008-0000,0174-0008-0000,541.286335493553,11,179437,11174.5101299226
Portsmouth,,129,0174-0007-0000,178,25,,11,178-35270,8,CamaID: 0174-0007-0000,121 BOYD RD,485553,08178-0174-0007-0000,0174-0007-0000,483.309768229096,11,179438,9567.97125233314
Portsmouth,,129,0174-0006-0000,178,25,,11,178-35269,8,CamaID: 0174-0006-0000,109 BOYD RD,485554,08178-0174-0006-0000,0174-0006-0000,428.260662773422,11,179439,8075.41741486186
Portsmouth,,129,0174-0005-0000,178,25,,11,178-35268,8,CamaID: 0174-0005-0000,99 BOYD RD,485555,08178-0174-0005-0000,0174-0005-0000,376.730539754916,11,179440,6791.60745261174
Portsmouth,,129,0174-0004-0000,178,25,,11,178-35267,8,CamaID: 0174-0004-0000,79 BOYD RD,485556,08178-0174-0004-0000,0174-0004-0000,468.648139642498,11,179441,10473.7143244636
Portsmouth,,129,0174-0003-0000,178,25,,11,178-35266,8,CamaID: 0174-0003-0000,55 BOYD RD,485557,08178-0174-0003-0000,0174-0003-0000,443.122623095517,11,179442,11168.690252949
Portsmouth,,204,0145-0041-0000,178,34,,14,178-52947,8,CamaID: 0145-0041-0004,37 COLUMBIA ST #4,485558,08178-0145-0041-0000,0145-0041-0004,617.68916495726,14,179443,16216.135050861
Portsmouth,,103B,0111-0035-0000,178,5,,11,178-33270,8,CamaID: 0111-0035-0000,251 SOUTH ST,485559,08178-0111-0035-0000,0111-0035-0000,242.769147625296,11,179444,3206.78674393724
Portsmouth,,120,0268-0011-0000,178,19,,11,178-31534,8,CamaID: 0268-0011-0000,2021 LAFAYETTE RD,485560,08178-0268-0011-0000,0268-0011-0000,517.30781983943,11,179445,16401.3409723951
Portsmouth,,125,0243-0042-0000,178,22,,11,178-30791,8,CamaID: 0243-0042-0000,64 WOODWORTH AVE,485561,08178-0243-0042-0000,0243-0042-0000,301.532544572823,11,179446,5668.95404923841
Portsmouth,,125,0243-0032-0000,178,22,,11,178-30784,8,CamaID: 0243-0032-0000,125 SWETT AVE,485562,08178-0243-0032-0000,0243-0032-0000,408.932304018755,11,179447,10096.4628704105
Portsmouth,,125,0243-0033-0000,178,22,,11,178-30785,8,CamaID: 0243-0033-0000,10 MCCLINTOCK AVE,485563,08178-0243-0033-0000,0243-0033-0000,469.61918223246,11,179448,11284.0491087255
Portsmouth,,118,0282-0003-0000,178,17,,11,178-35909,8,CamaID: 0282-0003-0000,585 OCEAN RD,485564,08178-0282-0003-0000,0282-0003-0000,989.264052394865,11,179449,56868.0386275522
Portsmouth,,118,0292-0212-0000,178,17,,11,178-32671,8,CamaID: 0292-0212-0000,32 MARIETTE DR,485565,08178-0292-0212-0000,0292-0212-0000,388.738837403055,11,179450,9504.33992855882
Portsmouth,,118,0292-0116-0000,178,17,,11,178-32578,8,CamaID: 0292-0116-0000,285 OCEAN RD,485566,08178-0292-0116-0000,0292-0116-0000,423.344207445739,11,179451,11186.1000037912
Portsmouth,,118,0292-0117-0000,178,17,,11,178-32579,8,CamaID: 0292-0117-0000,307 OCEAN RD,485567,08178-0292-0117-0000,0292-0117-0000,401.313114226681,11,179452,10525.2490993426
Portsmouth,,301,0293-0002-0000,178,56,,27,178-35981,8,CamaID: 0293-0002-0000,MARIETTE DR,485568,08178-0293-0002-0000,0293-0002-0000,1180.25227694754,27,179453,69562.151713145
Portsmouth,,118,0292-0217-0000,178,17,,11,178-32676,8,CamaID: 0292-0217-0000,49 MARIETTE DR,485569,08178-0292-0217-0000,0292-0217-0000,442.880794139699,11,179454,12399.6520833233
Portsmouth,,118,0292-0218-0000,178,17,,11,178-32677,8,CamaID: 0292-0218-0000,337 OCEAN RD,485570,08178-0292-0218-0000,0292-0218-0000,384.787907442331,11,179455,9729.19419316575
Portsmouth,,118,0292-0215-0000,178,17,,11,178-32674,8,CamaID: 0292-0215-0000,45 MARIETTE DR,485571,08178-0292-0215-0000,0292-0215-0000,519.31463541164,11,179456,14380.6531924824
Portsmouth,,301,0293-0010-0000,178,56,,27,178-35982,8,CamaID: 0293-0010-0000,OCEAN RD,485572,08178-0293-0010-0000,0293-0010-0000,4948.07668214275,27,179457,835377.66882857
Portsmouth,,118,0294-0018-0000,178,17,,11,178-32757,8,CamaID: 0294-0018-0000,419 OCEAN RD,485573,08178-0294-0018-0000,0294-0018-0000,5158.82948327223,11,179458,520647.415024879
Portsmouth,,118,0294-0019-0000,178,17,,57,178-35987,8,CamaID: 0294-0019-0000,OCEAN RD,485574,08178-0294-0019-0000,0294-0019-0000,6166.86163794801,57,179459,1146424.47816958
Portsmouth,,301,0258-0036-0000,178,56,,27,178-35724,8,CamaID: 0258-0036-0000,GREENLAND RD,485575,08178-0258-0036-0000,0258-0036-0000,2625.24314661067,27,179460,253014.471745971
Portsmouth,,304,0232-0045-0000,178,59,,57,178-35491,8,CamaID: 0232-0045-0000,698 MIDDLE RD,485576,08178-0232-0045-0000,0232-0045-0000,5269.07878275286,57,179461,1115053.7865938
Portsmouth,,304,0243-0006-0000,178,59,,44,178-35611,8,CamaID: 0243-0006-B101,5 GREENLEAF WOODS DR #101,485577,08178-0243-0006-0000,0243-0006-B101,4013.26410360896,44,179462,735329.092416911
Portsmouth,,304,0242-0005-0000,178,59,,57,178-35592,8,CamaID: 0242-0005-0000,MIDDLE RD,485578,08178-0242-0005-0000,0242-0005-0000,4141.61227045033,57,179463,678771.049895584
Portsmouth,,301,0253-0005-0000,178,56,,33,178-35694,8,CamaID: 0253-0005-0000,20 MIRONA RD EXT,485579,08178-0253-0005-0000,0253-0005-0000,832.172256381841,33,179464,43028.5976812786
Portsmouth,,307,0305-0006-0000,178,63,,34,178-37858,8,CamaID: 0305-0006-0000,101 INTERNATIONAL DR,485580,08178-0305-0006-0000,0305-0006-0000,3371.49865055463,34,179465,653336.390890144
Portsmouth,,307,0305-0008-0000,178,63,,57,178-52165,8,CamaID: 0305-0008-0000,127 INTERNATIONAL DR,485581,08178-0305-0008-0000,0305-0008-0000,649.108480474238,57,179466,25746.6263730796
Portsmouth,,307,0305-0004-0000,178,63,,44,178-53208,8,CamaID: 0305-0004-0003,19 RYE ST #3,485582,08178-0305-0004-0000,0305-0004-0003,2915.63482375528,44,179467,452338.857697202
Portsmouth,,,0,178,,,,,,,,485583,08178-0,,2521.21516592163,,179468,70025.9528908576
Portsmouth,,,0,178,,,,,,,,485584,08178-0,,829.743757625282,,179469,20152.7467769262
Portsmouth,,305,0138-0062-0000,178,60,,33,178-37546,8,CamaID: 0138-0062-0000,89 FOUNDRY PL,485585,08178-0138-0062-0000,0138-0062-0000,603.463560692314,33,179470,22540.2691571953
Portsmouth,,204,0138-0035-0000,178,34,,14,178-52746,8,CamaID: 0138-0035-0002,30 BREWSTER ST #2,485586,08178-0138-0035-0000,0138-0035-0002,252.744718601645,14,179471,3662.34815332412
Portsmouth,,105,0139-0006-0000,178,7,,11,178-34215,8,CamaID: 0139-0006-0000,82 LANGDON ST,485587,08178-0139-0006-0000,0139-0006-0000,283.256233184665,11,179472,4427.10867146124
Portsmouth,,305A,0139-0008-0000,178,61,,34,178-38017,8,CamaID: 0139-0008-0000,94 LANGDON ST,485588,08178-0139-0008-0000,0139-0008-0000,345.38351897292,34,179473,7427.34706289649
Portsmouth,,105,0138-0052-0000,178,7,,11,178-34204,8,CamaID: 0138-0052-0000,82 BREWSTER ST,485589,08178-0138-0052-0000,0138-0052-0000,354.157902301165,11,179474,4423.84958533377
Portsmouth,,105,0138-0056-0000,178,7,,11,178-34207,8,CamaID: 0138-0056-0000,98 BREWSTER ST,485590,08178-0138-0056-0000,0138-0056-0000,198.317583110197,11,179475,2432.13632788439
Portsmouth,,105,0138-0055-0000,178,7,,12,178-34206,8,CamaID: 0138-0055-0000,96 BREWSTER ST,485591,08178-0138-0055-0000,0138-0055-0000,194.611338489803,12,179476,2254.31857871145
Portsmouth,73,131,0123-0007-0000,178,27,,11,178-33628,8,CamaID: 0123-0007-0000,2 MARSH LN,485592,08178-0123-0007-0000,0123-0007-0000,191.605887576923,11-73,179477,2129.92185489101
Portsmouth,73,131,0123-0006-0000,178,27,,11,178-33627,8,CamaID: 0123-0006-0000,3 MARSH LN,485593,08178-0123-0006-0000,0123-0006-0000,250.849808245719,11-73,179478,3449.42316592697
Portsmouth,,207,0141-0030-0000,178,37,,14,178-38197,8,CamaID: 0141-0030-0001,1 JACKSON HILL ST #1,485594,08178-0141-0030-0000,0141-0030-0001,452.781046481318,14,179479,11707.7350593502
Portsmouth,,131,0140-0024-000A,178,27,,27,178-38094,8,CamaID: 0140-0024-000A,131 MILL POND WAY,485595,08178-0140-0024-000A,0140-0024-000A,101.346425402049,27,179480,620.500864352537
Portsmouth,,204,0140-0020-0000,178,34,,14,178-53746,8,CamaID: 0140-0020-0003,142 MILL POND WAY #3,485596,08178-0140-0020-0000,0140-0020-0003,589.507588516957,14,179481,22553.8731602236
Portsmouth,,301,0284-0002-0000,178,56,,34,178-35915,8,CamaID: 0284-0002-0000,235 HERITAGE AVE,485597,08178-0284-0002-0000,0284-0002-0000,1853.40847923696,34,179482,207758.948050087
Portsmouth,,301,0284-0003-0000,178,56,,27,178-35916,8,CamaID: 0284-0003-0000,HERITAGE AVE,485598,08178-0284-0003-0000,0284-0003-0000,2850.56729524414,27,179483,110248.711838702
Portsmouth,,301,0284-0005-0000,178,56,,27,178-35918,8,CamaID: 0284-0005-0000,329 HERITAGE AVE,485599,08178-0284-0005-0000,0284-0005-0000,162.4220370062,27,179484,1607.62802125677
Portsmouth,,117,0282-0006-0008,178,16,,11,178-32130,8,CamaID: 0282-0006-0008,108 BUCKMINSTER WAY,485600,08178-0282-0006-0008,0282-0006-0008,896.807205037147,11,179485,47683.6345475889
Portsmouth,,117,0282-0006-0004,178,16,,11,178-32126,8,CamaID: 0282-0006-0004,46 BUCKMINSTER WAY,485601,08178-0282-0006-0004,0282-0006-0004,1012.13410634937,11,179486,44053.7619261801
Portsmouth,,117,0282-0006-0009,178,16,,11,178-32131,8,CamaID: 0282-0006-0009,120 BUCKMINSTER WAY,485602,08178-0282-0006-0009,0282-0006-0009,954.523675245727,11,179487,51342.78551612
Portsmouth,,117,0282-0006-0028,178,16,,11,178-32150,8,CamaID: 0282-0006-0028,91 BUCKMINSTER WAY,485603,08178-0282-0006-0028,0282-0006-0028,884.782000372667,11,179488,43252.3650004334
Portsmouth,,117,0282-0006-0010,178,16,,11,178-32132,8,CamaID: 0282-0006-0010,136 BUCKMINSTER WAY,485604,08178-0282-0006-0010,0282-0006-0010,1081.17310634618,11,179489,63851.2222943315
Portsmouth,,117,0282-0006-0026,178,16,,11,178-32148,8,CamaID: 0282-0006-0026,55 BUCKMINSTER WAY,485605,08178-0282-0006-0026,0282-0006-0026,866.467247733681,11,179490,43935.0608315619
Portsmouth,,117,0282-0006-0027,178,16,,11,178-32149,8,CamaID: 0282-0006-0027,71 BUCKMINSTER WAY,485606,08178-0282-0006-0027,0282-0006-0027,858.73319660466,11,179491,44380.4809217548
Portsmouth,,131,0141-0009-0000,178,27,,11,178-34246,8,CamaID: 0141-0009-0000,61 DENNETT ST,485607,08178-0141-0009-0000,0141-0009-0000,250.158067677812,11,179492,3730.04181497622
Portsmouth,,131,0141-0013-0000,178,27,,11,178-34250,8,CamaID: 0141-0013-0000,52 PROSPECT ST,485608,08178-0141-0013-0000,0141-0013-0000,239.884855719616,11,179493,3414.51286229827
Portsmouth,,131,0141-0012-0000,178,27,,11,178-34249,8,CamaID: 0141-0012-0000,40 PROSPECT ST,485609,08178-0141-0012-0000,0141-0012-0000,285.956313194014,11,179494,3796.57305109957
Portsmouth,,131,0141-0004-0000,178,27,,11,178-34241,8,CamaID: 0141-0004-0000,49 DENNETT ST,485610,08178-0141-0004-0000,0141-0004-0000,339.144115679504,11,179495,6228.77290531003
Portsmouth,,304,0141-0001-0000,178,59,,57,178-37550,8,CamaID: 0141-0001-0000,324 MAPLEWOOD AVE,485611,08178-0141-0001-0000,0141-0001-0000,291.043542890497,57,179496,3207.53854770785
Portsmouth,,131,0141-0001-0001,178,27,,11,178-34270,8,CamaID: 0141-0001-0001,334 MAPLEWOOD AVE,485612,08178-0141-0001-0001,0141-0001-0001,220.809650560798,11,179497,2504.41426258987
Portsmouth,,304,0141-0034-0000,178,59,,60,178-38096,8,CamaID: 0141-0034-0000,JACKSON HILL ST,485613,08178-0141-0034-0000,0141-0034-0000,68.6164120851068,60,179498,210.049150597227
Portsmouth,,117,0282-0006-0031,178,16,,11,178-32153,8,CamaID: 0282-0006-0031,187 BUCKMINSTER WAY,485618,08178-0282-0006-0031,0282-0006-0031,882.160460242824,11,179499,44174.2294950134
Portsmouth,,117,0282-0006-0033,178,16,,11,178-32155,8,CamaID: 0282-0006-0033,229 BUCKMINSTER WAY,485619,08178-0282-0006-0033,0282-0006-0033,855.120553484176,11,179500,44373.9243934603
Portsmouth,,204,0140-0024-0000,178,34,,14,178-51545,8,CamaID: 0140-0024-0004,141  MILL POND WAY  #4,485614,08178-0140-0024-0000,0140-0024-0004,1275.86514575004,14,179501,68984.2821034152
Portsmouth,,117,0282-0006-0029,178,16,,11,178-32151,8,CamaID: 0282-0006-0029,129 BUCKMINSTER WAY,485615,08178-0282-0006-0029,0282-0006-0029,909.680833858159,11,179502,43577.9513444575
Portsmouth,,117,0282-0006-0011,178,16,,11,178-32133,8,CamaID: 0282-0006-0011,150 BUCKMINSTER WAY,485616,08178-0282-0006-0011,0282-0006-0011,1085.80784726898,11,179503,62230.3612222041
Portsmouth,,117,0282-0006-0030,178,16,,11,178-32152,8,CamaID: 0282-0006-0030,169 BUCKMINSTER WAY,485617,08178-0282-0006-0030,0282-0006-0030,868.572194121256,11,179504,44181.8422048406
Portsmouth,,117,0282-0006-0032,178,16,,11,178-32154,8,CamaID: 0282-0006-0032,207 BUCKMINSTER WAY,485620,08178-0282-0006-0032,0282-0006-0032,898.727780957051,11,179505,48224.0045466405
Portsmouth,,117,0282-0006-0012,178,16,,11,178-32134,8,CamaID: 0282-0006-0012,166 BUCKMINSTER WAY,485621,08178-0282-0006-0012,0282-0006-0012,990.716906326929,11,179506,53400.2118819909
Portsmouth,,117,0282-0006-0013,178,16,,11,178-32135,8,CamaID: 0282-0006-0013,186 BUCKMINSTER WAY,485622,08178-0282-0006-0013,0282-0006-0013,1034.12994412051,11,179507,63267.6129277493
Portsmouth,,118,0282-0002-0002,178,17,,11,178-35911,8,CamaID: 0282-0002-0002,555 OCEAN RD,485623,08178-0282-0002-0002,0282-0002-0002,1420.23351666619,11,179508,93421.5406593755
Portsmouth,,120,0283-0040-0000,178,19,,11,178-32195,8,CamaID: 0283-0040-0000,1047 BANFIELD RD,485624,08178-0283-0040-0000,0283-0040-0000,2280.78616030997,11,179509,204987.766052172
Portsmouth,,120,0283-0040-0001,178,19,,11,178-32196,8,CamaID: 0283-0040-0001,1011 BANFIELD RD,485625,08178-0283-0040-0001,0283-0040-0001,886.505230972261,11,179510,44686.3478334509
Portsmouth,,118,0283-0031-0000,178,17,,11,178-32186,8,CamaID: 0283-0031-0000,475 OCEAN RD,485626,08178-0283-0031-0000,0283-0031-0000,402.250508117741,11,179511,10112.8209663861
Portsmouth,,118,0283-0032-0000,178,17,,11,178-32187,8,CamaID: 0283-0032-0000,485 OCEAN RD,485627,08178-0283-0032-0000,0283-0032-0000,399.241114296731,11,179512,9960.96639721866
Portsmouth,,118,0283-0033-0000,178,17,,11,178-32188,8,CamaID: 0283-0033-0000,487 OCEAN RD,485628,08178-0283-0033-0000,0283-0033-0000,405.33870740028,11,179513,10268.3927203989
Portsmouth,,118,0282-0002-0001,178,17,,11,178-32122,8,CamaID: 0282-0002-0001,575 OCEAN RD,485629,08178-0282-0002-0001,0282-0002-0001,1282.31193734954,11,179514,92834.6062449059
Portsmouth,,117,0282-0006-0005,178,16,,11,178-32127,8,CamaID: 0282-0006-0005,66 BUCKMINSTER WAY,485630,08178-0282-0006-0005,0282-0006-0005,1294.98610330294,11,179515,56934.2401760046
Portsmouth,,120,0283-0039-0000,178,19,,11,178-32194,8,CamaID: 0283-0039-0000,975 BANFIELD RD,485631,08178-0283-0039-0000,0283-0039-0000,876.678875200663,11,179516,43068.9607547606
Portsmouth,,120,0275-0010-0000,178,19,,11,178-32113,8,CamaID: 0275-0010-0000,969 BANFIELD RD,485632,08178-0275-0010-0000,0275-0010-0000,3708.82753944042,11,179517,492157.979738534
Portsmouth,,120,0294-0005-0000,178,19,,11,178-32746,8,CamaID: 0294-0005-0000,1061 BANFIELD RD,485633,08178-0294-0005-0000,0294-0005-0000,528.388092832305,11,179518,16255.7916089649
Portsmouth,,117,0282-0006-0006,178,16,,11,178-32128,8,CamaID: 0282-0006-0006,80 BUCKMINSTER WAY,485634,08178-0282-0006-0006,0282-0006-0006,1341.01281780848,11,179519,61007.7663545908
Portsmouth,,120,0294-0001-0000,178,19,,11,178-32742,8,CamaID: 0294-0001-0000,1051 BANFIELD RD,485635,08178-0294-0001-0000,0294-0001-0000,825.277632382423,11,179520,43716.2469367389
Portsmouth,,120,0275-0001-0000,178,19,,11,178-32106,8,CamaID: 0275-0001-0000,892 BANFIELD RD,485636,08178-0275-0001-0000,0275-0001-0000,934.998237453921,11,179521,50458.428641902
Portsmouth,,120,0283-0019-0004,178,19,,11,178-52386,8,CamaID: 0283-0019-0004,530 OCEAN RD,485637,08178-0283-0019-0004,0283-0019-0004,3506.14179923519,11,179522,527060.93833055
Portsmouth,,102,0103-0055-0000,178,3,,11,178-33004,8,CamaID: 0103-0055-0000,130 GATES ST,485638,08178-0103-0055-0000,0103-0055-0000,297.598803534368,11,179523,4338.84061548321
Portsmouth,,102,0103-0054-0000,178,3,,11,178-33003,8,CamaID: 0103-0054-0000,138 GATES ST,485639,08178-0103-0054-0000,0103-0054-0000,201.133911105921,11,179524,2456.2222181025
Portsmouth,,101,0103-0053-0000,178,2,,11,178-33002,8,CamaID: 0103-0053-0000,226 MARCY ST,485640,08178-0103-0053-0000,0103-0053-0000,176.661084329244,11,179525,1944.24562641482
Portsmouth,,103B,0149-0052-0000,178,5,,11,178-34654,8,CamaID: 0149-0052-0000,204 PARK ST,485641,08178-0149-0052-0000,0149-0052-0000,519.244804445852,11,179526,10742.6348931403
Portsmouth,,305,0117-0027-0000,178,60,,57,178-33456,8,CamaID: 0117-0027-0000,10 A LADD ST,485642,08178-0117-0027-0000,0117-0027-0000,137.825930108904,57,179527,1189.9422569886
Portsmouth,,,0117-0026-0000,178,,,,,,,,485643,08178-0117-0026-0000,,234.955736878813,,179528,2580.6445056456
Portsmouth,,305,0117-0016-0000,178,60,,27,178-37738,8,CamaID: 0117-0016-0000,44 HIGH ST,485644,08178-0117-0016-0000,0117-0016-0000,504.651276240923,27,179529,9788.46211938044
Portsmouth,,305,0106-0018-0001,178,60,,57,178-37511,8,CamaID: 0106-0018-0001,54 DANIEL ST,485645,08178-0106-0018-0001,0106-0018-0001,167.700032045716,57,179530,1463.03301543995
Portsmouth,,305,0106-0012-0000,178,60,,57,178-37192,8,CamaID: 0106-0012-0000,19 MARKET ST,485646,08178-0106-0012-0000,0106-0012-0000,339.98981130547,57,179531,6220.33464075459
Portsmouth,,305,0117-0001-0000,178,60,,57,178-37737,8,CamaID: 0117-0001-0000,34 HANOVER ST,485647,08178-0117-0001-0000,0117-0001-0000,1602.80577585369,57,179532,80024.4394094844
Portsmouth,,302,0235-0001-0000,178,57,,44,178-35515,8,CamaID: 0235-0001-0000,605 US ROUTE 1 BYP,485648,08178-0235-0001-0000,0235-0001-0000,2198.97401224079,44,179533,264221.067774457
Portsmouth,,129,0236-0023-0000,178,25,,11,178-30580,8,CamaID: 0236-0023-0000,51 ROCKINGHAM AVE,485649,08178-0236-0023-0000,0236-0023-0000,495.200804674576,11,179534,15272.5213501658
Portsmouth,,129,0236-0025-0000,178,25,,11,178-30582,8,CamaID: 0236-0025-0000,373 MEADOW RD,485650,08178-0236-0025-0000,0236-0025-0000,743.479323254323,11,179535,25292.740075358
Portsmouth,,129,0235-0002-0000,178,25,,11,178-30558,8,CamaID: 0235-0002-0000,32 ROCKINGHAM AVE,485651,08178-0235-0002-0000,0235-0002-0000,804.579457955557,11,179536,38465.5066683526
Portsmouth,,129,0235-0002-0002,178,25,,11,178-53446,8,CamaID: 0235-0002-0002,54 ROCKINGHAM AVE,485652,08178-0235-0002-0002,0235-0002-0002,751.024042349431,11,179537,19044.3624098585
Portsmouth,,129,0235-0002-0001,178,25,,11,178-53447,8,CamaID: 0235-0002-0001,42 ROCKINGHAM AVE,485653,08178-0235-0002-0001,0235-0002-0001,511.164741137746,11,179538,15874.0279392943
Portsmouth,,125,0232-0029-0000,178,22,,11,178-30180,8,CamaID: 0232-0029-0000,5 MARJORIE ST,485654,08178-0232-0029-0000,0232-0029-0000,319.556668528764,11,179539,6381.97314448264
Portsmouth,,125,0232-0030-0000,178,22,,11,178-30181,8,CamaID: 0232-0030-0000,3 MARJORIE ST,485655,08178-0232-0030-0000,0232-0030-0000,318.804760801933,11,179540,6352.09844680536
Portsmouth,,125,0232-0022-0000,178,22,,11,178-30173,8,CamaID: 0232-0022-0000,30 MARJORIE ST,485656,08178-0232-0022-0000,0232-0022-0000,323.273726993829,11,179541,6531.72543236212
Portsmouth,,125,0232-0021-0000,178,22,,11,178-30172,8,CamaID: 0232-0021-0000,20 MARJORIE ST,485657,08178-0232-0021-0000,0232-0021-0000,323.716137021748,11,179542,6548.73705594742
Portsmouth,,125,0232-0020-0000,178,22,,11,178-30171,8,CamaID: 0232-0020-0000,10 MARJORIE ST,485658,08178-0232-0020-0000,0232-0020-0000,321.508705746814,11,179543,6458.59887134928
Portsmouth,,125,0232-0017-0000,178,22,,11,178-30168,8,CamaID: 0232-0017-0000,31 LOIS ST,485659,08178-0232-0017-0000,0232-0017-0000,315.992779213153,11,179544,6239.4886515481
Portsmouth,,125,0232-0019-0000,178,22,,11,178-30170,8,CamaID: 0232-0019-0000,600 MIDDLE RD,485660,08178-0232-0019-0000,0232-0019-0000,321.631871058554,11,179545,6462.78651180706
Portsmouth,,125,0232-0018-0000,178,22,,11,178-30169,8,CamaID: 0232-0018-0000,568 MIDDLE RD,485661,08178-0232-0018-0000,0232-0018-0000,328.589791347246,11,179546,6717.44773818708
Portsmouth,,125,0231-0022-0000,178,22,,11,178-30110,8,CamaID: 0231-0022-0000,123 HILLSIDE DR,485662,08178-0231-0022-0000,0231-0022-0000,515.77805914688,11,179547,15311.2623454539
Portsmouth,,125,0232-0139-0000,178,22,,11,178-30278,8,CamaID: 0232-0139-0000,541 MIDDLE RD,485663,08178-0232-0139-0000,0232-0139-0000,482.565762718658,11,179548,13084.5923965292
Portsmouth,,125,0232-0140-0000,178,22,,11,178-30279,8,CamaID: 0232-0140-0000,531 MIDDLE RD,485664,08178-0232-0140-0000,0232-0140-0000,547.693963018002,11,179549,17492.8392283286
Portsmouth,,123,0232-0141-0000,178,21,,11,178-30280,8,CamaID: 0232-0141-0000,120 SHEFFIELD RD,485665,08178-0232-0141-0000,0232-0141-0000,411.504427174786,11,179550,10026.2894173007
Portsmouth,,129,0219-0014-0000,178,25,,11,178-29312,8,CamaID: 0219-0014-0000,2 FAIRVIEW DR,485666,08178-0219-0014-0000,0219-0014-0000,367.267130177569,11,179551,8697.56967015778
Portsmouth,,129,0219-0013-0000,178,25,,11,178-29311,8,CamaID: 0219-0013-0000,1112 MAPLEWOOD AVE,485667,08178-0219-0013-0000,0219-0013-0000,381.829462703204,11,179552,8418.61161140797
Portsmouth,,123,0232-0155-0000,178,21,,11,178-30294,8,CamaID: 0232-0155-0000,2 HAMPSHIRE RD,485668,08178-0232-0155-0000,0232-0155-0000,399.322337018969,11,179553,10441.4632753463
Portsmouth,,302,0286-0014-0000,178,57,,57,178-32208,8,CamaID: 0286-0014-0000,80 JOAN AVE,485669,08178-0286-0014-0000,0286-0014-0000,602.311460970791,57,179554,21368.3062949655
Portsmouth,,302,0286-0005-0000,178,57,,57,178-32200,8,CamaID: 0286-0005-0000,185 RICCI AVE,485670,08178-0286-0005-0000,0286-0005-0000,488.565340147484,57,179555,15498.6085118909
Portsmouth,,302,0286-0007-0000,178,57,,57,178-32202,8,CamaID: 0286-0007-0000,36 ANNE AVE,485671,08178-0286-0007-0000,0286-0007-0000,501.605246312919,57,179556,15722.1229514521
Portsmouth,,125,0232-0080-0000,178,22,,11,178-30225,8,CamaID: 0232-0080-0000,900 MIDDLE RD,485672,08178-0232-0080-0000,0232-0080-0000,540.675699146333,11,179557,16325.6579715065
Portsmouth,,125,0232-0069-0000,178,22,,11,178-30214,8,CamaID: 0232-0069-0000,882 MIDDLE RD,485673,08178-0232-0069-0000,0232-0069-0000,377.493741645236,11,179558,8804.33568023465
Portsmouth,,125,0232-0068-0000,178,22,,11,178-30213,8,CamaID: 0232-0068-0000,860 MIDDLE RD,485674,08178-0232-0068-0000,0232-0068-0000,521.767963295124,11,179559,14960.8768612358
Portsmouth,,123,0232-0110-0000,178,21,,11,178-30252,8,CamaID: 0232-0110-0000,5 PLAINS AVE,485675,08178-0232-0110-0000,0232-0110-0000,373.915958632554,11,179560,8685.30633985156
Portsmouth,,123,0232-0109-0000,178,21,,12,178-30251,8,CamaID: 0232-0109-0000,28 PEARSON ST,485676,08178-0232-0109-0000,0232-0109-0000,315.092404398754,12,179561,6140.68828884672
Portsmouth,,123,0232-0108-0000,178,21,,11,178-30250,8,CamaID: 0232-0108-0000,44 PEARSON ST,485677,08178-0232-0108-0000,0232-0108-0000,358.257755448766,11,179562,7971.14187067589
Portsmouth,,123,0232-0107-0000,178,21,,11,178-30249,8,CamaID: 0232-0107-0000,58 PEARSON ST,485678,08178-0232-0107-0000,0232-0107-0000,307.558390453079,11,179563,5874.77924696862
Portsmouth,,125,0232-0118-0000,178,22,,11,178-30260,8,CamaID: 0232-0118-0000,893 MIDDLE RD,485679,08178-0232-0118-0000,0232-0118-0000,577.085220535826,11,179564,18276.3037852489
Portsmouth,,125,0232-0119-0000,178,22,,11,178-30261,8,CamaID: 0232-0119-0000,871 MIDDLE RD,485680,08178-0232-0119-0000,0232-0119-0000,559.999598377344,11,179565,15710.9171773112
Portsmouth,,123,0232-0105-0000,178,21,,11,178-30247,8,CamaID: 0232-0105-0000,94 PEARSON ST,485681,08178-0232-0105-0000,0232-0105-0000,452.297811525917,11,179566,12719.3314632792
Portsmouth,,123,0232-0104-0000,178,21,,11,178-30246,8,CamaID: 0232-0104-0000,126 PEARSON ST,485682,08178-0232-0104-0000,0232-0104-0000,453.440920406563,11,179567,12921.1520822311
Portsmouth,,123,0232-0100-0000,178,21,,11,178-30242,8,CamaID: 0232-0100-0000,75 PEARSON ST,485683,08178-0232-0100-0000,0232-0100-0000,548.631047574107,11,179568,17519.3601332402
Portsmouth,,123,0232-0102-0000,178,21,,11,178-30244,8,CamaID: 0232-0102-0000,121 PEARSON ST,485684,08178-0232-0102-0000,0232-0102-0000,516.6557206843,11,179569,14660.3091291916
Portsmouth,,304,0242-0002-0000,178,59,,57,178-35590,8,CamaID: 0242-0002-0000,1 PLAINS AVE,485685,08178-0242-0002-0000,0242-0002-0000,418.495292099143,57,179570,10965.2150195002
Portsmouth,,123,0232-0096-0000,178,21,,11,178-30238,8,CamaID: 0232-0096-0000,25 PEARSON ST,485686,08178-0232-0096-0000,0232-0096-0000,425.444339116533,11,179571,10852.9832060508
Portsmouth,,123,0232-0098-0000,178,21,,11,178-30240,8,CamaID: 0232-0098-0000,45 PEARSON ST,485687,08178-0232-0098-0000,0232-0098-0000,423.418726354946,11,179572,10748.2100120175
Portsmouth,,123,0232-0099-0000,178,21,,11,178-30241,8,CamaID: 0232-0099-0000,65 PEARSON ST,485688,08178-0232-0099-0000,0232-0099-0000,480.380015366482,11,179573,10965.0102281444
Portsmouth,,,0241-0015-0000,178,,,,,,,,485689,08178-0241-0015-0000,,1468.32146216629,,179574,64921.6287906781
Portsmouth,,125,0232-0039-0000,178,22,,22,178-30190,8,CamaID: 0232-0039-0000,SYLVESTER ST,485690,08178-0232-0039-0000,0232-0039-0000,619.359661874613,22,179575,18869.3824329732
Portsmouth,,105,0138-0010-0000,178,7,,12,178-34170,8,CamaID: 0138-0010-0000,39 BREWSTER ST,485691,08178-0138-0010-0000,0138-0010-0000,212.57309487592,12,179576,2607.34625921976
Portsmouth,70,102,0102-0051-0000,178,3,,11,178-32925,8,CamaID: 0102-0051-0000,47 SOUTH ST,485692,08178-0102-0051-0000,0102-0051-0000,254.601368137416,11-70,179577,3330.18043168675
Portsmouth,,102,0101-0073-0000,178,3,,11,178-32863,8,CamaID: 0101-0073-0000,19 SOUTH SCHOOL ST,485693,08178-0101-0073-0000,0101-0073-0000,341.768878939243,11,179578,5470.16146112082
Portsmouth,,102,0102-0049-0000,178,3,,12,178-32923,8,CamaID: 0102-0049-0000,67 SOUTH ST,485694,08178-0102-0049-0000,0102-0049-0000,356.27761300357,12,179579,6018.53294700338
Portsmouth,73,101,0102-0035-0000,178,2,,11,178-32910,8,CamaID: 0102-0035-0000,419 MARCY ST,485695,08178-0102-0035-0000,0102-0035-0000,324.011036183779,11-73,179580,6431.2657050042
Portsmouth,73,101,0102-0042-0000,178,2,,11,178-32917,8,CamaID: 0102-0042-0000,12 SOUTH ST,485696,08178-0102-0042-0000,0102-0042-0000,245.583164571038,11-73,179581,3554.70626751535
Portsmouth,70,102,0102-0052-0000,178,3,,11,178-32926,8,CamaID: 0102-0052-0000,37 SOUTH ST,485697,08178-0102-0052-0000,0102-0052-0000,251.795933956017,11-70,179582,3780.78680633976
Portsmouth,,204,0102-0053-0000,178,34,,14,178-38756,8,CamaID: 0102-0053-0001,19 SOUTH ST #1,485698,08178-0102-0053-0000,0102-0053-0001,357.589234344055,14,179583,7895.12509896314
Portsmouth,,305,0119-0006-0000,178,60,,34,178-37426,8,CamaID: 0119-0006-0000,227 MARKET ST,485699,08178-0119-0006-0000,0119-0006-0000,1695.55495285918,34,179584,115272.008391412
Portsmouth,,125,0231-0031-0000,178,22,,11,178-30119,8,CamaID: 0231-0031-0000,34 HILLSIDE DR,485707,08178-0231-0031-0000,0231-0031-0000,386.686254308169,11,179585,8784.80101247521
Portsmouth,,125,0232-0036-0000,178,22,,11,178-30187,8,CamaID: 0232-0036-0000,6 SYLVESTER ST,485708,08178-0232-0036-0000,0232-0036-0000,559.336345912396,11,179586,15781.767677539
Portsmouth,,305,0124-0002-0000,178,60,,27,178-37750,8,CamaID: 0124-0002-0000,MAPLEWOOD AVE,485700,08178-0124-0002-0000,0124-0002-0000,1165.25889898977,27,179587,74893.3344936541
Portsmouth,,204,0124-0007-0000,178,34,,14,178-38946,8,CamaID: 0124-0007-0002,154 B MAPLEWOOD AVE #2,485701,08178-0124-0007-0000,0124-0007-0002,614.328287890886,14,179588,20274.714779273
Portsmouth,,305,0123-0012-0000,178,60,,33,178-37461,8,CamaID: 0123-0012-0000,203 MAPLEWOOD AVE,485702,08178-0123-0012-0000,0123-0012-0000,324.55955669269,33,179589,5908.62183201036
Portsmouth,,103B,0152-0004-0000,178,5,,12,178-34750,8,CamaID: 0152-0004-0000,39 LAFAYETTE RD,485703,08178-0152-0004-0000,0152-0004-0000,470.405604732428,12,179590,10049.0995287954
Portsmouth,,305,0118-0001-0000,178,60,,57,178-33533,8,CamaID: 0118-0001-0000,195 MARKET ST,485704,08178-0118-0001-0000,0118-0001-0000,336.085459950821,57,179591,7042.9852327056
Portsmouth,,125,0232-0037-0000,178,22,,11,178-30188,8,CamaID: 0232-0037-0000,49 MARJORIE ST,485705,08178-0232-0037-0000,0232-0037-0000,636.051017251949,11,179592,22073.1639103374
Portsmouth,,125,0231-0041-0000,178,22,,11,178-30129,8,CamaID: 0231-0041-0000,236 HILLSIDE DR,485706,08178-0231-0041-0000,0231-0041-0000,386.882167286453,11,179593,8775.98876046486
Portsmouth,,125,0231-0032-0000,178,22,,11,178-30120,8,CamaID: 0231-0032-0000,48 HILLSIDE DR,485709,08178-0231-0032-0000,0231-0032-0000,391.131083229008,11,179594,9035.87487487078
Portsmouth,,305,0119-0001-001C,178,60,,33,178-37834,8,CamaID: 0119-0001-001C,250 MARKET ST,485710,08178-0119-0001-001C,0119-0001-001C,1381.48446419402,33,179595,86818.6114681231
Portsmouth,,305,0123-0014-0000,178,60,,33,178-37462,8,CamaID: 0123-0014-0000,1 RAYNES AVE,485711,08178-0123-0014-0000,0123-0014-0000,789.183357021418,33,179596,36904.5978207169
Portsmouth,,104,0152-0008-0000,178,6,,11,178-34753,8,CamaID: 0152-0008-0000,2 MONROE ST,485712,08178-0152-0008-0000,0152-0008-0000,345.458088393659,11,179597,7448.44087243094
Portsmouth,,104,0152-0007-0000,178,6,,11,178-34752,8,CamaID: 0152-0007-0000,58 MIDDLE RD,485713,08178-0152-0007-0000,0152-0007-0000,455.49829477612,11,179598,9552.84452645236
Portsmouth,,305A,0144-0010-0000,178,61,,57,178-38024,8,CamaID: 0144-0010-0000,313 ISLINGTON ST,485714,08178-0144-0010-0000,0144-0010-0000,300.238217660982,57,179599,5028.46876888099
Portsmouth,,105,0144-0020-0000,178,7,,11,178-34347,8,CamaID: 0144-0020-0000,281 CABOT ST,485715,08178-0144-0020-0000,0144-0020-0000,253.333568381113,11,179600,3833.59183013846
Portsmouth,,125,0232-0041-0000,178,22,,11,178-30191,8,CamaID: 0232-0041-0000,15 MARJORIE ST,485716,08178-0232-0041-0000,0232-0041-0000,367.778864953317,11,179601,8389.20546871914
Portsmouth,,125,0231-0042-0000,178,22,,11,178-30130,8,CamaID: 0231-0042-0000,238 HILLSIDE DR,485717,08178-0231-0042-0000,0231-0042-0000,395.465316645667,11,179602,9299.49471532583
Portsmouth,,125,0232-0043-0000,178,22,,11,178-30192,8,CamaID: 0232-0043-0000,1 SYLVESTER ST,485718,08178-0232-0043-0000,0232-0043-0000,640.793010674264,11,179603,16195.5531846108
Portsmouth,,125,0232-0035-0000,178,22,,11,178-30186,8,CamaID: 0232-0035-0000,2 SYLVESTER ST,485719,08178-0232-0035-0000,0232-0035-0000,547.722252968464,11,179604,15323.4189295663
Portsmouth,,125,0231-0033-0000,178,22,,11,178-30121,8,CamaID: 0231-0033-0000,64 HILLSIDE DR,485720,08178-0231-0033-0000,0231-0033-0000,393.638937936161,11,179605,9170.34491664992
Portsmouth,,302,0243-0001-0000,178,57,,33,178-35593,8,CamaID: 0243-0001-0000,155 GREENLEAF AVE,485721,08178-0243-0001-0000,0243-0001-0000,1980.92722542802,33,179606,173067.718583033
Portsmouth,,304,0243-0003-0000,178,59,,13,178-35594,8,CamaID: 0243-0003-0000,GREENLEAF AVE,485722,08178-0243-0003-0000,0243-0003-0000,2905.36935895046,13,179607,346535.949989021
Portsmouth,,301,0243-0067-0001,178,56,,33,178-35647,8,CamaID: 0243-0067-0001,180 GREENLEAF AVE,485723,08178-0243-0067-0001,0243-0067-0001,1532.92971736968,33,179608,142541.597970149
Portsmouth,,120,0266-0002-0000,178,19,,57,178-50530,8,CamaID: 0266-0002-0000,261 BANFIELD RD,485724,08178-0266-0002-0000,0266-0002-0000,1225.77175866247,57,179609,87242.4638419875
Portsmouth,,301,0254-0001-0000,178,56,,34,178-35712,8,CamaID: 0254-0001-0000,225 BANFIELD RD,485725,08178-0254-0001-0000,0254-0001-0000,1445.51462714157,34,179610,125621.426736811
Portsmouth,,301,0254-0002-0000,178,56,,34,178-35717,8,CamaID: 0254-0002-0000,141 BANFIELD RD,485726,08178-0254-0002-0000,0254-0002-0000,1694.79865236658,34,179611,169642.094739674
Portsmouth,,301,0254-0006-0000,178,56,,33,178-35718,8,CamaID: 0254-0006-0000,620 PEVERLY HILL RD,485727,08178-0254-0006-0000,0254-0006-0000,1051.94076167762,33,179612,68732.6468608752
Portsmouth,,304,0206-0037-0000,178,59,,57,178-35318,8,CamaID: 0206-0037-0000,SAGAMORE AVE,485728,08178-0206-0037-0000,0206-0037-0000,3759.69866977648,57,179613,809221.664529116
Portsmouth,,112,0221-0010-0000,178,12,,11,178-29518,8,CamaID: 0221-0010-0000,108 JONES AVE,485729,08178-0221-0010-0000,0221-0010-0000,450.852560514546,11,179614,11713.3748341225
Portsmouth,,112,0221-0011-0000,178,12,,11,178-29519,8,CamaID: 0221-0011-0000,100 JONES AVE,485730,08178-0221-0011-0000,0221-0011-0000,358.090427471016,11,179615,7125.24408615826
Portsmouth,,103B,0221-0012-0000,178,5,,11,178-29520,8,CamaID: 0221-0012-0000,628 BROAD ST,485731,08178-0221-0012-0000,0221-0012-0000,441.335085161339,11,179616,11495.2936658094
Portsmouth,,123,0232-0106-0000,178,21,,11,178-30248,8,CamaID: 0232-0106-0000,80 PEARSON ST,485732,08178-0232-0106-0000,0232-0106-0000,831.119643246314,11,179617,22345.8711666739
Portsmouth,,,,178,,,,,,,,485839,08178-,,102456.126978585,,179618,4507777.89643398
Portsmouth,,125,0232-0117-0001,178,22,,22,178-52927,8,CamaID: 0232-0117-0001,921 MIDDLE RD,485733,08178-0232-0117-0001,0232-0117-0001,490.559335807866,22,179619,15000.0811522611
Portsmouth,,125,0232-0117-0000,178,22,,11,178-30259,8,CamaID: 0232-0117-0000,921 MIDDLE RD,485734,08178-0232-0117-0000,0232-0117-0000,524.28458422865,11,179620,17012.6046341624
Portsmouth,,132,0232-0081-0000,178,28,,11,178-30226,8,CamaID: 0232-0081-0000,1 LEAVITT AVE,485735,08178-0232-0081-0000,0232-0081-0000,359.710215115975,11,179621,5887.837465055
Portsmouth,,125,0232-0070-0000,178,22,,11,178-30215,8,CamaID: 0232-0070-0000,15 WOODWORTH AVE,485736,08178-0232-0070-0000,0232-0070-0000,252.878838574195,11,179622,3453.51413538476
Portsmouth,,301,0254-0004-0000,178,56,,34,178-37663,8,CamaID: 0254-0004-0000,640 PEVERLY HILL RD,485737,08178-0254-0004-0000,0254-0004-0000,2729.6461367713,34,179623,374331.453852731
Portsmouth,,120,0268-0007-0000,178,19,,11,178-31530,8,CamaID: 0268-0007-0000,1953 LAFAYETTE RD,485738,08178-0268-0007-0000,0268-0007-0000,512.068924084436,11,179624,14902.6234798701
Portsmouth,,125,0232-0061-0000,178,22,,11,178-30209,8,CamaID: 0232-0061-0000,56 SWETT AVE,485739,08178-0232-0061-0000,0232-0061-0000,450.588328757415,11,179625,12517.0017954706
Portsmouth,,120,0268-0006-0000,178,19,,11,178-31529,8,CamaID: 0268-0006-0000,1935 LAFAYETTE RD,485740,08178-0268-0006-0000,0268-0006-0000,512.45287747945,11,179626,14997.3678085489
Portsmouth,,120,0268-0005-0000,178,19,,11,178-31528,8,CamaID: 0268-0005-0000,1915 LAFAYETTE RD,485741,08178-0268-0005-0000,0268-0005-0000,508.339596976026,11,179627,14697.2028585722
Portsmouth,,,0266-0000-0000,178,,,,,,,,485742,08178-0266-0000-0000,,79.6818860694573,,179628,396.572959126055
Portsmouth,,302,0268-0012-0000,178,57,,23,178-35846,8,CamaID: 0268-0012-0000,LAFAYETTE RD,485743,08178-0268-0012-0000,0268-0012-0000,494.714142465787,23,179629,14248.030358384
Portsmouth,,118,0294-0011-0000,178,17,,11,178-32750,8,CamaID: 0294-0011-0000,486 OCEAN RD,485744,08178-0294-0011-0000,0294-0011-0000,536.01315877172,11,179630,17074.3431868218
Portsmouth,,118,0283-0002-0000,178,17,,11,178-32159,8,CamaID: 0283-0002-0000,453 OCEAN RD,485745,08178-0283-0002-0000,0283-0002-0000,386.568754084959,11,179631,9828.37971049119
Portsmouth,,118,0294-0010-0000,178,17,,11,178-32749,8,CamaID: 0294-0010-0000,490 OCEAN RD,485746,08178-0294-0010-0000,0294-0010-0000,362.709256944029,11,179632,8136.70975911466
Portsmouth,,118,0283-0005-0000,178,17,,11,178-32162,8,CamaID: 0283-0005-0000,101 MARTHA TER,485747,08178-0283-0005-0000,0283-0005-0000,441.29888692011,11,179633,12550.773321304
Portsmouth,,118,0283-0004-0000,178,17,,11,178-32161,8,CamaID: 0283-0004-0000,100 PATRICIA DR,485748,08178-0283-0004-0000,0283-0004-0000,2624.77988462356,11,179634,227733.521670615
Portsmouth,,118,0283-0027-0000,178,17,,11,178-32182,8,CamaID: 0283-0027-0000,102 MARTHA TER,485749,08178-0283-0027-0000,0283-0027-0000,395.868225722114,11,179635,10044.9683303465
Portsmouth,,118,0283-0028-0000,178,17,,11,178-32183,8,CamaID: 0283-0028-0000,455 OCEAN RD,485750,08178-0283-0028-0000,0283-0028-0000,397.349698531296,11,179636,10293.6263674129
Portsmouth,,118,0283-0008-0000,178,17,,11,178-32165,8,CamaID: 0283-0008-0000,147 MARTHA TER,485751,08178-0283-0008-0000,0283-0008-0000,426.005241686187,11,179637,10967.040024135
Portsmouth,,118,0294-0006-0000,178,17,,11,178-32747,8,CamaID: 0294-0006-0000,480 OCEAN RD,485752,08178-0294-0006-0000,0294-0006-0000,838.691677551241,11,179638,36970.4171730355
Portsmouth,,118,0283-0020-0000,178,17,,11,178-32175,8,CamaID: 0283-0020-0000,226 MARTHA TER,485753,08178-0283-0020-0000,0283-0020-0000,389.126210616818,11,179639,9899.30648627328
Portsmouth,,118,0283-0035-0000,178,17,,11,178-32190,8,CamaID: 0283-0035-0000,495 OCEAN RD,485754,08178-0283-0035-0000,0283-0035-0000,391.477237656502,11,179640,10015.3454455839
Portsmouth,,120,0294-0004-0000,178,19,,11,178-32745,8,CamaID: 0294-0004-0000,1059 BANFIELD RD,485755,08178-0294-0004-0000,0294-0004-0000,544.067268971,11,179641,17105.978133983
Portsmouth,,120,0294-0003-0000,178,19,,11,178-32744,8,CamaID: 0294-0003-0000,1057 BANFIELD RD,485756,08178-0294-0003-0000,0294-0003-0000,518.253918572751,11,179642,16222.9152579006
Portsmouth,,118,0283-0016-0000,178,17,,11,178-32171,8,CamaID: 0283-0016-0000,525 OCEAN RD,485757,08178-0283-0016-0000,0283-0016-0000,379.889970298936,11,179643,9402.14788232313
Portsmouth,,120,0294-0002-0000,178,19,,11,178-32743,8,CamaID: 0294-0002-0000,1055 BANFIELD RD,485758,08178-0294-0002-0000,0294-0002-0000,506.83890857779,11,179644,15374.0147332146
Portsmouth,,118,0283-0015-0000,178,17,,11,178-32170,8,CamaID: 0283-0015-0000,247 MARTHA TER,485759,08178-0283-0015-0000,0283-0015-0000,518.704977089985,11,179645,15479.1453021875
Portsmouth,,131,0141-0006-0000,178,27,,11,178-34243,8,CamaID: 0141-0006-0000,3 WALKER ST,485760,08178-0141-0006-0000,0141-0006-0000,199.309131931895,11,179646,2467.61907404688
Portsmouth,,302,0297-005A-0000,178,57,,33,178-36020,8,CamaID: 0297-005A-0000,3580 LAFAYETTE RD,485761,08178-0297-005A-0000,0297-005A-0000,1474.81301569643,33,179647,103091.173546618
Portsmouth,,302,0298-0001-0000,178,57,,33,178-36021,8,CamaID: 0298-0001-0000,3601 LAFAYETTE RD,485762,08178-0298-0001-0000,0298-0001-0000,3043.3343949527,33,179648,249729.727552291
Portsmouth,,302,0291-0009-0000,178,57,,23,178-51785,8,CamaID: 0291-0009-0000,LAFAYETTE RD,485763,08178-0291-0009-0000,0291-0009-0000,3054.71889251076,23,179649,492283.580463532
Portsmouth,,302,0297-0006-0000,178,57,,13,178-36013,8,CamaID: 0297-0006-0000,3548 LAFAYETTE RD,485764,08178-0297-0006-0000,0297-0006-0000,1981.64259945887,13,179650,162970.018375406
Portsmouth,,301,0297-0005-0000,178,56,,34,178-36012,8,CamaID: 0297-0005-0000,3560 LAFAYETTE RD,485765,08178-0297-0005-0000,0297-0005-0000,2429.84599591688,34,179651,242774.226692042
Portsmouth,,204,0297-0011-0000,178,34,,14,178-54681,8,CamaID: 0297-0011-0008,8 JUNIPER LN #4,485766,08178-0297-0011-0000,0297-0011-0008,8503.79369151617,14,179652,1930322.05331968
Portsmouth,,131,0142-0009-0000,178,27,,12,178-34284,8,CamaID: 0142-0009-0000,62 KANE ST,485767,08178-0142-0009-0000,0142-0009-0000,427.619347396369,12,179653,10791.9713968093
Portsmouth,,301,0297-0004-0000,178,56,,27,178-36011,8,CamaID: 0297-0004-0000,COACH RD,485768,08178-0297-0004-0000,0297-0004-0000,4532.2021967574,27,179654,1009998.16829962
Portsmouth,,127,0238-0007-0000,178,23,,11,178-30735,8,CamaID: 0238-0007-0000,1430 WOODBURY AVE,485769,08178-0238-0007-0000,0238-0007-0000,1076.92143968329,11,179655,50894.5468796376
Portsmouth,,302,0297-0008-0000,178,57,,13,178-36014,8,CamaID: 0297-0008-0000,3510 LAFAYETTE RD,485770,08178-0297-0008-0000,0297-0008-0000,1652.93905835297,13,179656,104101.827039452
Portsmouth,,305,0107-0008-0000,178,60,,57,178-37282,8,CamaID: 0107-0008-0000,85 DANIEL ST,485771,08178-0107-0008-0000,0107-0008-0000,230.239381334762,57,179657,3141.68096124298
Portsmouth,,305,0107-0009-0000,178,60,,44,178-38789,8,CamaID: 0107-0009-0001,79 DANIEL ST #1,485772,08178-0107-0009-0000,0107-0009-0001,191.194764912312,44,179658,1483.39319248746
Portsmouth,,201,0107-0011-0000,178,31,,14,178-33168,8,CamaID: 0107-0011-0003,73 DANIEL ST #3,485773,08178-0107-0011-0000,0107-0011-0003,232.409331317495,14,179659,3340.58209331548
Portsmouth,,123,0233-0007-0001,178,21,,11,178-54216,8,CamaID: 0233-0007-0001,1230 ISLINGTON ST,485774,08178-0233-0007-0001,0233-0007-0001,309.000755809915,11,179660,5224.9813377131
Portsmouth,,123,0233-0011-0000,178,21,,11,178-30378,8,CamaID: 0233-0011-0000,65 MELBOURNE ST,485775,08178-0233-0011-0000,0233-0011-0000,398.94965452708,11,179661,9937.45984055167
Portsmouth,,123,0233-0007-0000,178,21,,11,178-30374,8,CamaID: 0233-0007-0000,1240 ISLINGTON ST,485776,08178-0233-0007-0000,0233-0007-0000,309.956610908763,11,179662,5240.11544463988
Portsmouth,,123,0233-0006-0000,178,21,,11,178-30373,8,CamaID: 0233-0006-0000,1220 ISLINGTON ST,485777,08178-0233-0006-0000,0233-0006-0000,509.991850987039,11,179663,10014.0827975046
Portsmouth,,131,0142-0024-0000,178,27,,11,178-34296,8,CamaID: 0142-0024-0000,139 DENNETT ST,485778,08178-0142-0024-0000,0142-0024-0000,278.864556694461,11,179664,4725.46471735897
Portsmouth,,131,0142-0025-0000,178,27,,11,178-34297,8,CamaID: 0142-0025-0000,129 DENNETT ST,485779,08178-0142-0025-0000,0142-0025-0000,247.450929068637,11,179665,3575.85335441909
Portsmouth,,131,0142-0026-0000,178,27,,11,178-34298,8,CamaID: 0142-0026-0000,121 DENNETT ST,485780,08178-0142-0026-0000,0142-0026-0000,302.422063934067,11,179666,3964.95633858126
Portsmouth,,131,0142-0030-0000,178,27,,11,178-34301,8,CamaID: 0142-0030-0000,71 PROSPECT ST,485781,08178-0142-0030-0000,0142-0030-0000,605.199448943248,11,179667,12822.688632299
Portsmouth,,131,0140-0017-0000,178,27,,11,178-34232,8,CamaID: 0140-0017-0000,116 DENNETT ST,485782,08178-0140-0017-0000,0140-0017-0000,367.713654309857,11,179668,8265.51791631527
Portsmouth,,131,0142-0023-0000,178,27,,12,178-34295,8,CamaID: 0142-0023-0000,149 DENNETT ST,485783,08178-0142-0023-0000,0142-0023-0000,539.389297828709,12,179669,12816.5641676742
Portsmouth,,131,0141-0014-0000,178,27,,12,178-34251,8,CamaID: 0141-0014-0000,60 PROSPECT ST,485784,08178-0141-0014-0000,0141-0014-0000,264.37109292363,12,179670,4081.45183909613
Portsmouth,,131,0141-0010-0000,178,27,,12,178-34247,8,CamaID: 0141-0010-0000,22 NORTH SCHOOL ST,485785,08178-0141-0010-0000,0141-0010-0000,249.936717118311,12,179671,3721.20826893119
Portsmouth,,131,0141-0011-0000,178,27,,11,178-34248,8,CamaID: 0141-0011-0000,36 NORTH SCHOOL ST,485786,08178-0141-0011-0000,0141-0011-0000,204.931031793161,11,179672,2590.02828628467
Portsmouth,,302,0141-0019-0000,178,57,,33,178-38018,8,CamaID: 0141-0019-0000,1010 US ROUTE 1 BYP,485787,08178-0141-0019-0000,0141-0019-0000,1143.88837404282,33,179673,48531.5583981535
Portsmouth,,204,0142-0028-0000,178,34,,14,178-50370,8,CamaID: 0142-0028-0001,73 PROSPECT ST #1,485788,08178-0142-0028-0000,0142-0028-0001,636.483831243947,14,179674,17519.2607584096
Portsmouth,,131,0143-0025-0000,178,27,,11,178-34323,8,CamaID: 0143-0025-0000,38 THORNTON ST,485789,08178-0143-0025-0000,0143-0025-0000,456.519294132342,11,179675,12270.5083272945
Portsmouth,,131,0143-0023-0000,178,27,,11,178-34321,8,CamaID: 0143-0023-0000,57 THORNTON ST,485790,08178-0143-0023-0000,0143-0023-0000,392.389985245985,11,179676,9589.15404577984
Portsmouth,,131,0160-0002-0000,178,27,,12,178-34948,8,CamaID: 0160-0002-0000,86 THORNTON ST,485791,08178-0160-0002-0000,0160-0002-0000,247.894500559852,12,179677,3166.41924757477
Portsmouth,,131,0143-0020-0000,178,27,,27,178-37774,8,CamaID: 0143-0020-0000,MONTEITH ST,485792,08178-0143-0020-0000,0143-0020-0000,686.255001136158,27,179678,24828.7384616454
Portsmouth,,131,0160-0002-0001,178,27,,11,178-34986,8,CamaID: 0160-0002-0001,84 THORNTON ST,485793,08178-0160-0002-0001,0160-0002-0001,291.221280502851,11,179679,4676.92706490197
Portsmouth,,131,0143-0019-0000,178,27,,11,178-34318,8,CamaID: 0143-0019-0000,55 THORNTON ST,485794,08178-0143-0019-0000,0143-0019-0000,404.558592443704,11,179680,10228.3056583001
Portsmouth,,303,0237-0066-0000,178,58,,44,178-53586,8,CamaID: 0237-0066-0002,1250 WOODBURY AVE #B,485795,08178-0237-0066-0000,0237-0066-0002,448.686154005823,44,179681,12455.3657621642
Portsmouth,,127,0217-0006-0000,178,23,,11,178-29088,8,CamaID: 0217-0006-0000,1203 WOODBURY AVE,485796,08178-0217-0006-0000,0217-0006-0000,551.38138988966,11,179682,14724.722069981
Portsmouth,,303,0237-0067-0000,178,58,,33,178-35526,8,CamaID: 0237-0067-0000,1262 WOODBURY AVE,485797,08178-0237-0067-0000,0237-0067-0000,521.105428555905,33,179683,13668.447546359
Portsmouth,,131,0142-0010-0000,178,27,,11,178-34285,8,CamaID: 0142-0010-0000,88 KANE ST,485798,08178-0142-0010-0000,0142-0010-0000,201.035581406912,11,179684,2062.02589615632
Portsmouth,,204,0143-0003-0000,178,34,,14,178-38832,8,CamaID: 0143-0003-0001,198 DENNETT ST #1,485799,08178-0143-0003-0000,0143-0003-0001,379.403195203894,14,179685,8302.93803993563
Portsmouth,73,131,0143-0017-0000,178,27,,11,178-34316,8,CamaID: 0143-0017-0000,5 RUTH ST,485800,08178-0143-0017-0000,0143-0017-0000,627.89573604814,11-73,179686,18920.4552652692
Portsmouth,,131,0143-0018-0000,178,27,,11,178-34317,8,CamaID: 0143-0018-0000,47 THORNTON ST,485801,08178-0143-0018-0000,0143-0018-0000,388.048600486948,11,179687,9371.78684640582
Portsmouth,,131,0143-0024-0000,178,27,,11,178-34322,8,CamaID: 0143-0024-0000,48 THORNTON ST,485802,08178-0143-0024-0000,0143-0024-0000,300.896564484054,11,179688,4941.59635639121
Portsmouth,73,131,0143-0009-0000,178,27,,11,178-34308,8,CamaID: 0143-0009-0000,101 MILL POND WAY,485803,08178-0143-0009-0000,0143-0009-0000,618.561597130624,11-73,179689,20094.7613028347
Portsmouth,,131,0143-0015-0000,178,27,,11,178-34314,8,CamaID: 0143-0015-0000,2 RUTH ST,485804,08178-0143-0015-0000,0143-0015-0000,591.919766075589,11,179690,19095.9310637977
Portsmouth,,131,0143-0027-0000,178,27,,12,178-34325,8,CamaID: 0143-0027-0000,310 DENNETT ST,485805,08178-0143-0027-0000,0143-0027-0000,290.843829645431,12,179691,4751.43506344713
Portsmouth,73,131,0143-0010-0000,178,27,,11,178-34309,8,CamaID: 0143-0010-0000,61 MILL POND WAY,485806,08178-0143-0010-0000,0143-0010-0000,547.197223789838,11-73,179692,18490.5997876258
Portsmouth,73,131,0143-0007-0002,178,27,,11,178-34330,8,CamaID: 0143-0007-0002,102 MILL POND WAY,485807,08178-0143-0007-0002,0143-0007-0002,474.791998358368,11-73,179693,12058.417546175
Portsmouth,,131,0143-0011-0000,178,27,,11,178-34310,8,CamaID: 0143-0011-0000,45 MILL POND WAY,485808,08178-0143-0011-0000,0143-0011-0000,494.632263944511,11,179694,14919.3335753227
Portsmouth,,131,0143-0006-0000,178,27,,11,178-34306,8,CamaID: 0143-0006-0000,40 MILL POND WAY,485809,08178-0143-0006-0000,0143-0006-0000,342.129091493101,11,179695,6275.82673321745
Portsmouth,,131,0143-0013-0001,178,27,,11,178-52766,8,CamaID: 0143-0013-0001,268 DENNETT ST,485810,08178-0143-0013-0001,0143-0013-0001,290.862356027581,11,179696,4513.73146228452
Portsmouth,,131,0160-0001-0001,178,27,,11,178-53406,8,CamaID: 0160-0001-0001,56 THORNTON ST,485811,08178-0160-0001-0001,0160-0001-0001,357.833570088551,11,179697,7762.27136234251
Portsmouth,,131,0143-0013-0000,178,27,,11,178-34312,8,CamaID: 0143-0013-0000,276 DENNETT ST,485812,08178-0143-0013-0000,0143-0013-0000,371.408487450127,11,179698,7169.65034551463
Portsmouth,,131,0143-0026-0000,178,27,,11,178-34324,8,CamaID: 0143-0026-0000,294 DENNETT ST,485813,08178-0143-0026-0000,0143-0026-0000,373.550786235018,11,179699,8514.3596196386
Portsmouth,,131,0160-0003-0000,178,27,,11,178-34949,8,CamaID: 0160-0003-0000,346 DENNETT ST,485814,08178-0160-0003-0000,0160-0003-0000,465.863108572183,11,179700,12799.1797730473
Portsmouth,,131,0143-0029-0000,178,27,,27,178-38876,8,CamaID: 0143-0029-0000,MILL POND WAY,485815,08178-0143-0029-0000,0143-0029-0000,547.957357033554,27,179701,14990.3780825711
Portsmouth,,131,0143-0014-0000,178,27,,11,178-34313,8,CamaID: 0143-0014-0000,28 THORNTON ST,485816,08178-0143-0014-0000,0143-0014-0000,499.201558531369,11,179702,12994.7802281391
Portsmouth,,131,0143-0008-0000,178,27,,27,178-34307,8,CamaID: 0143-0008-0000,MILL POND WAY,485817,08178-0143-0008-0000,0143-0008-0000,586.231997473126,27,179703,20437.7375024641
Portsmouth,,131,0160-0040-0000,178,27,,11,178-34983,8,CamaID: 0160-0040-0000,321 DENNETT ST,485818,08178-0160-0040-0000,0160-0040-0000,365.75691605386,11,179704,7334.36960474001
Portsmouth,,131,0142-0001-0000,178,27,,11,178-34276,8,CamaID: 0142-0001-0000,293 DENNETT ST,485819,08178-0142-0001-0000,0142-0001-0000,636.469117775722,11,179705,14433.0061710455
Portsmouth,,131,0142-0002-0000,178,27,,11,178-34277,8,CamaID: 0142-0002-0000,287 DENNETT ST,485820,08178-0142-0002-0000,0142-0002-0000,629.507594507648,11,179706,10779.5788310579
Portsmouth,,131,0143-0012-0000,178,27,,11,178-34311,8,CamaID: 0143-0012-0000,252 DENNETT ST,485821,08178-0143-0012-0000,0143-0012-0000,545.961890582138,11,179707,17476.4557324704
Portsmouth,,131,0142-0003-0000,178,27,,11,178-34278,8,CamaID: 0142-0003-0000,281 DENNETT ST,485822,08178-0142-0003-0000,0142-0003-0000,310.930001273137,11,179708,3801.9926214244
Portsmouth,,131,0142-0004-0000,178,27,,12,178-34279,8,CamaID: 0142-0004-0000,273 DENNETT ST,485823,08178-0142-0004-0000,0142-0004-0000,361.656551085117,12,179709,6214.42433503089
Portsmouth,,,0143-0007-0001,178,,,,,,,,485824,08178-0143-0007-0001,,972.432271693458,,179710,40418.777757362
Portsmouth,,131,0143-0004-0000,178,27,,11,178-34304,8,CamaID: 0143-0004-0000,202 DENNETT ST,485825,08178-0143-0004-0000,0143-0004-0000,458.499363220441,11,179711,11520.739128093
Portsmouth,,206,0143-0005-0000,178,36,,14,178-50373,8,CamaID: 0143-0005-0001,206 DENNETT ST #206,485826,08178-0143-0005-0000,0143-0005-0001,353.190528433803,14,179712,7781.87650777145
Portsmouth,,131,0142-0014-0000,178,27,,11,178-34289,8,CamaID: 0142-0014-0000,120 KANE ST,485827,08178-0142-0014-0000,0142-0014-0000,290.185245544879,11,179713,3319.0735431561
Portsmouth,,131,0160-0042-0000,178,27,,12,178-34985,8,CamaID: 0160-0042-0000,144 KANE ST,485828,08178-0160-0042-0000,0160-0042-0000,403.644260708063,12,179714,8733.14288574206
Portsmouth,,131,0142-0013-0000,178,27,,11,178-34288,8,CamaID: 0142-0013-0000,106 KANE ST,485829,08178-0142-0013-0000,0142-0013-0000,288.946292429963,11,179715,5008.16274530812
Portsmouth,,131,0142-0012-0000,178,27,,11,178-34287,8,CamaID: 0142-0012-0000,100 KANE ST,485830,08178-0142-0012-0000,0142-0012-0000,212.853223558665,11,179716,2253.61529658688
Portsmouth,,131,0142-0011-0000,178,27,,11,178-34286,8,CamaID: 0142-0011-0000,92 KANE ST,485831,08178-0142-0011-0000,0142-0011-0000,230.993465822088,11,179717,2678.49003846813
Portsmouth,70,131,0143-0009-0001,178,27,,11,178-34332,8,CamaID: 0143-0009-0001,12 RUTH ST,485832,08178-0143-0009-0001,0143-0009-0001,790.322941480105,11-70,179718,28557.8493098675
Portsmouth,,301,0252-0002-0037,178,56,,33,178-35689,8,CamaID: 0252-0002-0037,155 WEST RD,485833,08178-0252-0002-0037,0252-0002-0037,1330.99312340311,33,179719,105542.750629741
Portsmouth,,301,0252-0002-0012,178,56,,33,178-35682,8,CamaID: 0252-0002-0012,100 WEST RD,485834,08178-0252-0002-0012,0252-0002-0012,1392.75067136258,33,179720,98789.3215515865
Portsmouth,,301,0252-0002-0011,178,56,,34,178-35681,8,CamaID: 0252-0002-0011,60 WEST RD,485835,08178-0252-0002-0011,0252-0002-0011,1392.21302525747,34,179721,99538.6201638947
Portsmouth,,302,0252-0001-0000,178,57,,60,178-35673,8,CamaID: 0252-0001-0000,1700 LAFAYETTE RD,485836,08178-0252-0001-0000,0252-0001-0000,1731.84041529663,60,179722,184057.225017166
Portsmouth,,127,0237-0072-0000,178,23,,11,178-30696,8,CamaID: 0237-0072-0000,1 HODGDON LN,485837,08178-0237-0072-0000,0237-0072-0000,401.92782324638,11,179723,10082.3124935996
Portsmouth,,127,0217-0004-0000,178,23,,11,178-29087,8,CamaID: 0217-0004-0000,1283 WOODBURY AVE,485838,08178-0217-0004-0000,0217-0004-0000,495.555059174824,11,179724,15273.4639014963
Portsmouth,,,0,178,,,,,,,,485840,08178-0,,551.106449297553,,179725,3811.33870547364
Portsmouth,,127,0237-0068-0000,178,23,,11,178-30694,8,CamaID: 0237-0068-0000,1 SNUG HARBOR AVE,485841,08178-0237-0068-0000,0237-0068-0000,363.439789380473,11,179726,8142.17665619598
Portsmouth,,303,0238-0010-0001,178,58,,27,178-35534,8,CamaID: 0238-0010-0001,ARTHUR F BRADY DR,485842,08178-0238-0010-0001,0238-0010-0001,2010.69867405021,27,179727,224840.053375534
Portsmouth,,127,0237-0075-0000,178,23,,11,178-38162,8,CamaID: 0237-0075-0000,30 WHOLEY WAY,485843,08178-0237-0075-0000,0237-0075-0000,523.618331628954,11,179728,15130.548241945
Portsmouth,,,,178,,,,,,,,485844,08178-,,460.586251117118,,179729,8225.42846843159
Portsmouth,,102,0106-0059-0000,178,3,,12,178-33101,8,CamaID: 0106-0059-0000,164 DANIEL ST,485845,08178-0106-0059-0000,0106-0059-0000,205.400101410489,12,179730,2441.07354144508
Portsmouth,,108,0106-0058-0000,178,8,,57,178-37711,8,CamaID: 0106-0058-0000,150 DANIEL ST,485846,08178-0106-0058-0000,0106-0058-0000,496.576024886388,57,179731,13355.6949834543
Portsmouth,,305,0106-0061-0000,178,60,,27,178-37714,8,CamaID: 0106-0061-0000,BOW ST,485847,08178-0106-0061-0000,0106-0061-0000,486.447418020238,27,179732,12445.5098791344
Portsmouth,,105,0146-0009-0000,178,7,,11,178-34490,8,CamaID: 0146-0009-0000,183 CASS ST,485848,08178-0146-0009-0000,0146-0009-0000,453.500117258965,11,179733,10108.4429205749
Portsmouth,,204,0146-0008-0000,178,34,,14,178-54670,8,CamaID: 0146-0008-0001,169 CASS ST #1,485849,08178-0146-0008-0000,0146-0008-0001,484.163840308015,14,179734,12866.323229212
Portsmouth,,105,0146-0007-0000,178,7,,11,178-34488,8,CamaID: 0146-0007-0000,149 CASS ST,485850,08178-0146-0007-0000,0146-0007-0000,513.884330861974,11,179735,15419.961133878
Portsmouth,,105,0146-0012-0000,178,7,,11,178-34493,8,CamaID: 0146-0012-0000,209 CASS ST,485851,08178-0146-0012-0000,0146-0012-0000,189.70099273925,11,179736,2189.53234320364
Portsmouth,,105,0146-0013-0000,178,7,,11,178-34494,8,CamaID: 0146-0013-0000,55 LOVELL ST,485852,08178-0146-0013-0000,0146-0013-0000,314.406192443409,11,179737,4492.51294616569
Portsmouth,,305,0107-0073-0000,178,60,,33,178-37274,8,CamaID: 0107-0073-0000,75 PLEASANT ST,485853,08178-0107-0073-0000,0107-0073-0000,257.738976772912,33,179738,3205.42048777927
Portsmouth,,305,0107-0068-0000,178,60,,44,178-51324,8,CamaID: 0107-0068-0101,218 STATE ST,485854,08178-0107-0068-0000,0107-0068-0101,342.291375628981,44,179739,7243.18643562128
Portsmouth,,305,0107-0067-0000,178,60,,57,178-33163,8,CamaID: 0107-0067-0000,214 STATE ST,485855,08178-0107-0067-0000,0107-0067-0000,257.029794583027,57,179740,3582.05280450261
Portsmouth,,305,0107-0072-0000,178,60,,33,178-37964,8,CamaID: 0107-0072-0000,252 STATE ST,485856,08178-0107-0072-0000,0107-0072-0000,154.17806824298,33,179741,1333.81453237474
Portsmouth,,201,0107-0070-0000,178,31,,14,178-33178,8,CamaID: 0107-0070-0002,242 STATE ST #D,485857,08178-0107-0070-0000,0107-0070-0002,204.150275311795,14,179742,2597.17998420139
Portsmouth,,305,0107-0036-0000,178,60,,57,178-33150,8,CamaID: 0107-0036-0000,35 PLEASANT ST,485858,08178-0107-0036-0000,0107-0036-0000,270.791614640192,57,179743,3964.92868755605
Portsmouth,,305,0107-0076-0000,178,60,,57,178-33164,8,CamaID: 0107-0076-0000,92 PLEASANT ST,485859,08178-0107-0076-0000,0107-0076-0000,234.290163316204,57,179744,3084.05649414052
Portsmouth,,305,0107-0077-0000,178,60,,57,178-37680,8,CamaID: 0107-0077-0000,84 PLEASANT ST,485860,08178-0107-0077-0000,0107-0077-0000,259.99454397424,57,179745,4016.96781714269
Portsmouth,,,0,178,,,,,,,,485885,08178-0,,79.6818860694573,,179746,396.572959126055
Portsmouth,,108,0108-0013-0000,178,8,,11,178-37969,8,CamaID: 0108-0013-0000,278 COURT ST,485861,08178-0108-0013-0000,0108-0013-0000,251.984218701725,11,179747,3969.70888621379
Portsmouth,,305,0107-0078-0000,178,60,,23,178-33165,8,CamaID: 0107-0078-0000,266 STATE ST,485862,08178-0107-0078-0000,0107-0078-0000,172.233196686554,23,179748,1616.72949319479
Portsmouth,,108,0108-0014-0000,178,8,,57,178-37723,8,CamaID: 0108-0014-0000,143 PLEASANT ST,485863,08178-0108-0014-0000,0108-0014-0000,1657.76273368246,57,179749,100988.448626392
Portsmouth,,204,0108-0012-0000,178,34,,14,178-38680,8,CamaID: 0108-0012-0001,300 COURT ST #1,485864,08178-0108-0012-0000,0108-0012-0001,354.456926479454,14,179750,7136.75584740755
Portsmouth,,305,0107-0066-0000,178,60,,57,178-37718,8,CamaID: 0107-0066-0000,200 STATE ST,485865,08178-0107-0066-0000,0107-0066-0000,842.942545552721,57,179751,42510.1490324146
Portsmouth,,305,0107-0074-0000,178,60,,33,178-37612,8,CamaID: 0107-0074-0000,93 PLEASANT ST,485866,08178-0107-0074-0000,0107-0074-0000,603.41554787112,33,179752,17491.2054762445
Portsmouth,,305,0107-0080-0000,178,60,,57,178-33167,8,CamaID: 0107-0080-0000,278 STATE ST,485867,08178-0107-0080-0000,0107-0080-0000,180.498505806626,57,179753,1837.61986068659
Portsmouth,,305,0108-0011-0000,178,60,,33,178-37320,8,CamaID: 0108-0011-0000,314 COURT ST,485868,08178-0108-0011-0000,0108-0011-0000,399.704426685126,33,179754,8190.31670986334
Portsmouth,,305,0108-0010-0000,178,60,,57,178-37319,8,CamaID: 0108-0010-0000,342 COURT ST,485869,08178-0108-0010-0000,0108-0010-0000,397.987445368586,57,179755,8097.83506911273
Portsmouth,,305,0107-0037-0000,178,60,,57,178-37299,8,CamaID: 0107-0037-0000,49 PLEASANT ST,485870,08178-0107-0037-0000,0107-0037-0000,227.591793712417,57,179756,2086.15176045613
Portsmouth,,305,0107-0081-0000,178,60,,33,178-37965,8,CamaID: 0107-0081-0000,40 PLEASANT ST,485871,08178-0107-0081-0000,0107-0081-0000,457.316078030216,33,179757,11929.7056356117
Portsmouth,,301,0274-0001-000D,178,56,,33,178-35894,8,CamaID: 0274-0001-000D,755 BANFIELD RD,485872,08178-0274-0001-000D,0274-0001-000D,2074.60604822285,33,179758,155655.129804603
Portsmouth,,301,0267-0023-0000,178,56,,34,178-37670,8,CamaID: 0267-0023-0000,50 CAMPUS DR,485873,08178-0267-0023-0000,0267-0023-0000,1411.42413663812,34,179759,104793.198329606
Portsmouth,,120,0274-0002-0000,178,19,,11,178-32104,8,CamaID: 0274-0002-0000,775 BANFIELD RD,485874,08178-0274-0002-0000,0274-0002-0000,1004.77121625111,11,179760,55556.7855622614
Portsmouth,,301,0267-0016-0000,178,56,,33,178-35817,8,CamaID: 0267-0016-0000,330 WEST RD,485875,08178-0267-0016-0000,0267-0016-0000,1324.65212432645,33,179761,112627.385689691
Portsmouth,,301,0267-0019-0000,178,56,,44,178-35810,8,CamaID: 0267-0019-0001,270 WEST RD #1,485876,08178-0267-0019-0000,0267-0019-0001,1513.20977485004,44,179762,126681.658936354
Portsmouth,,301,0265-002D-0000,178,56,,27,178-35791,8,CamaID: 0265-002D-0000,BANFIELD RD,485877,08178-0265-002D-0000,0265-002D-0000,2735.43849323837,27,179763,316971.29190879
Portsmouth,,125,0255-0006-0000,178,22,,11,178-31176,8,CamaID: 0255-0006-0000,303 PEVERLY HILL RD,485878,08178-0255-0006-0000,0255-0006-0000,2266.239105916,11,179764,93617.1323950587
Portsmouth,,125,0255-0009-0000,178,22,,11,178-31179,8,CamaID: 0255-0009-0000,287 PEVERLY HILL RD,485879,08178-0255-0009-0000,0255-0009-0000,588.330498571382,11,179765,19860.6917940583
Portsmouth,,301,0263-0001-0004,178,56,,44,178-38527,8,CamaID: 0263-0001-004J,200 GRIFFIN RD #10,485880,08178-0263-0001-0004,0263-0001-004J,2327.14266510317,44,179766,287292.590462333
Portsmouth,,121,0258-0025-0000,178,20,,11,178-31206,8,CamaID: 0258-0025-0000,50 DAVIS RD,485881,08178-0258-0025-0000,0258-0025-0000,653.832289864694,11,179767,23160.2052946467
Portsmouth,,301,0263-0001-0005,178,56,,34,178-35786,8,CamaID: 0263-0001-0005,218 GRIFFIN RD,485882,08178-0263-0001-0005,0263-0001-0005,1869.80431435994,34,179768,201062.567346804
Portsmouth,,301,0263-0001-0007,178,56,,57,178-35788,8,CamaID: 0263-0001-0007,205 GRIFFIN RD,485883,08178-0263-0001-0007,0263-0001-0007,512.930763630253,57,179769,4907.75164726945
Portsmouth,,121,0258-0026-0000,178,20,,11,178-31207,8,CamaID: 0258-0026-0000,40 DAVIS RD,485886,08178-0258-0026-0000,0258-0026-0000,603.902020906002,11,179770,21870.8778574447
Portsmouth,,121,0258-0024-0000,178,20,,11,178-31205,8,CamaID: 0258-0024-0000,35 DAVIS RD,485887,08178-0258-0024-0000,0258-0024-0000,808.688659825683,11,179771,21017.7702442261
Portsmouth,,121,0258-0017-0000,178,20,,11,178-31198,8,CamaID: 0258-0017-0000,70 OXFORD AVE,485888,08178-0258-0017-0000,0258-0017-0000,426.375812901703,11,179772,10229.1244515224
Portsmouth,,302,0245-0003-0000,178,57,,33,178-35660,8,CamaID: 0245-0003-0000,815 LAFAYETTE RD,485884,08178-0245-0003-0000,0245-0003-0000,6331.75055680154,33,179773,908742.975689578
Portsmouth,,,0263-0001-0002,178,,,,,,,,485889,08178-0263-0001-0002,,1291.56088227778,,179774,112005.118111353
Portsmouth,,121,0258-0018-0000,178,20,,11,178-31199,8,CamaID: 0258-0018-0000,60 OXFORD AVE,485890,08178-0258-0018-0000,0258-0018-0000,613.958014865306,11,179775,22590.7342899543
Portsmouth,,121,0258-0030-0000,178,20,,11,178-31211,8,CamaID: 0258-0030-0000,49 GRIFFIN RD,485891,08178-0258-0030-0000,0258-0030-0000,402.822255614178,11,179776,10573.5363931415
Portsmouth,,121,0258-0021-0000,178,20,,11,178-31202,8,CamaID: 0258-0021-0000,17 GRIFFIN RD,485892,08178-0258-0021-0000,0258-0021-0000,484.758814819996,11,179777,15235.4230558589
Portsmouth,,121,0258-0019-0000,178,20,,11,178-31200,8,CamaID: 0258-0019-0000,56 OXFORD AVE,485893,08178-0258-0019-0000,0258-0019-0000,530.470072861274,11,179778,16559.6119202414
Portsmouth,,121,0258-0020-0000,178,20,,11,178-31201,8,CamaID: 0258-0020-0000,700 GREENLAND RD,485894,08178-0258-0020-0000,0258-0020-0000,694.564623255965,11,179779,25865.739317965
Portsmouth,,125,0232-0084-0000,178,22,,11,178-30229,8,CamaID: 0232-0084-0000,87 LEAVITT AVE,485895,08178-0232-0084-0000,0232-0084-0000,513.612336956914,11,179780,14208.3634326978
Portsmouth,,304,0259-0001-0000,178,59,,57,178-35727,8,CamaID: 0259-0001-0000,50 GRIFFIN RD,485896,08178-0259-0001-0000,0259-0001-0000,793.144218297991,57,179781,33598.5697610454
Portsmouth,,125,0232-0078-0000,178,22,,11,178-30223,8,CamaID: 0232-0078-0000,20 WOODWORTH AVE,485897,08178-0232-0078-0000,0232-0078-0000,519.413098779659,11,179782,12751.8497886633
Portsmouth,,125,0232-0089-0000,178,22,,11,178-30234,8,CamaID: 0232-0089-0000,942 MIDDLE RD,485898,08178-0232-0089-0000,0232-0089-0000,659.9647045942,11,179783,18162.9786312464
Portsmouth,,304,0259-0027-0000,178,59,,57,178-35735,8,CamaID: 0259-0027-0000,GREENLAND RD,485899,08178-0259-0027-0000,0259-0027-0000,5334.55895600538,57,179784,826140.595056378
Portsmouth,,304,0242-0002-0000,178,59,,57,178-35590,8,CamaID: 0242-0002-0000,1 PLAINS AVE,485900,08178-0242-0002-0000,0242-0002-0000,1509.59717336932,57,179785,64348.84412886
Portsmouth,,304,0282-0005-0000,178,59,,27,178-35910,8,CamaID: 0282-0005-0000,OCEAN RD,485901,08178-0282-0005-0000,0282-0005-0000,16746.8064345063,27,179786,8281178.32913062
Portsmouth,,301,0266-0007-0000,178,56,,33,178-31521,8,CamaID: 0266-0007-0000,375 BANFIELD RD,485902,08178-0266-0007-0000,0266-0007-0000,3459.52166758952,33,179787,651372.561822558
Portsmouth,,301,0266-0001-0000,178,56,,24,178-35792,8,CamaID: 0266-0001-0000,BANFIELD RD,485903,08178-0266-0001-0000,0266-0001-0000,3343.78647050219,24,179788,303196.7895752
Portsmouth,,301,0267-0017-0000,178,56,,44,178-35815,8,CamaID: 0267-0017-0003,300 WEST RD #3,485904,08178-0267-0017-0000,0267-0017-0003,1809.0276200231,44,179789,142967.055894781
Portsmouth,,301,0266-0004-0000,178,56,,57,178-31518,8,CamaID: 0266-0004-0000,100 CAMPUS DR,485905,08178-0266-0004-0000,0266-0004-0000,7118.96908114986,57,179790,1598438.72315194
Portsmouth,,,0266-0000-0000,178,,,,,,,,485906,08178-0266-0000-0000,,552.443097408555,,179791,15503.2946587154
Portsmouth,,206,0243-0054-0000,178,36,,14,178-38205,8,CamaID: 0243-0054-0001,248 PEVERLY HILL RD #1,485907,08178-0243-0054-0000,0243-0054-0001,553.389362547496,14,179792,20372.8222459073
Portsmouth,,304,0242-0003-0000,178,59,,57,178-35591,8,CamaID: 0242-0003-0000,263 PEVERLY HILL RD,485908,08178-0242-0003-0000,0242-0003-0000,4298.43832489521,57,179793,661889.624512948
Portsmouth,,125,0243-0068-0000,178,22,,11,178-38416,8,CamaID: 0243-0068-0000,18 MOFFAT ST,485909,08178-0243-0068-0000,0243-0068-0000,1066.41003663335,11,179794,51214.5868515735
Portsmouth,,302,0243-0053-0000,178,57,,27,178-35599,8,CamaID: 0243-0053-0000,PEVERLY HILL RD,485910,08178-0243-0053-0000,0243-0053-0000,239.938145860372,27,179795,3165.86227725871
Portsmouth,,125,0243-0047-0000,178,22,,22,178-30796,8,CamaID: 0243-0047-0000,LEAVITT AVE,485911,08178-0243-0047-0000,0243-0047-0000,231.811567972912,22,179796,2982.55519258455
Portsmouth,,125,0243-0059-0000,178,22,,11,178-30806,8,CamaID: 0243-0059-0000,384 PEVERLY HILL RD,485915,08178-0243-0059-0000,0243-0059-0000,605.256366044086,11,179797,21370.1735004223
Portsmouth,,125,0231-0016-0000,178,22,,11,178-30104,8,CamaID: 0231-0016-0000,211 HILLSIDE DR,485916,08178-0231-0016-0000,0231-0016-0000,392.554208463272,11,179798,9158.46332055592
Portsmouth,,125,0231-0038-0000,178,22,,11,178-30126,8,CamaID: 0231-0038-0000,190 HILLSIDE DR,485917,08178-0231-0038-0000,0231-0038-0000,393.929220391155,11,179799,9185.22571997546
Portsmouth,,125,0231-0017-0000,178,22,,11,178-30105,8,CamaID: 0231-0017-0000,195 HILLSIDE DR,485918,08178-0231-0017-0000,0231-0017-0000,425.67148145006,11,179800,10965.9508844113
Portsmouth,,125,0231-0018-0000,178,22,,11,178-30106,8,CamaID: 0231-0018-0000,183 HILLSIDE DR,485919,08178-0231-0018-0000,0231-0018-0000,499.136386704519,11,179801,16310.4361267249
Portsmouth,,125,0231-0035-0000,178,22,,11,178-30123,8,CamaID: 0231-0035-0000,84 HILLSIDE DR,485920,08178-0231-0035-0000,0231-0035-0000,395.787370621808,11,179802,9267.51729760612
Portsmouth,,,,178,,,,,,,,485912,08178-,,62184.2672167049,,179803,16967814.4295895
Portsmouth,,301,0165-0014-0000,178,56,,57,178-38066,8,CamaID: 0165-0014-0000,BARTLETT ST,485913,08178-0165-0014-0000,0165-0014-0000,9321.66042469997,57,179804,334269.533296852
Portsmouth,,125,0255-0003-0001,178,22,,11,178-31180,8,CamaID: 0255-0003-0001,575 PEVERLY HILL RD,485914,08178-0255-0003-0001,0255-0003-0001,1011.9098298314,11,179805,57595.140727168
Portsmouth,,125,0231-0037-0000,178,22,,11,178-30125,8,CamaID: 0231-0037-0000,152 HILLSIDE DR,485921,08178-0231-0037-0000,0231-0037-0000,523.591285969385,11,179806,17748.7455958872
Portsmouth,,125,0231-0036-0000,178,22,,11,178-30124,8,CamaID: 0231-0036-0000,120 HILLSIDE DR,485922,08178-0231-0036-0000,0231-0036-0000,373.522380023282,11,179807,8607.50941884339
Portsmouth,,125,0231-0019-0000,178,22,,11,178-30107,8,CamaID: 0231-0019-0000,179 HILLSIDE DR,485923,08178-0231-0019-0000,0231-0019-0000,415.178072362599,11,179808,9962.96678086769
Portsmouth,,125,0231-0020-0000,178,22,,11,178-30108,8,CamaID: 0231-0020-0000,175 HILLSIDE DR,485924,08178-0231-0020-0000,0231-0020-0000,379.31521707143,11,179809,8588.58400555345
Portsmouth,,125,0231-0021-0000,178,22,,11,178-30109,8,CamaID: 0231-0021-0000,135 HILLSIDE DR,485925,08178-0231-0021-0000,0231-0021-0000,471.622057431036,11,179810,14113.932029881
Portsmouth,,125,0232-0006-0000,178,22,,11,178-30159,8,CamaID: 0232-0006-0000,536 MIDDLE RD,485926,08178-0232-0006-0000,0232-0006-0000,747.149986034255,11,179811,33823.0203420982
Portsmouth,,125,0232-0005-0000,178,22,,11,178-30158,8,CamaID: 0232-0005-0000,500 MIDDLE RD,485927,08178-0232-0005-0000,0232-0005-0000,795.473884460196,11,179812,34417.2329738221
Portsmouth,,125,0232-0002-0000,178,22,,12,178-30156,8,CamaID: 0232-0002-0000,472 MIDDLE RD,485928,08178-0232-0002-0000,0232-0002-0000,429.720382876515,12,179813,9564.96364133295
Portsmouth,,125,0232-0001-0000,178,22,,11,178-30155,8,CamaID: 0232-0001-0000,450 MIDDLE RD,485929,08178-0232-0001-0000,0232-0001-0000,409.963474132861,11,179814,8992.35500351305
Portsmouth,,,0232-0000-0000,178,,,,,,,,485930,08178-0232-0000-0000,,308.010456409206,,179815,1273.17985660762
Portsmouth,,104,0231-0055-0000,178,6,,11,178-30141,8,CamaID: 0231-0055-0000,376 MIDDLE RD,485931,08178-0231-0055-0000,0231-0055-0000,840.527911845496,11,179816,26758.9051912719
Portsmouth,,125,0232-0156-0000,178,22,,11,178-30295,8,CamaID: 0232-0156-0000,495 MIDDLE RD,485932,08178-0232-0156-0000,0232-0156-0000,862.880864473868,11,179817,33804.1977094307
Portsmouth,,104,0231-0054-0000,178,6,,11,178-30140,8,CamaID: 0231-0054-0000,356 MIDDLE RD,485933,08178-0231-0054-0000,0231-0054-0000,1326.29683964467,11,179818,61451.0164262774
Portsmouth,,123,0232-0154-0000,178,21,,11,178-30293,8,CamaID: 0232-0154-0000,4 HAMPSHIRE RD,485934,08178-0232-0154-0000,0232-0154-0000,666.06473070713,11,179819,23666.5152234112
Portsmouth,,104,0231-0053-0003,178,6,,19,178-30154,8,CamaID: 0231-0053-0003,MIDDLE RD,485935,08178-0231-0053-0003,0231-0053-0003,857.847778728651,19,179820,36309.2345005364
Portsmouth,,123,0232-0153-0000,178,21,,11,178-30292,8,CamaID: 0232-0153-0000,8 HAMPSHIRE RD,485936,08178-0232-0153-0000,0232-0153-0000,436.401860877983,11,179821,10859.1057679797
Portsmouth,,123,0169-0005-0000,178,21,,12,178-35224,8,CamaID: 0169-0005-0000,342 SPINNEY RD,485937,08178-0169-0005-0000,0169-0005-0000,637.633519622107,12,179822,24737.7987302796
Portsmouth,,304,0231-0052-0000,178,59,,44,178-35488,8,CamaID: 0231-0052-0B2B,264 LAFAYETTE RD #B2B,485938,08178-0231-0052-0000,0231-0052-0B2B,2361.78270514879,44,179823,247026.434508772
Portsmouth,,302,0245-0001-0000,178,57,,33,178-35658,8,CamaID: 0245-0001-0000,775 LAFAYETTE RD,485939,08178-0245-0001-0000,0245-0001-0000,2859.8915973359,33,179824,410634.787728539
Portsmouth,,302,0244-0002-0000,178,57,,33,178-35649,8,CamaID: 0244-0002-0000,802 LAFAYETTE RD,485940,08178-0244-0002-0000,0244-0002-0000,2429.6870424071,33,179825,240845.596417487
Portsmouth,,302,0244-0003-0000,178,57,,57,178-35650,8,CamaID: 0244-0003-0000,LAFAYETTE RD,485941,08178-0244-0003-0000,0244-0003-0000,2228.70238968221,57,179826,151945.690580602
Portsmouth,,125,0255-0007-0000,178,22,,11,178-31177,8,CamaID: 0255-0007-0000,297 PEVERLY HILL RD,485942,08178-0255-0007-0000,0255-0007-0000,582.619492895611,11,179827,20368.3639215913
Portsmouth,,125,0244-0010-000C,178,22,,11,178-30816,8,CamaID: 0244-0010-000C,545 PEVERLY HILL RD,485943,08178-0244-0010-000C,0244-0010-000C,585.20013886607,11,179828,20009.5312386491
Portsmouth,,125,0255-0004-0000,178,22,,11,178-31174,8,CamaID: 0255-0004-0000,515 PEVERLY HILL RD,485944,08178-0255-0004-0000,0255-0004-0000,563.890767732325,11,179829,19163.3280240405
Portsmouth,,125,0243-0009-0000,178,22,,11,178-30762,8,CamaID: 0243-0009-0000,423 PEVERLY HILL RD,485945,08178-0243-0009-0000,0243-0009-0000,394.213175772951,11,179830,8999.97745563692
Portsmouth,,125,0243-0008-0000,178,22,,11,178-30761,8,CamaID: 0243-0008-0000,433 GREENLEAF AVE,485946,08178-0243-0008-0000,0243-0008-0000,370.653422249018,11,179831,7772.28843892268
Portsmouth,,125,0243-0007-0001,178,22,,12,178-30813,8,CamaID: 0243-0007-0001,419 GREENLEAF AVE,485947,08178-0243-0007-0001,0243-0007-0001,1010.57265453911,12,179832,38341.7484795204
Portsmouth,,125,0243-0058-0000,178,22,,11,178-30805,8,CamaID: 0243-0058-0000,300 PEVERLY HILL RD,485948,08178-0243-0058-0000,0243-0058-0000,606.672714070286,11,179833,20373.0191666953
Portsmouth,,125,0243-0057-0000,178,22,,11,178-30804,8,CamaID: 0243-0057-0000,296 PEVERLY HILL RD,485949,08178-0243-0057-0000,0243-0057-0000,597.358499214027,11,179834,19513.460304329
Portsmouth,,301,0243-0056-0000,178,56,,33,178-30803,8,CamaID: 0243-0056-0000,290 PEVERLY HILL RD,485950,08178-0243-0056-0000,0243-0056-0000,443.586398730943,33,179835,12097.4933904257
Portsmouth,,125,0243-0061-0000,178,22,,11,178-30808,8,CamaID: 0243-0061-0000,394 GREENLEAF AVE,485951,08178-0243-0061-0000,0243-0061-0000,778.187813345102,11,179836,27337.1022226329
Portsmouth,,125,0244-0011-0000,178,22,,11,178-51467,8,CamaID: 0244-0011-0000,539 PEVERLY HILL RD,485952,08178-0244-0011-0000,0244-0011-0000,496.832838592301,11,179837,15000.1264247302
Portsmouth,,125,0244-0012-0000,178,22,,11,178-51466,8,CamaID: 0244-0012-0000,541 PEVERLY HILL RD,485953,08178-0244-0012-0000,0244-0012-0000,499.813621519056,11,179838,14999.8828276713
Portsmouth,,301,0263-0003-0000,178,56,,27,178-35779,8,CamaID: 0263-0003-0000,GREENLAND RD,485954,08178-0263-0003-0000,0263-0003-0000,3723.8078644695,27,179839,738969.579769155
Portsmouth,,301,0280-0003-0000,178,56,,27,178-35905,8,CamaID: 0280-0003-0000,GREENLAND RD,485955,08178-0280-0003-0000,0280-0003-0000,6352.55896038085,27,179840,294716.948920422
Portsmouth,,120,0279-0007-0000,178,19,,11,178-32118,8,CamaID: 0279-0007-0000,1648 GREENLAND RD,485956,08178-0279-0007-0000,0279-0007-0000,587.893417097629,11,179841,21047.3623046377
Portsmouth,,120,0279-0009-0000,178,19,,22,178-32120,8,CamaID: 0279-0009-0000,GREENLAND RD,485957,08178-0279-0009-0000,0279-0009-0000,1986.93191144703,22,179842,148623.421001381
Portsmouth,,120,0279-0008-0000,178,19,,11,178-32119,8,CamaID: 0279-0008-0000,1703 GREENLAND RD,485958,08178-0279-0008-0000,0279-0008-0000,1155.20076177981,11,179843,75515.6918331475
Portsmouth,,120,0279-0004-0000,178,19,,11,178-32115,8,CamaID: 0279-0004-0000,1630 GREENLAND RD,485959,08178-0279-0004-0000,0279-0004-0000,1048.15686024266,11,179844,56315.7534409632
Portsmouth,,120,0279-0005-0000,178,19,,11,178-32116,8,CamaID: 0279-0005-0000,1640 GREENLAND RD,485960,08178-0279-0005-0000,0279-0005-0000,407.158625951649,11,179845,10302.4322225821
Portsmouth,,302,0280-0001-0000,178,57,,24,178-35903,8,CamaID: 0280-0001-0000,GREENLAND RD,485961,08178-0280-0001-0000,0280-0001-0000,2024.9338782632,24,179846,133169.190681842
Portsmouth,,302,0280-0002-0000,178,57,,60,178-35904,8,CamaID: 0280-0002-0000,1407 GREENLAND RD,485962,08178-0280-0002-0000,0280-0002-0000,1463.6866950859,60,179847,131705.068763207
Portsmouth,,117,0282-0006-0021,178,16,,11,178-32143,8,CamaID: 0282-0006-0021,276 BUCKMINSTER WAY,485963,08178-0282-0006-0021,0282-0006-0021,1107.77504575706,11,179848,50842.5528989597
Portsmouth,,117,0282-0006-0020,178,16,,11,178-32142,8,CamaID: 0282-0006-0020,258 BUCKMINSTER WAY,485964,08178-0282-0006-0020,0282-0006-0020,1133.98455551128,11,179849,66136.3071857348
Portsmouth,,117,0282-0006-0019,178,16,,11,178-32141,8,CamaID: 0282-0006-0019,240 BUCKMINSTER WAY,485965,08178-0282-0006-0019,0282-0006-0019,1059.4896325965,11,179850,57965.8311253608
Portsmouth,,117,0282-0006-0002,178,16,,11,178-32124,8,CamaID: 0282-0006-0002,560 OCEAN RD,485966,08178-0282-0006-0002,0282-0006-0002,1023.5506915044,11,179851,54311.9820868123
Portsmouth,,120,0283-0036-0000,178,19,,11,178-32191,8,CamaID: 0283-0036-0000,1062 BANFIELD RD,485967,08178-0283-0036-0000,0283-0036-0000,541.963195808225,11,179852,17221.5052312757
Portsmouth,,,0297-0000-0000,178,,,,,,,,485968,08178-0297-0000-0000,,195.715320376448,,179853,2392.91924489833
Portsmouth,,301,0284-0001-0000,178,56,,34,178-35914,8,CamaID: 0284-0001-0000,225 HERITAGE AVE,485969,08178-0284-0001-0000,0284-0001-0000,1407.43520713352,34,179854,121341.889724624
Portsmouth,,301,0285-0008-0000,178,56,,34,178-35931,8,CamaID: 0285-0008-0000,175 HERITAGE AVE,485970,08178-0285-0008-0000,0285-0008-0000,1401.23408637546,34,179855,120161.458791921
Portsmouth,,301,0285-0007-0000,178,56,,34,178-35930,8,CamaID: 0285-0007-0000,145 HERITAGE AVE,485971,08178-0285-0007-0000,0285-0007-0000,1399.84956081938,34,179856,119969.102635107
Portsmouth,,301,0285-0011-00A1,178,56,,34,178-35938,8,CamaID: 0285-0011-00A1,112 HERITAGE AVE,485972,08178-0285-0011-00A1,0285-0011-00A1,1544.29246584608,34,179857,130644.64448101
Portsmouth,,301,0285-0011-00A2,178,56,,33,178-35939,8,CamaID: 0285-0011-00A2,100 HERITAGE AVE,485973,08178-0285-0011-00A2,0285-0011-00A2,1855.54405302144,33,179858,210508.533786864
Portsmouth,,301,0285-0005-0001,178,56,,34,178-35948,8,CamaID: 0285-0005-0001,115 HERITAGE AVE,485974,08178-0285-0005-0001,0285-0005-0001,1399.71741945244,34,179859,119958.053044042
Portsmouth,,301,0285-0005-0000,178,56,,34,178-35929,8,CamaID: 0285-0005-0000,85 HERITAGE AVE,485975,08178-0285-0005-0000,0285-0005-0000,1401.78739976376,34,179860,120982.71164653
Portsmouth,,301,0285-0004-0000,178,56,,34,178-35928,8,CamaID: 0285-0004-0000,55 HERITAGE AVE,485976,08178-0285-0004-0000,0285-0004-0000,1379.34692184104,34,179861,116628.844845164
Portsmouth,,302,0285-0012-0000,178,57,,33,178-35934,8,CamaID: 0285-0012-0000,2700 LAFAYETTE RD,485977,08178-0285-0012-0000,0285-0012-0000,828.900746740305,33,179862,38996.6347102405
Portsmouth,,302,0285-0013-0000,178,57,,44,178-38153,8,CamaID: 0285-0013-0001,2600 LAFAYETTE RD #1,485978,08178-0285-0013-0000,0285-0013-0001,1391.88130757733,44,179863,118540.727085942
Portsmouth,,302,0285-0014-0000,178,57,,44,178-38297,8,CamaID: 0285-0014-0001,2470 LAFAYETTE RD #1,485979,08178-0285-0014-0000,0285-0014-0001,1391.28670271462,44,179864,118214.282082354
Portsmouth,,302,0286-0020-0000,178,57,,33,178-32211,8,CamaID: 0286-0020-0000,2859 LAFAYETTE RD,485980,08178-0286-0020-0000,0286-0020-0000,748.134557871217,33,179865,34645.3675890358
Portsmouth,,118,0292-0016-0000,178,17,,27,178-35976,8,CamaID: 0292-0016-0000,SUZANNE DR,485981,08178-0292-0016-0000,0292-0016-0000,395.161225074794,27,179866,9672.25368276414
Portsmouth,,305A,0145-0033-0000,178,61,,33,178-37563,8,CamaID: 0145-0033-0000,404 ISLINGTON ST,485982,08178-0145-0033-0000,0145-0033-0000,723.476583759717,33,179867,12364.2276424406
Portsmouth,,105,0145-0020-0000,178,7,,12,178-34388,8,CamaID: 0145-0020-0000,21 UNION ST,485983,08178-0145-0020-0000,0145-0020-0000,231.871149264796,12,179868,3318.50092484797
Portsmouth,,105,0136-0004-0000,178,7,,11,178-34087,8,CamaID: 0136-0004-0000,82 AUSTIN ST,485984,08178-0136-0004-0000,0136-0004-0000,300.661126273213,11,179869,4284.17009404702
Portsmouth,,105,0136-0003-0000,178,7,,11,178-34086,8,CamaID: 0136-0003-0000,74 AUSTIN ST,485985,08178-0136-0003-0000,0136-0003-0000,302.39590818947,11,179870,4257.15596081344
Portsmouth,,105,0145-0032-0000,178,7,,12,178-34398,8,CamaID: 0145-0032-0000,392 ISLINGTON ST,485986,08178-0145-0032-0000,0145-0032-0000,204.828208491371,12,179871,2612.22305008286
Portsmouth,,105,0145-0019-0000,178,7,,11,178-34387,8,CamaID: 0145-0019-0000,15 UNION ST,485987,08178-0145-0019-0000,0145-0019-0000,184.201233739235,11,179872,1993.53674076566
Portsmouth,,204,0145-0087-0000,178,34,,14,178-34478,8,CamaID: 0145-0087-0004,175 CABOT ST #4,485988,08178-0145-0087-0000,0145-0087-0004,565.125935022998,14,179873,17244.486840481
Portsmouth,,305A,0157-0010-0000,178,61,,57,178-34877,8,CamaID: 0157-0010-0000,18 DOVER ST,485989,08178-0157-0010-0000,0157-0010-0000,200.040654409155,57,179874,2500.10804748004
Portsmouth,,305A,0144-0032-0000,178,61,,57,178-34355,8,CamaID: 0144-0032-0000,425 ISLINGTON ST,485990,08178-0144-0032-0000,0144-0032-0000,198.759164348125,57,179875,2468.59487453047
Portsmouth,,105,0145-0101-0000,178,7,,12,178-34459,8,CamaID: 0145-0101-0000,760 STATE ST,485991,08178-0145-0101-0000,0145-0101-0000,213.423902344214,12,179876,2528.25708820526
Portsmouth,,305A,0145-0018-0000,178,61,,33,178-38028,8,CamaID: 0145-0018-0000,378 ISLINGTON ST,485992,08178-0145-0018-0000,0145-0018-0000,204.996130242872,33,179877,2497.15712668735
Portsmouth,,305A,0157-0007-0000,178,61,,34,178-37575,8,CamaID: 0157-0007-0000,459 ISLINGTON ST,485993,08178-0157-0007-0000,0157-0007-0000,722.308840792235,34,179878,22847.3539881415
Portsmouth,,304,0136-0001-0000,178,59,,57,178-34084,8,CamaID: 0136-0001-0000,50 AUSTIN ST,485994,08178-0136-0001-0000,0136-0001-0000,387.871738730777,57,179879,6174.87996452143
Portsmouth,,105,0145-0100-0000,178,7,,11,178-34458,8,CamaID: 0145-0100-0000,758 STATE ST,485995,08178-0145-0100-0000,0145-0100-0000,141.060585856831,11,179880,1196.11397595842
Portsmouth,,105,0144-0040-0000,178,7,,12,178-34362,8,CamaID: 0144-0040-0000,15 DOVER ST,485996,08178-0144-0040-0000,0144-0040-0000,201.989390660227,12,179881,2549.52297502486
Portsmouth,,,0157-0000-0000,178,,,,,,,,485997,08178-0157-0000-0000,,174.888074854762,,179882,799.572325668575
Portsmouth,,105,0145-0017-0000,178,7,,11,178-34386,8,CamaID: 0145-0017-0000,366 ISLINGTON ST,485998,08178-0145-0017-0000,0145-0017-0000,376.646302734518,11,179883,6665.4607519794
Portsmouth,,105,0145-0099-0000,178,7,,12,178-34457,8,CamaID: 0145-0099-0000,70 WINTER ST,485999,08178-0145-0099-0000,0145-0099-0000,177.850461610962,12,179884,1954.80046439712
Portsmouth,,304,0136-0010-0000,178,59,,57,178-34093,8,CamaID: 0136-0010-0000,240 MIDDLE ST,486000,08178-0136-0010-0000,0136-0010-0000,394.858182540378,57,179885,8556.34939178838
Portsmouth,,105,0157-0012-0000,178,7,,12,178-34879,8,CamaID: 0157-0012-0000,40 DOVER ST,486001,08178-0157-0012-0000,0157-0012-0000,255.656258149194,12,179886,3720.53075342831
Portsmouth,,105,0157-0014-0000,178,7,,11,178-34881,8,CamaID: 0157-0014-0000,268 MCDONOUGH ST,486002,08178-0157-0014-0000,0157-0014-0000,231.263200739104,11,179887,2408.47036119828
Portsmouth,,305A,0145-0016-0000,178,61,,57,178-34385,8,CamaID: 0145-0016-0000,356 ISLINGTON ST,486003,08178-0145-0016-0000,0145-0016-0000,443.090848789563,57,179888,8468.80864008317
Portsmouth,,204,0137-0010-0000,178,34,,14,178-34143,8,CamaID: 0137-0010-0001,728 STATE ST #1,486004,08178-0137-0010-0000,0137-0010-0001,280.454103926051,14,179889,3854.78708752102
Portsmouth,,304,0127-0025-0000,178,59,,57,178-33689,8,CamaID: 0127-0025-0000,85 AUSTIN ST,486005,08178-0127-0025-0000,0127-0025-0000,341.221468516319,57,179890,6808.80746079475
Portsmouth,,105,0145-0015-0000,178,7,,12,178-34384,8,CamaID: 0145-0015-0000,342 ISLINGTON ST,486006,08178-0145-0015-0000,0145-0015-0000,210.79401292555,12,179891,2761.18592838289
Portsmouth,,304,0137-0001-0000,178,59,,57,178-37767,8,CamaID: 0137-0001-0000,98 SUMMER ST,486007,08178-0137-0001-0000,0137-0001-0000,960.876712602345,57,179892,56429.1071679378
Portsmouth,,105,0157-0013-0000,178,7,,12,178-34880,8,CamaID: 0157-0013-0000,46 DOVER ST,486008,08178-0157-0013-0000,0157-0013-0000,343.696878991807,12,179893,3181.95383995754
Portsmouth,,105,0145-0004-0000,178,7,,11,178-34373,8,CamaID: 0145-0004-0000,217 CABOT ST,486009,08178-0145-0004-0000,0145-0004-0000,376.97202109042,11,179894,7146.84317858821
Portsmouth,,305A,0144-0039-0000,178,61,,34,178-37560,8,CamaID: 0144-0039-0000,35 DOVER ST,486010,08178-0144-0039-0000,0144-0039-0000,357.5517404913,34,179895,7890.83538065239
Portsmouth,,105,0127-0024-0000,178,7,,12,178-38008,8,CamaID: 0127-0024-0000,119 SUMMER ST,486011,08178-0127-0024-0000,0127-0024-0000,287.931955360361,12,179896,4900.96271084351
Portsmouth,,105,0145-0003-0000,178,7,,12,178-34372,8,CamaID: 0145-0003-0000,322 ISLINGTON ST,486012,08178-0145-0003-0000,0145-0003-0000,292.349313288865,12,179897,4756.06798044786
Portsmouth,,204,0145-0001-0000,178,34,,14,178-38508,8,CamaID: 0145-0001-0001,304 ISLINGTON ST #1,486013,08178-0145-0001-0000,0145-0001-0001,362.666565994106,14,179898,7245.06031145327
Portsmouth,,105,0137-0002-0000,178,7,,12,178-34120,8,CamaID: 0137-0002-0000,140 SUMMER ST,486014,08178-0137-0002-0000,0137-0002-0000,300.037276426109,12,179899,4941.29010974691
Portsmouth,,304,0127-0023-0000,178,59,,57,178-38085,8,CamaID: 0127-0023-0000,634 STATE ST,486015,08178-0127-0023-0000,0127-0023-0000,783.51237604288,57,179900,34399.7552255231
Portsmouth,,304,0127-0022-0000,178,59,,57,178-33688,8,CamaID: 0127-0022-0000,608 STATE ST,486016,08178-0127-0022-0000,0127-0022-0000,369.125403365997,57,179901,7666.16379474965
Portsmouth,,105,0127-0021-0000,178,7,,12,178-33687,8,CamaID: 0127-0021-0000,606 STATE ST,486017,08178-0127-0021-0000,0127-0021-0000,314.327175934906,12,179902,4050.37822239932
Portsmouth,,118,0292-0017-0000,178,17,,11,178-32481,8,CamaID: 0292-0017-0000,36 SUZANNE DR,486018,08178-0292-0017-0000,0292-0017-0000,378.778926329127,11,179903,8932.21507041546
Portsmouth,,118,0292-0018-0000,178,17,,11,178-32482,8,CamaID: 0292-0018-0000,38 SUZANNE DR,486019,08178-0292-0018-0000,0292-0018-0000,377.618196556037,11,179904,8873.94516270349
Portsmouth,,,0292-0000-0000,178,,,,,,,,486020,08178-0292-0000-0000,,155.64459171748,,179905,1485.85550925351
Portsmouth,,118,0292-0076-0000,178,17,,11,178-32539,8,CamaID: 0292-0076-0000,17 WALLIS RD,486021,08178-0292-0076-0000,0292-0076-0000,424.586084710595,11,179906,9522.32369973123
Portsmouth,,118,0292-0075-0000,178,17,,11,178-32538,8,CamaID: 0292-0075-0000,19 WALLIS RD,486022,08178-0292-0075-0000,0292-0075-0000,387.916168103209,11,179907,9464.3734929821
Portsmouth,,118,0292-0074-0000,178,17,,11,178-32537,8,CamaID: 0292-0074-0000,21 WALLIS RD,486023,08178-0292-0074-0000,0292-0074-0000,391.586905679074,11,179908,9481.66670904302
Portsmouth,,118,0292-0073-0000,178,17,,11,178-32536,8,CamaID: 0292-0073-0000,23 WALLIS RD,486024,08178-0292-0073-0000,0292-0073-0000,393.237128436163,11,179909,9578.02457845169
Portsmouth,,118,0292-0081-0000,178,17,,11,178-32544,8,CamaID: 0292-0081-0000,5 SUZANNE DR,486025,08178-0292-0081-0000,0292-0081-0000,379.412023571516,11,179910,8885.94159350395
Portsmouth,,118,0292-0080-0000,178,17,,11,178-32543,8,CamaID: 0292-0080-0000,7 SUZANNE DR,486026,08178-0292-0080-0000,0292-0080-0000,389.589823648673,11,179911,9301.64336096651
Portsmouth,,118,0292-0079-0000,178,17,,11,178-32542,8,CamaID: 0292-0079-0000,9 SUZANNE DR,486027,08178-0292-0079-0000,0292-0079-0000,388.105545628376,11,179912,9218.82792927186
Portsmouth,,118,0292-0078-0000,178,17,,11,178-32541,8,CamaID: 0292-0078-0000,11 SUZANNE DR,486028,08178-0292-0078-0000,0292-0078-0000,380.12696803156,11,179913,8837.28370455676
Portsmouth,,118,0292-0092-0000,178,17,,11,178-32555,8,CamaID: 0292-0092-0000,22 SUZANNE DR,486029,08178-0292-0092-0000,0292-0092-0000,394.854668064137,11,179914,9999.94253137933
Portsmouth,,118,0292-0124-0000,178,17,,11,178-32586,8,CamaID: 0292-0124-0000,340 OCEAN RD,486030,08178-0292-0124-0000,0292-0124-0000,565.258368981776,11,179915,17378.1328411247
Portsmouth,,118,0292-0125-0000,178,17,,11,178-32587,8,CamaID: 0292-0125-0000,320 OCEAN RD,486031,08178-0292-0125-0000,0292-0125-0000,558.706859489465,11,179916,16874.4910127884
Portsmouth,,118,0292-0126-0000,178,17,,11,178-32588,8,CamaID: 0292-0126-0000,304 OCEAN RD,486032,08178-0292-0126-0000,0292-0126-0000,406.982496836756,11,179917,10236.9889769448
Portsmouth,,118,0292-0127-0000,178,17,,11,178-32589,8,CamaID: 0292-0127-0000,284 OCEAN RD,486033,08178-0292-0127-0000,0292-0127-0000,431.016934226837,11,179918,11410.5899511587
Portsmouth,,118,0292-0128-0000,178,17,,11,178-32590,8,CamaID: 0292-0128-0000,248 OCEAN RD,486034,08178-0292-0128-0000,0292-0128-0000,626.617627332358,11,179919,22498.8116502776
Portsmouth,,118,0292-0089-0000,178,17,,11,178-32552,8,CamaID: 0292-0089-0000,16 SUZANNE DR,486035,08178-0292-0089-0000,0292-0089-0000,377.238481381171,11,179920,8880.76695347207
Portsmouth,,118,0292-0088-0000,178,17,,11,178-32551,8,CamaID: 0292-0088-0000,14 SUZANNE DR,486036,08178-0292-0088-0000,0292-0088-0000,387.700111245321,11,179921,9511.40751612079
Portsmouth,,118,0292-0087-0000,178,17,,11,178-32550,8,CamaID: 0292-0087-0000,12 SUZANNE DR,486037,08178-0292-0087-0000,0292-0087-0000,387.194408505164,11,179922,9367.20113400482
Portsmouth,,118,0292-0129-0000,178,17,,11,178-32591,8,CamaID: 0292-0129-0000,224 OCEAN RD,486038,08178-0292-0129-0000,0292-0129-0000,396.017634242522,11,179923,9778.53385180113
Portsmouth,,118,0292-0130-0000,178,17,,11,178-32592,8,CamaID: 0292-0130-0000,206 OCEAN RD,486039,08178-0292-0130-0000,0292-0130-0000,379.378251093792,11,179924,8970.83662425452
Portsmouth,,118,0292-0086-0000,178,17,,11,178-32549,8,CamaID: 0292-0086-0000,10 SUZANNE DR,486040,08178-0292-0086-0000,0292-0086-0000,379.987872656428,11,179925,9023.19327208378
Portsmouth,,118,0292-0131-0000,178,17,,11,178-32593,8,CamaID: 0292-0131-0000,188 OCEAN RD,486041,08178-0292-0131-0000,0292-0131-0000,379.668458757085,11,179926,8989.62719355384
Portsmouth,,118,0292-0085-0000,178,17,,11,178-32548,8,CamaID: 0292-0085-0000,8 SUZANNE DR,486042,08178-0292-0085-0000,0292-0085-0000,375.418953672532,11,179927,8799.67016571262
Portsmouth,,304,0230-0021-0000,178,59,,57,178-35466,8,CamaID: 0230-0021-0000,397 LAFAYETTE RD,486043,08178-0230-0021-0000,0230-0021-0000,1685.90406448341,57,179928,83772.9052296871
Portsmouth,,304,0231-0049-0000,178,59,,57,178-30137,8,CamaID: 0231-0049-0000,322 LAFAYETTE RD,486044,08178-0231-0049-0000,0231-0049-0000,663.995870180013,57,179929,25057.7295871653
Portsmouth,,125,0231-0025-0000,178,22,,11,178-30113,8,CamaID: 0231-0025-0000,91 HILLSIDE DR,486045,08178-0231-0025-0000,0231-0025-0000,533.703453066318,11,179930,8710.16807925334
Portsmouth,,125,0230-0018-0000,178,22,,11,178-30087,8,CamaID: 0230-0018-0000,271 LAFAYETTE RD,486046,08178-0230-0018-0000,0230-0018-0000,677.350037994139,11,179931,18809.4931200099
Portsmouth,,125,0230-0017-0000,178,22,,22,178-30086,8,CamaID: 0230-0017-0000,LAFAYETTE RD,486047,08178-0230-0017-0000,0230-0017-0000,650.082066470575,22,179932,14123.1148841123
Portsmouth,,103B,0230-0009-0000,178,5,,11,178-30078,8,CamaID: 0230-0009-0000,6 ROCKAWAY ST,486048,08178-0230-0009-0000,0230-0009-0000,583.824703462272,11,179933,19142.4779499073
Portsmouth,,103B,0230-0011-0000,178,5,,11,178-30080,8,CamaID: 0230-0011-0000,1 ROCKAWAY ST,486049,08178-0230-0011-0000,0230-0011-0000,832.67328738142,11,179934,32129.3148355006
Portsmouth,,103B,0230-0006-0000,178,5,,11,178-30075,8,CamaID: 0230-0006-0000,77 SUMMIT AVE,486050,08178-0230-0006-0000,0230-0006-0000,481.14197524261,11,179935,13643.844996673
Portsmouth,,103B,0230-0008-0000,178,5,,11,178-30077,8,CamaID: 0230-0008-0000,4 JENKINS AVE,486051,08178-0230-0008-0000,0230-0008-0000,310.227693480901,11,179936,5504.16637815864
Portsmouth,,103B,0230-0007-0000,178,5,,11,178-30076,8,CamaID: 0230-0007-0000,77 SUMMIT AVE,486052,08178-0230-0007-0000,0230-0007-0000,308.970520321732,11,179937,5291.68187310099
Portsmouth,,125,0230-0016-0000,178,22,,11,178-30085,8,CamaID: 0230-0016-0000,243 LAFAYETTE RD,486053,08178-0230-0016-0000,0230-0016-0000,837.011510464381,11,179938,39455.598478517
Portsmouth,,103B,0230-0005-0000,178,5,,11,178-30074,8,CamaID: 0230-0005-0000,70 SUMMIT AVE,486054,08178-0230-0005-0000,0230-0005-0000,604.005767655144,11,179939,22490.3584484783
Portsmouth,,103B,0230-0004-0000,178,5,,11,178-30073,8,CamaID: 0230-0004-0000,76 SUMMIT AVE,486055,08178-0230-0004-0000,0230-0004-0000,1097.19382534864,11,179940,42640.0517072188
Portsmouth,,103B,0230-0014-0000,178,5,,11,178-30083,8,CamaID: 0230-0014-0000,53 SUMMIT AVE,486056,08178-0230-0014-0000,0230-0014-0000,422.372072232964,11,179941,11016.0294851861
Portsmouth,,103B,0230-0003-0000,178,5,,11,178-30072,8,CamaID: 0230-0003-0000,56 SUMMIT AVE,486057,08178-0230-0003-0000,0230-0003-0000,404.862346109409,11,179942,10202.9148313965
Portsmouth,,103B,0230-0002-0000,178,5,,11,178-30071,8,CamaID: 0230-0002-0000,38 SUMMIT AVE,486058,08178-0230-0002-0000,0230-0002-0000,342.910761724242,11,179943,7056.55022885144
Portsmouth,,103B,0230-0015-0000,178,5,,11,178-30084,8,CamaID: 0230-0015-0000,35 SUMMIT AVE,486059,08178-0230-0015-0000,0230-0015-0000,442.368841166282,11,179944,10119.5192342561
Portsmouth,,103B,0151-0005-0000,178,5,,11,178-34721,8,CamaID: 0151-0005-0000,209 LAFAYETTE RD,486060,08178-0151-0005-0000,0151-0005-0000,929.675260800129,11,179945,54033.7763550306
Portsmouth,,118,0292-0132-0000,178,17,,11,178-32594,8,CamaID: 0292-0132-0000,172 OCEAN RD,486061,08178-0292-0132-0000,0292-0132-0000,377.278980991661,11,179946,8875.22959414493
Portsmouth,,118,0292-0133-0000,178,17,,11,178-32595,8,CamaID: 0292-0133-0000,154 OCEAN RD,486062,08178-0292-0133-0000,0292-0133-0000,380.402411029286,11,179947,9032.91996573297
Portsmouth,,118,0292-0134-0000,178,17,,11,178-32596,8,CamaID: 0292-0134-0000,132 OCEAN RD,486063,08178-0292-0134-0000,0292-0134-0000,465.601293310891,11,179948,13081.8732830093
Portsmouth,,,0292-0000-0000,178,,,,,,,,486064,08178-0292-0000-0000,,140.122796787765,,179949,965.746796960172
Portsmouth,,118,0292-0009-0000,178,17,,11,178-32478,8,CamaID: 0292-0009-0000,104 OCEAN RD,486065,08178-0292-0009-0000,0292-0009-0000,381.573270184355,11,179950,9095.54891262018
Portsmouth,,118,0292-0010-0000,178,17,,11,178-32479,8,CamaID: 0292-0010-0000,84 OCEAN RD,486066,08178-0292-0010-0000,0292-0010-0000,381.119616843312,11,179951,9074.77956801418
Portsmouth,,118,0292-0011-0000,178,17,,11,178-32480,8,CamaID: 0292-0011-0000,68 OCEAN RD,486067,08178-0292-0011-0000,0292-0011-0000,379.612002623199,11,179952,8995.89748191439
Portsmouth,73,131,0159-0003-0000,178,27,,11,178-34898,8,CamaID: 0159-0003-0000,111 SPARHAWK ST,486068,08178-0159-0003-0000,0159-0003-0000,476.819446655548,11-73,179953,8960.33826194571
Portsmouth,,105,0126-0047-0000,178,7,,11,178-33660,8,CamaID: 0126-0047-0000,45 TANNER ST,486069,08178-0126-0047-0000,0126-0047-0000,196.564138196236,11,179954,2311.21881761636
Portsmouth,,105,0126-0040-0000,178,7,,12,178-33654,8,CamaID: 0126-0040-0000,314 HANOVER ST,486070,08178-0126-0040-0000,0126-0040-0000,242.115976524064,12,179955,3637.17743621821
Portsmouth,,114,0251-0070-0000,178,14,,11,178-31116,8,CamaID: 0251-0070-0000,188 GRANT AVE,486071,08178-0251-0070-0000,0251-0070-0000,692.208205694132,11,179956,30062.6957442518
Portsmouth,,114,0251-0071-0000,178,14,,11,178-31117,8,CamaID: 0251-0071-0000,184 GRANT AVE,486072,08178-0251-0071-0000,0251-0071-0000,547.382086279255,11,179957,16490.5448509524
Portsmouth,,120,0251-0078-0000,178,19,,11,178-31124,8,CamaID: 0251-0078-0000,1739 LAFAYETTE RD,486073,08178-0251-0078-0000,0251-0078-0000,554.455342944745,11,179958,17643.5777765265
Portsmouth,,302,0229-0009-0000,178,57,,33,178-35463,8,CamaID: 0229-0009-0000,605 LAFAYETTE RD,486078,08178-0229-0009-0000,0229-0009-0000,862.080788558526,33,179959,43778.5710153296
Portsmouth,,114,0251-0065-0000,178,14,,11,178-31111,8,CamaID: 0251-0065-0000,12 COOLIDGE DR,486079,08178-0251-0065-0000,0251-0065-0000,455.542418917381,11,179960,12399.0146546753
Portsmouth,,114,0251-0064-0000,178,14,,11,178-31110,8,CamaID: 0251-0064-0000,10 COOLIDGE DR,486080,08178-0251-0064-0000,0251-0064-0000,484.249742240017,11,179961,13544.9562486544
Portsmouth,,114,0251-0063-0000,178,14,,11,178-31109,8,CamaID: 0251-0063-0000,8 COOLIDGE DR,486081,08178-0251-0063-0000,0251-0063-0000,506.082015493118,11,179962,14088.4324041156
Portsmouth,,111,0204-0007-0000,178,11,,27,178-35310,8,CamaID: 0204-0007-0000,LITTLE HARBOR RD,486074,08178-0204-0007-0000,0204-0007-0000,5413.4697353828,27,179963,1032326.25803984
Portsmouth,,305,0126-0008-0000,178,60,,33,178-37998,8,CamaID: 0126-0008-0000,104 CONGRESS ST,486075,08178-0126-0008-0000,0126-0008-0000,273.614795591017,33,179964,4571.74022188932
Portsmouth,,305,0126-0005-0000,178,60,,33,178-37505,8,CamaID: 0126-0005-0000,135 CONGRESS ST #145,486076,08178-0126-0005-0000,0126-0005-0000,365.3023832472,33,179965,7548.18555456392
Portsmouth,,305,0126-0004-0000,178,60,,33,178-37506,8,CamaID: 0126-0004-0000,147 CONGRESS ST,486077,08178-0126-0004-0000,0126-0004-0000,333.784530892853,33,179966,6243.69408005425
Portsmouth,,114,0268-0064-0000,178,14,,11,178-31585,8,CamaID: 0268-0064-0000,170 MCKINLEY RD,486082,08178-0268-0064-0000,0268-0064-0000,419.991116743907,11,179967,10114.9586731372
Portsmouth,,114,0251-0038-0000,178,14,,11,178-31084,8,CamaID: 0251-0038-0000,145 GRANT AVE,486083,08178-0251-0038-0000,0251-0038-0000,471.443246879442,11,179968,13161.5009658837
Portsmouth,,114,0251-0072-0000,178,14,,11,178-31118,8,CamaID: 0251-0072-0000,180 GRANT AVE,486084,08178-0251-0072-0000,0251-0072-0000,556.351136809017,11,179969,17039.7148364235
Portsmouth,,120,0251-0077-0000,178,19,,11,178-31123,8,CamaID: 0251-0077-0000,1721 LAFAYETTE RD,486085,08178-0251-0077-0000,0251-0077-0000,554.934626004079,11,179970,17669.2883171974
Portsmouth,,114,0251-0073-0000,178,14,,11,178-31119,8,CamaID: 0251-0073-0000,160 GRANT AVE,486086,08178-0251-0073-0000,0251-0073-0000,551.945531679364,11,179971,17478.6460423255
Portsmouth,,120,0251-0076-0000,178,19,,11,178-31122,8,CamaID: 0251-0076-0000,1701 LAFAYETTE RD,486087,08178-0251-0076-0000,0251-0076-0000,526.747975101717,11,179972,16065.0537381569
Portsmouth,,114,0251-0031-0000,178,14,,11,178-31077,8,CamaID: 0251-0031-0000,25 HARRISON AVE,486088,08178-0251-0031-0000,0251-0031-0000,475.016548940235,11,179973,13729.771871827
Portsmouth,,114,0251-0023-0000,178,14,,11,178-31069,8,CamaID: 0251-0023-0000,42 TAFT RD,486089,08178-0251-0023-0000,0251-0023-0000,391.69815733181,11,179974,9671.67369694077
Portsmouth,,114,0251-0022-0000,178,14,,11,178-31068,8,CamaID: 0251-0022-0000,44 TAFT RD,486090,08178-0251-0022-0000,0251-0022-0000,374.208452329143,11,179975,8740.76103255926
Portsmouth,,114,0251-0033-0000,178,14,,11,178-31079,8,CamaID: 0251-0033-0000,29 HARRISON AVE,486091,08178-0251-0033-0000,0251-0033-0000,433.204401080276,11,179976,11888.2478638297
Portsmouth,,114,0251-0021-0000,178,14,,11,178-31067,8,CamaID: 0251-0021-0000,46 TAFT RD,486092,08178-0251-0021-0000,0251-0021-0000,373.586242442732,11,179977,8710.12265020524
Portsmouth,,114,0251-0034-0000,178,14,,11,178-31080,8,CamaID: 0251-0034-0000,1 POLK AVE,486093,08178-0251-0034-0000,0251-0034-0000,372.701804835133,11,179978,8782.97850617334
Portsmouth,,114,0251-0020-0000,178,14,,11,178-31066,8,CamaID: 0251-0020-0000,48 TAFT RD,486094,08178-0251-0020-0000,0251-0020-0000,375.891119339965,11,179979,8859.88070303001
Portsmouth,,114,0251-0054-0000,178,14,,11,178-31100,8,CamaID: 0251-0054-0000,47 TAFT RD,486095,08178-0251-0054-0000,0251-0054-0000,480.84353975688,11,179980,13581.4381714665
Portsmouth,,114,0251-0019-0000,178,14,,11,178-31065,8,CamaID: 0251-0019-0000,50 TAFT RD,486096,08178-0251-0019-0000,0251-0019-0000,382.654046425351,11,179981,9520.16232895898
Portsmouth,,114,0251-0088-0000,178,14,,11,178-31134,8,CamaID: 0251-0088-0000,5 COOLIDGE DR,486097,08178-0251-0088-0000,0251-0088-0000,584.632773362691,11,179982,20956.2863724322
Portsmouth,,114,0251-0035-0000,178,14,,11,178-31081,8,CamaID: 0251-0035-0000,53 TAFT RD,486098,08178-0251-0035-0000,0251-0035-0000,520.872481945556,11,179983,17785.6400509749
Portsmouth,,125,0231-0011-0000,178,22,,11,178-30099,8,CamaID: 0231-0011-0000,237 HILLSIDE DR,486099,08178-0231-0011-0000,0231-0011-0000,387.813687953814,11,179984,8928.77352985228
Portsmouth,,114,0251-0062-0000,178,14,,11,178-31108,8,CamaID: 0251-0062-0000,6 COOLIDGE DR,486100,08178-0251-0062-0000,0251-0062-0000,610.965052802189,11,179985,20320.7075665011
Portsmouth,,114,0251-0036-0000,178,14,,11,178-31082,8,CamaID: 0251-0036-0000,70 WILSON RD,486101,08178-0251-0036-0000,0251-0036-0000,439.090769961498,11,179986,11812.0745876642
Portsmouth,,114,0251-0037-0000,178,14,,11,178-31083,8,CamaID: 0251-0037-0000,60 WILSON RD,486102,08178-0251-0037-0000,0251-0037-0000,466.47022784081,11,179987,13558.9979828999
Portsmouth,,114,0251-0061-0000,178,14,,11,178-31107,8,CamaID: 0251-0061-0000,4 COOLIDGE DR,486103,08178-0251-0061-0000,0251-0061-0000,722.058965208991,11,179988,23904.0952390462
Portsmouth,,114,0251-0089-0000,178,14,,11,178-31135,8,CamaID: 0251-0089-0000,3 COOLIDGE DR,486104,08178-0251-0089-0000,0251-0089-0000,580.762719077141,11,179989,21695.890748502
Portsmouth,,114,0251-0057-0000,178,14,,11,178-31103,8,CamaID: 0251-0057-0000,40 WILSON RD,486105,08178-0251-0057-0000,0251-0057-0000,574.147727595425,11,179990,19582.8738022705
Portsmouth,,114,0251-0058-0000,178,14,,11,178-31104,8,CamaID: 0251-0058-0000,38 WILSON RD,486106,08178-0251-0058-0000,0251-0058-0000,545.413638025479,11,179991,16547.6799476019
Portsmouth,,114,0251-0010-0000,178,14,,11,178-31056,8,CamaID: 0251-0010-0000,11 WILSON RD,486107,08178-0251-0010-0000,0251-0010-0000,717.909357902653,11,179992,32732.2385603398
Portsmouth,,114,0251-0074-0000,178,14,,11,178-31120,8,CamaID: 0251-0074-0000,8 WILSON RD,486108,08178-0251-0074-0000,0251-0074-0000,377.843371976082,11,179993,8287.30528443726
Portsmouth,,114,0251-0059-0000,178,14,,11,178-31105,8,CamaID: 0251-0059-0000,36 WILSON RD,486109,08178-0251-0059-0000,0251-0059-0000,542.898426987251,11,179994,16699.5220199913
Portsmouth,,305,0126-0039-0000,178,60,,57,178-33653,8,CamaID: 0126-0039-0000,306 HANOVER ST,486110,08178-0126-0039-0000,0126-0039-0000,190.987399012009,57,179995,2065.79472638877
Portsmouth,,305,0126-0053-0000,178,60,,33,178-33665,8,CamaID: 0126-0053-0000,44 BRIDGE ST,486111,08178-0126-0053-0000,0126-0053-0000,281.884825518148,33,179996,4829.53731454918
Portsmouth,,105,0126-0046-0000,178,7,,11,178-33659,8,CamaID: 0126-0046-0000,53 TANNER ST,486112,08178-0126-0046-0000,0126-0046-0000,197.327430406362,11,179997,2338.28376796528
Portsmouth,,105,0126-0038-0000,178,7,,12,178-33652,8,CamaID: 0126-0038-0000,296 HANOVER ST,486113,08178-0126-0038-0000,0126-0038-0000,162.538859900664,12,179998,1579.30715358605
Portsmouth,,105,0126-0058-0000,178,7,,11,178-33668,8,CamaID: 0126-0058-0000,288 HANOVER ST,486114,08178-0126-0058-0000,0126-0058-0000,167.37160863978,11,179999,1694.37038910943
Portsmouth,,105,0126-0057-0000,178,7,,11,178-33667,8,CamaID: 0126-0057-0000,282 HANOVER ST,486115,08178-0126-0057-0000,0126-0057-0000,153.046500193643,11,180000,1211.38664617295
Portsmouth,,304,0125-0010-0000,178,59,,33,178-37485,8,CamaID: 0125-0010-0000,299 HANOVER ST,486116,08178-0125-0010-0000,0125-0010-0000,224.60917542816,33,180001,3048.89031852802
Portsmouth,,305,0126-0055-0000,178,60,,57,178-37501,8,CamaID: 0126-0055-0000,64 BRIDGE ST,486117,08178-0126-0055-0000,0126-0055-0000,256.55668391919,57,180002,4086.15750851949
Portsmouth,,304,0125-0008-0000,178,59,,57,178-33636,8,CamaID: 0125-0008-0000,285 HANOVER ST,486118,08178-0125-0008-0000,0125-0008-0000,161.19086618535,57,180003,1620.81599293625
Portsmouth,70,131,0143-0021-0000,178,27,,11,178-34319,8,CamaID: 0143-0021-0000,73 MONTEITH ST,486119,08178-0143-0021-0000,0143-0021-0000,444.869019263588,11-70,180004,12584.3484672204
Portsmouth,,201,0125-0011-0000,178,31,,14,178-38897,8,CamaID: 0125-0011-0001,136 HILL ST #1,486120,08178-0125-0011-0000,0125-0011-0001,224.117739161157,14,180005,2910.41572759131
Portsmouth,,105,0125-0009-0000,178,7,,11,178-33637,8,CamaID: 0125-0009-0000,263 HANOVER ST,486121,08178-0125-0009-0000,0125-0009-0000,137.590690979544,11,180006,1147.3221073236
Portsmouth,,105,0125-0007-0000,178,7,,12,178-33635,8,CamaID: 0125-0007-0000,126 HILL ST,486122,08178-0125-0007-0000,0125-0007-0000,167.342385738061,12,180007,1620.25174221312
Portsmouth,,305,0125-0004-0000,178,60,,57,178-33633,8,CamaID: 0125-0004-0000,78 BRIDGE ST,486123,08178-0125-0004-0000,0125-0004-0000,182.426417925522,57,180008,2054.39864161889
Portsmouth,,129,0236-0045-0000,178,25,,11,178-30596,8,CamaID: 0236-0045-0000,217 MEADOW RD,486124,08178-0236-0045-0000,0236-0045-0000,404.651243329404,11,180009,9709.79998107267
Portsmouth,,105,0135-0058-0000,178,7,,12,178-34066,8,CamaID: 0135-0058-0000,82 CABOT ST,486125,08178-0135-0058-0000,0135-0058-0000,374.737438876191,12,180010,7144.5619687488
Portsmouth,,105,0136-0037-0000,178,7,,12,178-34115,8,CamaID: 0136-0037-0000,53 CABOT ST,486126,08178-0136-0037-0000,0136-0037-0000,362.040214635958,12,180011,6342.6598075923
Portsmouth,,304,0145-0023-0000,178,59,,27,178-37776,8,CamaID: 0145-0023-0000,STATE ST,486127,08178-0145-0023-0000,0145-0023-0000,404.674043392472,27,180012,10025.7299223082
Portsmouth,,204,0145-0050-0000,178,34,,14,178-34460,8,CamaID: 0145-0050-0001,197 MADISON ST #1,486128,08178-0145-0050-0000,0145-0050-0001,311.634124889572,14,180013,5260.18304204892
Portsmouth,,121,0260-0011-0000,178,20,,11,178-31266,8,CamaID: 0260-0011-0000,319 SHERBURNE RD,486129,08178-0260-0011-0000,0260-0011-0000,381.981300882377,11,180014,8496.955005966
Portsmouth,,121,0260-0010-0000,178,20,,11,178-31265,8,CamaID: 0260-0010-0000,331 SHERBURNE RD,486130,08178-0260-0010-0000,0260-0010-0000,379.163955722944,11,180015,8342.26360113772
Portsmouth,,121,0260-0009-0000,178,20,,11,178-31264,8,CamaID: 0260-0009-0000,347 SHERBURNE RD,486131,08178-0260-0009-0000,0260-0009-0000,378.621661187352,11,180016,8326.53764344509
Portsmouth,,121,0260-0008-0000,178,20,,11,178-31263,8,CamaID: 0260-0008-0000,361 SHERBURNE RD,486132,08178-0260-0008-0000,0260-0008-0000,380.163682289585,11,180017,8436.03454436241
Portsmouth,,114,0250-0026-0000,178,14,,11,178-30955,8,CamaID: 0250-0026-0000,307 MCKINLEY RD,486133,08178-0250-0026-0000,0250-0026-0000,372.093709616065,11,180018,8626.01133523338
Portsmouth,,114,0250-0023-0000,178,14,,11,178-30952,8,CamaID: 0250-0023-0000,295 MCKINLEY RD,486134,08178-0250-0023-0000,0250-0023-0000,390.31674856124,11,180019,9515.08523776142
Portsmouth,,114,0250-0043-0000,178,14,,11,178-30972,8,CamaID: 0250-0043-0000,5 TRUMAN PL,486135,08178-0250-0043-0000,0250-0043-0000,393.14114142969,11,180020,9604.50235724905
Portsmouth,,114,0250-0046-0000,178,14,,11,178-30975,8,CamaID: 0250-0046-0000,8 HAYES PL,486136,08178-0250-0046-0000,0250-0046-0000,383.614462436059,11,180021,9165.3821993678
Portsmouth,,133,0226-0001-0000,178,29,,11,178-30054,8,CamaID: 0226-0001-0000,71 ELWYN RD,486137,08178-0226-0001-0000,0226-0001-0000,900.799948601515,11,180022,47200.4739657348
Portsmouth,,114,0226-0002-0000,178,14,,11,178-30055,8,CamaID: 0226-0002-0000,1 ELWYN RD EXT,486138,08178-0226-0002-0000,0226-0002-0000,276.73241114876,11,180023,4784.26298064625
Portsmouth,,114,0226-0003-0000,178,14,,11,178-30056,8,CamaID: 0226-0003-0000,2 ELWYN RD EXT,486139,08178-0226-0003-0000,0226-0003-0000,278.619907339328,11,180024,4848.94938751285
Portsmouth,,114,0226-0004-0000,178,14,,11,178-30057,8,CamaID: 0226-0004-0000,5 ELWYN RD EXT,486140,08178-0226-0004-0000,0226-0004-0000,323.930269024423,11,180025,6487.94276191208
Portsmouth,,133,0225-0001-0000,178,29,,11,178-29997,8,CamaID: 0225-0001-0000,775 ELWYN RD,486141,08178-0225-0001-0000,0225-0001-0000,823.551659870707,11,180026,40180.4111043368
Portsmouth,,133,0225-0045-0000,178,29,,11,178-30036,8,CamaID: 0225-0045-0000,770 ELWYN RD,486142,08178-0225-0045-0000,0225-0045-0000,400.73178365402,11,180027,10032.8040409551
Portsmouth,,114,0250-0027-0000,178,14,,11,178-30956,8,CamaID: 0250-0027-0000,311 MCKINLEY RD,486143,08178-0250-0027-0000,0250-0027-0000,375.429108529599,11,180028,8771.06364471161
Portsmouth,,133,0225-0046-0000,178,29,,11,178-30037,8,CamaID: 0225-0046-0000,766 ELWYN RD,486144,08178-0225-0046-0000,0225-0046-0000,405.077751796701,11,180029,10253.4057723375
Portsmouth,,133,0225-0047-0000,178,29,,11,178-30038,8,CamaID: 0225-0047-0000,610 ELWYN RD,486145,08178-0225-0047-0000,0225-0047-0000,853.013165216202,11,180030,44624.3166785648
Portsmouth,,114,0247-0018-0000,178,14,,11,178-30833,8,CamaID: 0247-0018-0000,30 HARDING RD,486146,08178-0247-0018-0000,0247-0018-0000,591.692691749861,11,180031,19500.6954230337
Portsmouth,,114,0247-0017-0000,178,14,,11,178-30832,8,CamaID: 0247-0017-0000,28 HARDING RD,486147,08178-0247-0017-0000,0247-0017-0000,394.336234952523,11,180032,9716.41406048381
Portsmouth,,114,0247-0016-0000,178,14,,11,178-30831,8,CamaID: 0247-0016-0000,26 HARDING RD,486148,08178-0247-0016-0000,0247-0016-0000,399.193553278999,11,180033,9957.6407080959
Portsmouth,,114,0247-0015-0000,178,14,,11,178-30830,8,CamaID: 0247-0015-0000,24 HARDING RD,486149,08178-0247-0015-0000,0247-0015-0000,399.429984345826,11,180034,9971.1572042498
Portsmouth,,114,0247-0014-0000,178,14,,11,178-30829,8,CamaID: 0247-0014-0000,22 HARDING RD,486150,08178-0247-0014-0000,0247-0014-0000,399.535318279374,11,180035,9976.39435644943
Portsmouth,,114,0247-0013-0000,178,14,,11,178-30828,8,CamaID: 0247-0013-0000,20 HARDING RD,486151,08178-0247-0013-0000,0247-0013-0000,397.14106862438,11,180036,9855.83075137801
Portsmouth,,114,0247-0012-0000,178,14,,11,178-30827,8,CamaID: 0247-0012-0000,18 HARDING RD,486152,08178-0247-0012-0000,0247-0012-0000,403.475265126569,11,180037,10170.9073384356
Portsmouth,,114,0247-0011-0000,178,14,,11,178-30826,8,CamaID: 0247-0011-0000,16 HARDING RD,486153,08178-0247-0011-0000,0247-0011-0000,402.085872820635,11,180038,10102.2920469992
Portsmouth,,114,0247-0010-0000,178,14,,11,178-30825,8,CamaID: 0247-0010-0000,14 HARDING RD,486154,08178-0247-0010-0000,0247-0010-0000,404.032381861336,11,180039,10200.0219391695
Portsmouth,,114,0247-0009-0000,178,14,,11,178-30824,8,CamaID: 0247-0009-0000,12 HARDING RD,486155,08178-0247-0009-0000,0247-0009-0000,403.846587361268,11,180040,10190.514679291
Portsmouth,,114,0247-0041-0000,178,14,,11,178-30856,8,CamaID: 0247-0041-0000,9 HARDING RD,486156,08178-0247-0041-0000,0247-0041-0000,749.295335866766,11,180041,32004.7049385493
Portsmouth,,114,0247-0040-0000,178,14,,11,178-30855,8,CamaID: 0247-0040-0000,13 HARDING RD,486157,08178-0247-0040-0000,0247-0040-0000,412.882791937959,11,180042,10552.3899119348
Portsmouth,,114,0247-0039-0000,178,14,,11,178-30854,8,CamaID: 0247-0039-0000,15 HARDING RD,486158,08178-0247-0039-0000,0247-0039-0000,422.112775691073,11,180043,11062.8874950413
Portsmouth,,132,0258-0050-0000,178,28,,11,178-31230,8,CamaID: 0258-0050-0000,40 DODGE AVE,486159,08178-0258-0050-0000,0258-0050-0000,500.904467228029,11,180044,15569.5956948675
Portsmouth,,132,0258-0056-0000,178,28,,11,178-51765,8,CamaID: 0258-0056-0000,38 DODGE AVE,486160,08178-0258-0056-0000,0258-0056-0000,660.581580251539,11,180045,21072.6742328045
Portsmouth,,132,0258-0049-0000,178,28,,11,178-31229,8,CamaID: 0258-0049-0000,80 DODGE AVE,486161,08178-0258-0049-0000,0258-0049-0000,442.591557868215,11,180046,12130.6855052642
Portsmouth,,132,0258-0038-0000,178,28,,11,178-31218,8,CamaID: 0258-0038-0000,67 DODGE AVE,486162,08178-0258-0038-0000,0258-0038-0000,454.310374366712,11,180047,12896.0814180749
Portsmouth,,132,0258-0041-0000,178,28,,11,178-31221,8,CamaID: 0258-0041-0000,165 DODGE AVE,486163,08178-0258-0041-0000,0258-0041-0000,594.056908291287,11,180048,21604.9583169976
Portsmouth,,133,0224-0007-0000,178,29,,11,178-29973,8,CamaID: 0224-0007-0000,1187 SAGAMORE AVE,486164,08178-0224-0007-0000,0224-0007-0000,577.986970279267,11,180049,19120.9027036421
Portsmouth,,113,0224-0010-0024,178,13,,11,178-35431,8,CamaID: 0224-0010-0024,236 GOSPORT RD,486165,08178-0224-0010-0024,0224-0010-0024,907.807437765696,11,180050,43568.5195719336
Portsmouth,70,113,0224-0010-0010,178,13,,11,178-35427,8,CamaID: 0224-0010-0010,239 GOSPORT RD,486166,08178-0224-0010-0010,0224-0010-0010,1012.14139839503,11-70,180051,49858.8692770605
Portsmouth,70,113,0224-0010-0009,178,13,,11,178-35453,8,CamaID: 0224-0010-0009,255 GOSPORT RD,486167,08178-0224-0010-0009,0224-0010-0009,1212.97395244448,11-70,180052,63318.4841800436
Portsmouth,,302,0237-0057-0000,178,57,,57,178-30685,8,CamaID: 0237-0057-0000,201 ECHO AVE,486168,08178-0237-0057-0000,0237-0057-0000,501.849812794547,57,180053,15148.567167002
Portsmouth,,127,0237-0041-0000,178,23,,11,178-30670,8,CamaID: 0237-0041-0000,174 ECHO AVE,486169,08178-0237-0041-0000,0237-0041-0000,409.523926672601,11,180054,10201.1716261504
Portsmouth,,129,0237-0021-0000,178,25,,11,178-30651,8,CamaID: 0237-0021-0000,120 HILLCREST DR,486170,08178-0237-0021-0000,0237-0021-0000,830.09382725882,11,180055,37740.054801681
Portsmouth,,302,0238-0002-0000,178,57,,33,178-35529,8,CamaID: 0238-0002-0000,400 SPAULDING TPKE,486171,08178-0238-0002-0000,0238-0002-0000,3531.32683102172,33,180056,455196.899941035
Portsmouth,,303,0239-0013-0000,178,58,,57,178-35544,8,CamaID: 0239-0013-0000,1 GOSLING RD,486172,08178-0239-0013-0000,0239-0013-0000,2109.55331842693,57,180057,153886.422760236
Portsmouth,,307,0307-0002-0000,178,63,,44,178-37862,8,CamaID: 0307-0002-0000,12 AVIATION AVE,486173,08178-0307-0002-0000,0307-0002-0000,4640.63488700582,44,180058,767055.461791237
Portsmouth,,307,0301-0002-0000,178,63,,57,178-38383,8,CamaID: 0301-0002-0000,AIRLINE AVE,486174,08178-0301-0002-0000,0301-0002-0000,952.726563425667,57,180059,55248.7706027357
Portsmouth,,307,0301-0001-0000,178,63,,57,178-38207,8,CamaID: 0301-0001-0005,36 AIRLINE AVE,486175,08178-0301-0001-0000,0301-0001-0005,1868.95774390249,57,180060,202736.399248866
Portsmouth,,129,0236-0020-0000,178,25,,11,178-30577,8,CamaID: 0236-0020-0000,83 ROCKINGHAM AVE,486176,08178-0236-0020-0000,0236-0020-0000,480.95894164971,11,180061,15087.1654081936
Portsmouth,,129,0220-0012-0000,178,25,,11,178-29424,8,CamaID: 0220-0012-0000,651 WOODBURY AVE,486177,08178-0220-0012-0000,0220-0012-0000,608.700381525002,11,180062,15489.7445070219
Portsmouth,,114,0251-0097-0000,178,14,,11,178-31143,8,CamaID: 0251-0097-0000,45 WILSON RD,486178,08178-0251-0097-0000,0251-0097-0000,650.993909463165,11,180063,25380.5312965268
Portsmouth,,133,0251-0098-0000,178,29,,11,178-31144,8,CamaID: 0251-0098-0000,40 EDGEWOOD RD,486179,08178-0251-0098-0000,0251-0098-0000,356.122907887513,11,180064,8367.95194139892
Portsmouth,,133,0251-0099-0000,178,29,,11,178-31145,8,CamaID: 0251-0099-0000,36 EDGEWOOD RD,486180,08178-0251-0099-0000,0251-0099-0000,351.927789426282,11,180065,7532.03325483959
Portsmouth,,114,0251-0094-0000,178,14,,11,178-31140,8,CamaID: 0251-0094-0000,39 WILSON RD,486181,08178-0251-0094-0000,0251-0094-0000,531.281879563947,11,180066,15442.9647121205
Portsmouth,,114,0251-0007-0000,178,14,,11,178-31053,8,CamaID: 0251-0007-0000,87 GRANT AVE,486182,08178-0251-0007-0000,0251-0007-0000,1325.56901224595,11,180067,79003.239610913
Portsmouth,,114,0251-0093-0000,178,14,,11,178-31139,8,CamaID: 0251-0093-0000,37 WILSON RD,486183,08178-0251-0093-0000,0251-0093-0000,560.594122392109,11,180068,17074.9561886966
Portsmouth,,114,0251-0092-0000,178,14,,11,178-31138,8,CamaID: 0251-0092-0000,35 WILSON RD,486184,08178-0251-0092-0000,0251-0092-0000,609.804114832224,11,180069,19047.9234710268
Portsmouth,,114,0251-0052-0000,178,14,,11,178-31098,8,CamaID: 0251-0052-0000,43 TAFT RD,486185,08178-0251-0052-0000,0251-0052-0000,474.32017695771,11,180070,13107.5558283184
Portsmouth,,114,0251-0042-0000,178,14,,11,178-31088,8,CamaID: 0251-0042-0000,179 GRANT AVE,486186,08178-0251-0042-0000,0251-0042-0000,506.376622330081,11,180071,15233.7778346271
Portsmouth,,114,0251-0040-0000,178,14,,11,178-31086,8,CamaID: 0251-0040-0000,165 GRANT AVE,486187,08178-0251-0040-0000,0251-0040-0000,486.495026351532,11,180072,13812.763487662
Portsmouth,,125,0232-0010-0000,178,22,,11,178-30163,8,CamaID: 0232-0010-0000,94 LOIS ST,486188,08178-0232-0010-0000,0232-0010-0000,765.283208650972,11,180073,15571.3436249015
Portsmouth,70,131,0158-0003-0000,178,27,,11,178-34885,8,CamaID: 0158-0003-0000,152 CLINTON ST,486189,08178-0158-0003-0000,0158-0003-0000,603.04747684408,11-70,180074,19136.3051683221
Portsmouth,70,131,0158-0002-0000,178,27,,11,178-34884,8,CamaID: 0158-0002-0000,191 STARK ST,486190,08178-0158-0002-0000,0158-0002-0000,649.004404171853,11-70,180075,21546.6808931915
Portsmouth,,131,0159-0047-0000,178,27,,11,178-34942,8,CamaID: 0159-0047-0000,6 PINE ST,486191,08178-0159-0047-0000,0159-0047-0000,338.937327791605,11,180076,6538.8879993918
Portsmouth,,131,0159-0044-0000,178,27,,11,178-34939,8,CamaID: 0159-0044-0000,173 STARK ST,486192,08178-0159-0044-0000,0159-0044-0000,388.863395353737,11,180077,7274.88413889736
Portsmouth,,131,0159-0048-0000,178,27,,11,178-34943,8,CamaID: 0159-0048-0000,102 STARK ST,486193,08178-0159-0048-0000,0159-0048-0000,318.41296908202,11,180078,6194.08284002521
Portsmouth,,133,0224-0016-0000,178,29,,11,178-29980,8,CamaID: 0224-0016-0000,1167 SAGAMORE AVE,486194,08178-0224-0016-0000,0224-0016-0000,651.947708552919,11,180079,26461.4602318705
Portsmouth,,219,0224-0017-0000,178,48,,14,178-53126,8,CamaID: 0224-0017-0010,1163 SAGAMORE AVE LOT #65,486195,08178-0224-0017-0000,0224-0017-0010,2558.6398803549,14,180080,145365.539621314
Portsmouth,,111,0223-0005-0000,178,11,,11,178-29818,8,CamaID: 0223-0005-0000,44 CLIFF RD,486196,08178-0223-0005-0000,0223-0005-0000,437.806804552046,11,180081,11805.4213274402
Portsmouth,,304,0229-0007-0000,178,59,,13,178-30068,8,CamaID: 0229-0007-0000,LAFAYETTE RD,486197,08178-0229-0007-0000,0229-0007-0000,5291.16985509732,13,180082,652618.792299361
Portsmouth,,112,0228-0001-0000,178,12,,27,178-35457,8,CamaID: 0228-0001-0000,JONES AVE,486198,08178-0228-0001-0000,0228-0001-0000,8139.66528905894,27,180083,2887868.15456092
Portsmouth,,112,0228-0002-0000,178,12,,11,178-30060,8,CamaID: 0228-0002-0000,440 JONES AVE,486199,08178-0228-0002-0000,0228-0002-0000,1196.13026594923,11,180084,84807.654287905
Portsmouth,,112,0228-0003-0000,178,12,,11,178-30061,8,CamaID: 0228-0003-0000,436 JONES AVE,486200,08178-0228-0003-0000,0228-0003-0000,1734.78742823288,11,180085,151514.440850712
Portsmouth,,112,0222-0075-0000,178,12,,11,178-29665,8,CamaID: 0222-0075-0000,441 JONES AVE,486201,08178-0222-0075-0000,0222-0075-0000,675.85618831182,11,180086,28450.5136892093
Portsmouth,,112,0222-0074-0000,178,12,,11,178-29664,8,CamaID: 0222-0074-0000,409 JONES AVE,486202,08178-0222-0074-0000,0222-0074-0000,609.949776247704,11,180087,23626.2470257389
Portsmouth,,112,0228-0004-0000,178,12,,11,178-30062,8,CamaID: 0228-0004-0000,400 JONES AVE,486203,08178-0228-0004-0000,0228-0004-0000,633.568402669088,11,180088,22028.621265772
Portsmouth,,112,0228-0005-0000,178,12,,11,178-30063,8,CamaID: 0228-0005-0000,334 JONES AVE,486204,08178-0228-0005-0000,0228-0005-0000,1118.24297066175,11,180089,63087.5179694676
Portsmouth,,112,0228-0006-0001,178,12,,11,178-37659,8,CamaID: 0228-0006-0001,332 JONES AVE,486205,08178-0228-0006-0001,0228-0006-0001,2578.68903475311,11,180090,200381.381183805
Portsmouth,,111,0202-0014-0000,178,11,,11,178-35304,8,CamaID: 0202-0014-0000,25 MARTINE COTTAGE RD,486206,08178-0202-0014-0000,0202-0014-0000,1924.03278828962,11,180091,225271.437343087
Portsmouth,,112,0222-0063-0000,178,12,,22,178-29656,8,CamaID: 0222-0063-0000,VERSAILLES AVE,486207,08178-0222-0063-0000,0222-0063-0000,392.272450137904,22,180092,9390.66367341112
Portsmouth,,304,0230-0024-0000,178,59,,57,178-35468,8,CamaID: 0230-0024-0000,65 ANDREW JARVIS DR,486208,08178-0230-0024-0000,0230-0024-0000,1716.0883742983,57,180093,165467.583130866
Portsmouth,,112,0223-0032-0000,178,12,,22,178-29841,8,CamaID: 0223-0032-0000,SAGAMORE AVE,486209,08178-0223-0032-0000,0223-0032-0000,393.90811193672,22,180094,4283.80086931946
Portsmouth,,112,0222-0024-0000,178,12,,11,178-29619,8,CamaID: 0222-0024-0000,493 SAGAMORE AVE,486210,08178-0222-0024-0000,0222-0024-0000,488.81763214104,11,180095,14078.7854254931
Portsmouth,,121,0260-0003-0000,178,20,,11,178-31258,8,CamaID: 0260-0003-0000,150 SHERBURNE RD,486211,08178-0260-0003-0000,0260-0003-0000,573.185744056438,11,180096,19273.2094999797
Portsmouth,,121,0260-0006-0000,178,20,,11,178-31261,8,CamaID: 0260-0006-0000,180 SHERBURNE RD,486212,08178-0260-0006-0000,0260-0006-0000,424.595921975199,11,180097,10308.7727927029
Portsmouth,,121,0260-0168-0000,178,20,,11,178-31421,8,CamaID: 0260-0168-0000,153 SHERBURNE RD,486213,08178-0260-0168-0000,0260-0168-0000,600.026763400724,11,180098,22179.9559895383
Portsmouth,,121,0260-0167-0000,178,20,,11,178-31420,8,CamaID: 0260-0167-0000,179 SHERBURNE RD,486214,08178-0260-0167-0000,0260-0167-0000,676.182668309269,11,180099,28159.4745149465
Portsmouth,,129,0234-0040-0000,178,25,,11,178-30543,8,CamaID: 0234-0040-0000,11 LARRY LN,486215,08178-0234-0040-0000,0234-0040-0000,345.279451391685,11,180100,7166.63731150712
Portsmouth,,129,0234-0039-0000,178,25,,11,178-30542,8,CamaID: 0234-0039-0000,7 LARRY LN,486216,08178-0234-0039-0000,0234-0039-0000,343.318767815402,11,180101,7083.17978692727
Portsmouth,,129,0234-0038-0000,178,25,,11,178-30541,8,CamaID: 0234-0038-0000,3 LARRY LN,486217,08178-0234-0038-0000,0234-0038-0000,344.587978999344,11,180102,7165.03116193887
Portsmouth,,123,0234-0048-0000,178,21,,22,178-30551,8,CamaID: 0234-0048-0000,COAKLEY RD,486218,08178-0234-0048-0000,0234-0048-0000,340.628315706799,22,180103,7025.5086599363
Portsmouth,,129,0234-0047-0000,178,25,,11,178-30550,8,CamaID: 0234-0047-0000,51 COAKLEY RD,486219,08178-0234-0047-0000,0234-0047-0000,335.67800780118,11,180104,6811.35472587902
Portsmouth,,129,0234-0046-0000,178,25,,11,178-30549,8,CamaID: 0234-0046-0000,47 COAKLEY RD,486220,08178-0234-0046-0000,0234-0046-0000,335.916670429565,11,180105,6854.38675438446
Portsmouth,,129,0234-0007-005A,178,25,,11,178-30554,8,CamaID: 0234-0007-005A,90 COAKLEY RD,486221,08178-0234-0007-005A,0234-0007-005A,661.620046811091,11,180106,24505.5575973415
Portsmouth,,129,0234-0007-005B,178,25,,11,178-30555,8,CamaID: 0234-0007-005B,92 COAKLEY RD,486222,08178-0234-0007-005B,0234-0007-005B,637.244411387156,11,180107,22682.6926951364
Portsmouth,,302,0175-0005-0000,178,57,,23,178-35285,8,CamaID: 0175-0005-0000,304 WOODBURY AVE,486223,08178-0175-0005-0000,0175-0005-0000,308.847555814386,23,180108,5467.08197272764
Portsmouth,,129,0174-0019-0000,178,25,,11,178-35279,8,CamaID: 0174-0019-0000,31 COTTAGE ST,486224,08178-0174-0019-0000,0174-0019-0000,315.438997999419,11,180109,5407.2126592383
Portsmouth,,302,0172-0006-0000,178,57,,33,178-37650,8,CamaID: 0172-0006-0000,959 ISLINGTON ST,486225,08178-0172-0006-0000,0172-0006-0000,800.51445838022,33,180110,22461.1473867183
Portsmouth,,302,0172-0005-0000,178,57,,57,178-37649,8,CamaID: 0172-0005-0000,973 ISLINGTON ST,486226,08178-0172-0005-0000,0172-0005-0000,507.669122618995,57,180111,14092.0729517821
Portsmouth,,104,0170-0005-0000,178,6,,11,178-35228,8,CamaID: 0170-0005-0000,55 FIELDS RD,486227,08178-0170-0005-0000,0170-0005-0000,351.101846358201,11,180112,7544.51994821047
Portsmouth,,104,0167-0013-0000,178,6,,11,178-35194,8,CamaID: 0167-0013-0000,198 THAXTER RD,486228,08178-0167-0013-0000,0167-0013-0000,381.678656883364,11,180113,9077.26507438622
Portsmouth,,104,0166-0037-0000,178,6,,11,178-35170,8,CamaID: 0166-0037-0000,26 THAXTER RD,486229,08178-0166-0037-0000,0166-0037-0000,317.742731727099,11,180114,5922.23002803251
Portsmouth,,104,0166-0036-0000,178,6,,11,178-35169,8,CamaID: 0166-0036-0000,38 THAXTER RD,486230,08178-0166-0036-0000,0166-0036-0000,347.81008352076,11,180115,7414.39610699273
Portsmouth,,104,0152-0018-0000,178,6,,11,178-34763,8,CamaID: 0152-0018-0000,105 MIDDLE RD,486231,08178-0152-0018-0000,0152-0018-0000,338.680740266316,11,180116,5976.2021131329
Portsmouth,,104,0152-0032-0000,178,6,,11,178-34776,8,CamaID: 0152-0032-0000,292 THAXTER RD,486232,08178-0152-0032-0000,0152-0032-0000,331.771340529736,11,180117,5825.22947815521
Portsmouth,,104,0152-0031-0000,178,6,,11,178-34775,8,CamaID: 0152-0031-0000,320 THAXTER RD,486233,08178-0152-0031-0000,0152-0031-0000,350.842574576285,11,180118,6916.60970685171
Portsmouth,,104,0152-0030-0000,178,6,,11,178-34774,8,CamaID: 0152-0030-0000,336 THAXTER RD,486234,08178-0152-0030-0000,0152-0030-0000,480.282175723304,11,180119,14391.9325621951
Portsmouth,,104,0152-0028-0000,178,6,,12,178-34772,8,CamaID: 0152-0028-0000,61 LAWRENCE ST,486235,08178-0152-0028-0000,0152-0028-0000,369.599448198645,12,180120,8493.89776795587
Portsmouth,,104,0152-0025-0000,178,6,,11,178-34770,8,CamaID: 0152-0025-0000,28 KENSINGTON RD,486236,08178-0152-0025-0000,0152-0025-0000,304.875592810727,11,180121,5689.96713798373
Portsmouth,,104,0152-0024-0000,178,6,,11,178-34769,8,CamaID: 0152-0024-0000,58 KENSINGTON RD,486237,08178-0152-0024-0000,0152-0024-0000,312.022935143868,11,180122,6084.10364547076
Portsmouth,,104,0152-0023-0000,178,6,,11,178-34768,8,CamaID: 0152-0023-0000,70 KENSINGTON RD,486238,08178-0152-0023-0000,0152-0023-0000,310.843325966824,11,180123,6038.58857365725
Portsmouth,,104,0152-0016-0000,178,6,,11,178-34761,8,CamaID: 0152-0016-0000,59 KENSINGTON RD,486239,08178-0152-0016-0000,0152-0016-0000,299.053126098406,11,180124,4935.3206930274
Portsmouth,70,101,0101-0018-0000,178,2,,11,178-32814,8,CamaID: 0101-0018-0000,30 WALDEN ST,486240,08178-0101-0018-0000,0101-0018-0000,458.123917111821,11-70,180125,12215.3518658761
Portsmouth,,101,0101-0011-0000,178,2,,12,178-32807,8,CamaID: 0101-0011-0000,491 MARCY ST,486241,08178-0101-0011-0000,0101-0011-0000,237.958306285134,12,180126,2973.75561309536
Portsmouth,,101,0101-0058-0000,178,2,,11,178-32852,8,CamaID: 0101-0058-0000,490 MARCY ST,486242,08178-0101-0058-0000,0101-0058-0000,527.519962815783,11,180127,16853.7733726889
Portsmouth,73,101,0101-0012-0000,178,2,,11,178-32808,8,CamaID: 0101-0012-0000,33 HOLMES CT,486243,08178-0101-0012-0000,0101-0012-0000,344.532363868685,11-73,180128,4247.84267541426
Portsmouth,,112,0221-0003-0000,178,12,,11,178-29512,8,CamaID: 0221-0003-0000,310 JONES AVE,486244,08178-0221-0003-0000,0221-0003-0000,1164.89854580196,11,180129,34555.9813346947
Portsmouth,,103A,0221-0078-0000,178,4,,11,178-29586,8,CamaID: 0221-0078-0000,150 PINEHURST RD,486245,08178-0221-0078-0000,0221-0078-0000,430.024997503507,11,180130,11509.0704792048
Portsmouth,,103B,0221-0049-0000,178,5,,11,178-29557,8,CamaID: 0221-0049-0000,563 BROAD ST,486246,08178-0221-0049-0000,0221-0049-0000,327.862773002834,11,180131,6215.49969274037
Portsmouth,,103A,0221-0079-0000,178,4,,11,178-29587,8,CamaID: 0221-0079-0000,140 PINEHURST RD,486247,08178-0221-0079-0000,0221-0079-0000,465.290353555566,11,180132,13268.6751058099
Portsmouth,,103A,0221-0077-0000,178,4,,11,178-29585,8,CamaID: 0221-0077-0000,155 PINEHURST RD,486248,08178-0221-0077-0000,0221-0077-0000,899.935184155435,11,180133,25554.9142033167
Portsmouth,,103B,0221-0019-0000,178,5,,11,178-29527,8,CamaID: 0221-0019-0000,219 SAGAMORE AVE,486249,08178-0221-0019-0000,0221-0019-0000,326.789815999061,11,180134,6044.00643105572
Portsmouth,,103A,0221-0080-0000,178,4,,11,178-29588,8,CamaID: 0221-0080-0000,124 PINEHURST RD,486250,08178-0221-0080-0000,0221-0080-0000,516.466070925769,11,180135,15804.4865292303
Portsmouth,,103A,0221-0081-0000,178,4,,11,178-29589,8,CamaID: 0221-0081-0000,100 PINEHURST RD,486251,08178-0221-0081-0000,0221-0081-0000,565.356475591584,11,180136,18203.3451397823
Portsmouth,,103A,0221-0075-0000,178,4,,11,178-29583,8,CamaID: 0221-0075-0000,115 PINEHURST RD,486252,08178-0221-0075-0000,0221-0075-0000,516.441564822038,11,180137,14835.8526542469
Portsmouth,,103A,0221-0082-0000,178,4,,57,178-29590,8,CamaID: 0221-0082-0000,84 PINEHURST RD,486253,08178-0221-0082-0000,0221-0082-0000,564.293632204963,57,180138,14870.0100492022
Portsmouth,,103A,0221-0074-0000,178,4,,11,178-29582,8,CamaID: 0221-0074-0000,97 PINEHURST RD,486254,08178-0221-0074-0000,0221-0074-0000,367.990557254487,11,180139,8444.37315258006
Portsmouth,,103A,0221-0073-0000,178,4,,11,178-29581,8,CamaID: 0221-0073-0000,85 PINEHURST RD,486255,08178-0221-0073-0000,0221-0073-0000,358.179352511746,11,180140,7978.91703976649
Portsmouth,,102,0101-0031-0000,178,3,,11,178-32827,8,CamaID: 0101-0031-0000,70 NEW CASTLE AVE,486256,08178-0101-0031-0000,0101-0031-0000,391.514939131063,11,180141,9570.19446096994
Portsmouth,,102,0101-0030-0000,178,3,,11,178-32826,8,CamaID: 0101-0030-0000,88 NEW CASTLE AVE,486257,08178-0101-0030-0000,0101-0030-0000,320.171106632383,11,180142,5381.00308361821
Portsmouth,,102,0102-0046-0000,178,3,,11,178-32920,8,CamaID: 0102-0046-0000,91 SOUTH ST,486258,08178-0102-0046-0000,0102-0046-0000,304.09912882576,11,180143,5023.70745407482
Portsmouth,,132,0259-0024-0000,178,28,,11,178-31249,8,CamaID: 0259-0024-0000,47 HARVARD ST,486259,08178-0259-0024-0000,0259-0024-0000,568.224114008255,11,180144,14780.4464870369
Portsmouth,,104,0152-0015-0000,178,6,,11,178-34760,8,CamaID: 0152-0015-0000,51 KENSINGTON RD,486260,08178-0152-0015-0000,0152-0015-0000,299.699159423216,11,180145,4989.94822936694
Portsmouth,,104,0152-0011-0000,178,6,,11,178-34756,8,CamaID: 0152-0011-0000,45 MIDDLE RD,486261,08178-0152-0011-0000,0152-0011-0000,312.388767984478,11,180146,5321.96071170153
Portsmouth,,206,0152-0010-0000,178,36,,14,178-51144,8,CamaID: 0152-0010-0002,69 MIDDLE RD #2,486262,08178-0152-0010-0000,0152-0010-0002,417.813436104189,14,180147,10878.6863127041
Portsmouth,,103B,0150-0037-0000,178,5,,11,178-34704,8,CamaID: 0150-0037-0000,110 ASH ST,486263,08178-0150-0037-0000,0150-0037-0000,322.022562404914,11,180148,5296.22091225487
Portsmouth,,103B,0150-0038-0000,178,5,,11,178-34705,8,CamaID: 0150-0038-0000,100 ASH ST,486264,08178-0150-0038-0000,0150-0038-0000,409.709634310075,11,180149,9205.17687310741
Portsmouth,,103B,0150-0039-0000,178,5,,12,178-34706,8,CamaID: 0150-0039-0000,88 ASH ST,486265,08178-0150-0039-0000,0150-0039-0000,349.114682298582,12,180150,7054.70549917266
Portsmouth,,104,0153-0014-0000,178,6,,11,178-34810,8,CamaID: 0153-0014-0000,74 SUNSET RD,486266,08178-0153-0014-0000,0153-0014-0000,384.028195848192,11,180151,8935.76197831422
Portsmouth,,104,0153-0013-0000,178,6,,11,178-34809,8,CamaID: 0153-0013-0000,50 SUNSET RD,486267,08178-0153-0013-0000,0153-0013-0000,392.5328131702,11,180152,9246.52683577623
Portsmouth,,104,0153-0012-0000,178,6,,11,178-34808,8,CamaID: 0153-0012-0000,40 SUNSET RD,486268,08178-0153-0012-0000,0153-0012-0000,352.404646847753,11,180153,7647.23162237465
Portsmouth,,104,0153-0011-0000,178,6,,11,178-34807,8,CamaID: 0153-0011-0000,28 SUNSET RD,486269,08178-0153-0011-0000,0153-0011-0000,364.055827148801,11,180154,8106.05914079899
Portsmouth,,104,0152-0041-0000,178,6,,11,178-34785,8,CamaID: 0152-0041-0000,341 THAXTER RD,486270,08178-0152-0041-0000,0152-0041-0000,303.248701650797,11,180155,4914.02599391764
Portsmouth,,104,0152-0040-0000,178,6,,11,178-34784,8,CamaID: 0152-0040-0000,335 THAXTER RD,486271,08178-0152-0040-0000,0152-0040-0000,305.531784240806,11,180156,5090.03489821624
Portsmouth,,104,0152-0039-0000,178,6,,11,178-34783,8,CamaID: 0152-0039-0000,325 THAXTER RD,486272,08178-0152-0039-0000,0152-0039-0000,369.446430392131,11,180157,6538.83125568564
Portsmouth,,104,0152-0038-0000,178,6,,11,178-34782,8,CamaID: 0152-0038-0000,317 THAXTER RD,486273,08178-0152-0038-0000,0152-0038-0000,370.119658160208,11,180158,6774.56929999777
Portsmouth,,105,0165-0010-0000,178,7,,11,178-35132,8,CamaID: 0165-0010-0000,725 ISLINGTON ST,486274,08178-0165-0010-0000,0165-0010-0000,237.399755237872,11,180159,3428.03780103375
Portsmouth,,104,0153-0042-0000,178,6,,11,178-34837,8,CamaID: 0153-0042-0000,31 ALDRICH CT,486275,08178-0153-0042-0000,0153-0042-0000,237.011912770989,11,180160,3134.25610969896
Portsmouth,,104,0153-0043-0000,178,6,,11,178-34838,8,CamaID: 0153-0043-0000,25 ALDRICH CT,486276,08178-0153-0043-0000,0153-0043-0000,263.841660948518,11,180161,4212.77627789292
Portsmouth,,104,0166-0048-0000,178,6,,11,178-35181,8,CamaID: 0166-0048-0000,312 ALDRICH RD,486277,08178-0166-0048-0000,0166-0048-0000,293.038826644805,11,180162,4599.49000537503
Portsmouth,,104,0166-0047-0000,178,6,,11,178-35180,8,CamaID: 0166-0047-0000,306 ALDRICH RD,486278,08178-0166-0047-0000,0166-0047-0000,293.224855481859,11,180163,4616.87796181588
Portsmouth,,104,0166-0046-0000,178,6,,11,178-35179,8,CamaID: 0166-0046-0000,296 ALDRICH RD,486279,08178-0166-0046-0000,0166-0046-0000,292.613456414622,11,180164,4594.76429562529
Portsmouth,,104,0153-0021-0000,178,6,,12,178-34817,8,CamaID: 0153-0021-0000,170 ALDRICH RD,486280,08178-0153-0021-0000,0153-0021-0000,426.028092282013,12,180165,11140.7879001821
Portsmouth,,104,0153-0020-0000,178,6,,11,178-34816,8,CamaID: 0153-0020-0000,25 BOSS AVE,486281,08178-0153-0020-0000,0153-0020-0000,319.187699116671,11,180166,5940.90304272306
Portsmouth,,104,0153-0018-0000,178,6,,11,178-34814,8,CamaID: 0153-0018-0000,29 SUNSET RD,486282,08178-0153-0018-0000,0153-0018-0000,341.189861251196,11,180167,7184.36203503348
Portsmouth,,104,0153-0017-0000,178,6,,11,178-34813,8,CamaID: 0153-0017-0000,39 SUNSET RD,486283,08178-0153-0017-0000,0153-0017-0000,342.199525975917,11,180168,7192.50142104582
Portsmouth,,104,0153-0015-0000,178,6,,11,178-34811,8,CamaID: 0153-0015-0000,69 SUNSET RD,486284,08178-0153-0015-0000,0153-0015-0000,356.373410620891,11,180169,7724.92889839574
Portsmouth,,104,0166-0016-0000,178,6,,11,178-35150,8,CamaID: 0166-0016-0000,145 THAXTER RD,486285,08178-0166-0016-0000,0166-0016-0000,399.553091035763,11,180170,9974.21791750757
Portsmouth,,104,0153-0005-0000,178,6,,11,178-34802,8,CamaID: 0153-0005-0000,32 BOSS AVE,486286,08178-0153-0005-0000,0153-0005-0000,728.810288643106,11,180171,28029.2183984134
Portsmouth,,104,0153-0006-0000,178,6,,11,178-34803,8,CamaID: 0153-0006-0000,34 BOSS AVE,486287,08178-0153-0006-0000,0153-0006-0000,608.182160661778,11,180172,19147.0074797308
Portsmouth,,104,0153-0007-0000,178,6,,11,178-34804,8,CamaID: 0153-0007-0000,36 BOSS AVE,486288,08178-0153-0007-0000,0153-0007-0000,414.075866968026,11,180173,10621.0435443691
Portsmouth,,103B,0150-0022-0000,178,5,,11,178-34690,8,CamaID: 0150-0022-0000,1093 SOUTH ST,486289,08178-0150-0022-0000,0150-0022-0000,413.408628636316,11,180174,9725.47722428844
Portsmouth,,103B,0150-0023-0000,178,5,,11,178-34691,8,CamaID: 0150-0023-0000,1061 SOUTH ST,486290,08178-0150-0023-0000,0150-0023-0000,397.301751105313,11,180175,9876.56484149771
Portsmouth,,103B,0150-0036-0000,178,5,,11,178-34703,8,CamaID: 0150-0036-0000,117 ASH ST,486291,08178-0150-0036-0000,0150-0036-0000,325.262374896438,11,180176,6310.08541398489
Portsmouth,,103B,0150-0035-0000,178,5,,11,178-34702,8,CamaID: 0150-0035-0000,109 ASH ST,486292,08178-0150-0035-0000,0150-0035-0000,313.779225130036,11,180177,5496.38448804608
Portsmouth,,103B,0150-0034-0000,178,5,,11,178-34701,8,CamaID: 0150-0034-0000,97 ASH ST,486293,08178-0150-0034-0000,0150-0034-0000,366.592902268849,11,180178,8153.85001514803
Portsmouth,,103B,0150-0033-0000,178,5,,11,178-34700,8,CamaID: 0150-0033-0000,87 ASH ST,486294,08178-0150-0033-0000,0150-0033-0000,324.980290005648,11,180179,5855.82333404185
Portsmouth,,103B,0150-0031-0000,178,5,,11,178-34698,8,CamaID: 0150-0031-0000,92 WILLARD AVE,486295,08178-0150-0031-0000,0150-0031-0000,409.403377732475,11,180180,10381.3563574385
Portsmouth,,103B,0150-0030-0000,178,5,,11,178-34697,8,CamaID: 0150-0030-0000,82 WILLARD AVE,486296,08178-0150-0030-0000,0150-0030-0000,303.688926364781,11,180181,5084.32729663533
Portsmouth,,103B,0150-0029-0000,178,5,,11,178-34696,8,CamaID: 0150-0029-0000,72 WILLARD AVE,486297,08178-0150-0029-0000,0150-0029-0000,302.704806773587,11,180182,5052.0573936396
Portsmouth,,103B,0150-0028-0000,178,5,,11,178-34695,8,CamaID: 0150-0028-0000,36 MARSTON AVE,486298,08178-0150-0028-0000,0150-0028-0000,421.492089668541,11,180183,8958.28771228077
Portsmouth,,206,0150-0027-0000,178,36,,14,178-34714,8,CamaID: 0150-0027-000A,56 MARSTON AVE #A,486299,08178-0150-0027-0000,0150-0027-000A,575.304774266564,14,180184,17335.5044354187
Portsmouth,,103B,0150-0024-0000,178,5,,11,178-34692,8,CamaID: 0150-0024-0000,1051 SOUTH ST,486300,08178-0150-0024-0000,0150-0024-0000,551.416438113397,11,180185,15521.8867310122
Portsmouth,,103B,0150-0026-0000,178,5,,11,178-34694,8,CamaID: 0150-0026-0000,66 MARSTON AVE,486301,08178-0150-0026-0000,0150-0026-0000,253.99909109737,11,180186,3988.37775769278
Portsmouth,,204,0150-0006-0000,178,34,,14,178-38568,8,CamaID: 0150-0006-0001,1003 SOUTH ST #1,486302,08178-0150-0006-0000,0150-0006-0001,514.818332059656,14,180187,16135.8547973801
Portsmouth,,103B,0150-0005-0000,178,5,,11,178-34674,8,CamaID: 0150-0005-0000,57 MARSTON AVE,486303,08178-0150-0005-0000,0150-0005-0000,357.430396859009,11,180188,6796.7937009791
Portsmouth,,103B,0150-0004-0000,178,5,,11,178-34673,8,CamaID: 0150-0004-0000,45 MARSTON AVE,486304,08178-0150-0004-0000,0150-0004-0000,433.965267944105,11,180189,11434.6059886526
Portsmouth,,103B,0150-0003-0000,178,5,,11,178-34672,8,CamaID: 0150-0003-0000,23 MARSTON AVE,486305,08178-0150-0003-0000,0150-0003-0000,364.784169555627,11,180190,7129.08805508237
Portsmouth,,103B,0150-0001-0000,178,5,,11,178-34670,8,CamaID: 0150-0001-0000,38 WILLARD AVE,486306,08178-0150-0001-0000,0150-0001-0000,321.847187829323,11,180191,6103.44337934142
Portsmouth,,103B,0132-0008-0000,178,5,,11,178-33871,8,CamaID: 0132-0008-0000,352 WIBIRD ST,486307,08178-0132-0008-0000,0132-0008-0000,391.695761976185,11,180192,7237.3170828052
Portsmouth,,103B,0132-0010-0000,178,5,,11,178-33873,8,CamaID: 0132-0010-0000,12 WILLARD AVE,486308,08178-0132-0010-0000,0132-0010-0000,320.572988094187,11,180193,6383.7321997627
Portsmouth,,103B,0132-0009-0000,178,5,,11,178-33872,8,CamaID: 0132-0009-0000,10 WILLARD AVE,486309,08178-0132-0009-0000,0132-0009-0000,328.360037279223,11,180194,6625.99695417105
Portsmouth,,103B,0132-0007-0000,178,5,,11,178-33870,8,CamaID: 0132-0007-0000,360 WIBIRD ST,486310,08178-0132-0007-0000,0132-0007-0000,392.65609599467,11,180195,7332.82707729338
Portsmouth,,103B,0132-0006-0000,178,5,,11,178-33869,8,CamaID: 0132-0006-0000,372 WIBIRD ST,486311,08178-0132-0006-0000,0132-0006-0000,391.500473768293,11,180196,7276.53188241331
Portsmouth,,103B,0132-0005-0000,178,5,,11,178-33868,8,CamaID: 0132-0005-0000,392 WIBIRD ST,486312,08178-0132-0005-0000,0132-0005-0000,479.649371329728,11,180197,12888.8368969074
Portsmouth,,103B,0132-0004-0000,178,5,,11,178-33867,8,CamaID: 0132-0004-0000,983 SOUTH ST,486313,08178-0132-0004-0000,0132-0004-0000,452.099208869054,11,180198,8264.25766280726
Portsmouth,,103B,0149-0018-0000,178,5,,11,178-34621,8,CamaID: 0149-0018-0000,99 WILLARD AVE,486314,08178-0149-0018-0000,0149-0018-0000,327.276656242514,11,180199,5667.74513631426
Portsmouth,,103B,0149-0019-0000,178,5,,11,178-34622,8,CamaID: 0149-0019-0000,83 WILLARD AVE,486315,08178-0149-0019-0000,0149-0019-0000,383.290031359163,11,180200,8732.84532499794
Portsmouth,,103B,0149-0022-0000,178,5,,11,178-34625,8,CamaID: 0149-0022-0000,45 WILLARD AVE,486316,08178-0149-0022-0000,0149-0022-0000,308.748806392687,11,180201,5768.02928937174
Portsmouth,,103B,0149-0023-0000,178,5,,11,178-34626,8,CamaID: 0149-0023-0000,23 WILLARD AVE,486317,08178-0149-0023-0000,0149-0023-0000,444.127611909346,11,180202,10474.5535969668
Portsmouth,,103B,0149-0025-0000,178,5,,12,178-34628,8,CamaID: 0149-0025-0000,292 WIBIRD ST,486318,08178-0149-0025-0000,0149-0025-0000,392.461581647491,12,180203,7293.1118051745
Portsmouth,,103B,0132-0016-0000,178,5,,12,178-33879,8,CamaID: 0132-0016-0000,349 WIBIRD ST,486319,08178-0132-0016-0000,0132-0016-0000,307.316722306419,12,180204,4971.98529022394
Portsmouth,,103B,0132-0017-0000,178,5,,11,178-33880,8,CamaID: 0132-0017-0000,369 WIBIRD ST,486320,08178-0132-0017-0000,0132-0017-0000,276.955104123264,11,180205,4752.31232197964
Portsmouth,,103B,0132-0018-0000,178,5,,11,178-33881,8,CamaID: 0132-0018-0000,929 SOUTH ST,486321,08178-0132-0018-0000,0132-0018-0000,304.377946083551,11,180206,5394.84573184351
Portsmouth,,103B,0132-0015-0000,178,5,,11,178-33878,8,CamaID: 0132-0015-0000,339 WIBIRD ST,486322,08178-0132-0015-0000,0132-0015-0000,247.300946726899,11,180207,3321.91332340765
Portsmouth,,103B,0132-0014-0000,178,5,,11,178-33877,8,CamaID: 0132-0014-0000,325 WIBIRD ST,486323,08178-0132-0014-0000,0132-0014-0000,424.126999709895,11,180208,9724.44414174477
Portsmouth,,103B,0132-0013-0000,178,5,,11,178-33876,8,CamaID: 0132-0013-0000,315 WIBIRD ST,486324,08178-0132-0013-0000,0132-0013-0000,391.479234124873,11,180209,7338.32083765266
Portsmouth,,103B,0132-0012-0000,178,5,,11,178-33875,8,CamaID: 0132-0012-0000,307 WIBIRD ST,486325,08178-0132-0012-0000,0132-0012-0000,381.83482848956,11,180210,6622.84040921192
Portsmouth,,103B,0132-0011-0000,178,5,,11,178-33874,8,CamaID: 0132-0011-0000,293 WIBIRD ST,486326,08178-0132-0011-0000,0132-0011-0000,432.550964994467,11,180211,11460.3563803286
Portsmouth,,103B,0132-0020-001A,178,5,,11,178-33890,8,CamaID: 0132-0020-001A,606 UNION ST,486327,08178-0132-0020-001A,0132-0020-001A,640.341760683103,11,180212,21412.9108247025
Portsmouth,,103B,0132-0021-0000,178,5,,11,178-33882,8,CamaID: 0132-0021-0000,570 UNION ST,486328,08178-0132-0021-0000,0132-0021-0000,553.815951641273,11,180213,16749.0710133992
Portsmouth,,103B,0133-0030-0000,178,5,,11,178-33924,8,CamaID: 0133-0030-0000,20 HAWTHORNE ST,486329,08178-0133-0030-0000,0133-0030-0000,367.472729155831,11,180214,8134.21432718006
Portsmouth,,103B,0133-0031-0000,178,5,,11,178-33925,8,CamaID: 0133-0031-0000,34 HAWTHORNE ST,486330,08178-0133-0031-0000,0133-0031-0000,382.721112130441,11,180215,8242.3106146823
Portsmouth,,103B,0133-0033-0000,178,5,,11,178-33927,8,CamaID: 0133-0033-0000,255 WIBIRD ST,486331,08178-0133-0033-0000,0133-0033-0000,293.89796571446,11,180216,5274.43760394965
Portsmouth,,302,0297-0001-0000,178,57,,33,178-36008,8,CamaID: 0297-0001-0000,3660 LAFAYETTE RD,486332,08178-0297-0001-0000,0297-0001-0000,3034.49106463409,33,180217,211100.5469712
Portsmouth,,302,0286-0001-0000,178,57,,33,178-35949,8,CamaID: 0286-0001-0000,2837 LAFAYETTE RD,486333,08178-0286-0001-0000,0286-0001-0000,600.823598582693,33,180218,20047.2427273311
Portsmouth,,115,0269-0030-0000,178,15,,11,178-31657,8,CamaID: 0269-0030-0000,155 FW HARTFORD DR,486334,08178-0269-0030-0000,0269-0030-0000,780.616236999428,11,180219,25015.0240085173
Portsmouth,,115,0249-0021-0000,178,15,,60,178-30924,8,CamaID: 0249-0021-0000,FW HARTFORD DR,486335,08178-0249-0021-0000,0249-0021-0000,967.9884716137,60,180220,20715.1646702007
Portsmouth,,115,0269-0029-0000,178,15,,11,178-31656,8,CamaID: 0269-0029-0000,135 FW HARTFORD DR,486336,08178-0269-0029-0000,0269-0029-0000,806.705641140763,11,180221,30520.3969680988
Portsmouth,,115,0269-0041-0000,178,15,,11,178-31667,8,CamaID: 0269-0041-0000,130 FW HARTFORD DR,486337,08178-0269-0041-0000,0269-0041-0000,736.511964786525,11,180222,24416.4082260984
Portsmouth,,,0273-0000-0000,178,,,,,,,,486338,08178-0273-0000-0000,,231.609613726843,,180223,3168.97238179093
Portsmouth,,115,0250-0083-0000,178,15,,11,178-31012,8,CamaID: 0250-0083-0000,620 FW HARTFORD DR,486339,08178-0250-0083-0000,0250-0083-0000,560.950986277927,11,180224,19350.3616000177
Portsmouth,,114,0250-0082-0000,178,14,,11,178-31011,8,CamaID: 0250-0082-0000,58 HARDING RD,486340,08178-0250-0082-0000,0250-0082-0000,404.887397570289,11,180225,10083.9362672069
Portsmouth,,114,0268-0058-0000,178,14,,11,178-31579,8,CamaID: 0268-0058-0000,25 TAFT RD,486341,08178-0268-0058-0000,0268-0058-0000,544.940737886248,11,180226,16805.2567607707
Portsmouth,,114,0268-0060-0000,178,14,,11,178-31581,8,CamaID: 0268-0060-0000,29 TAFT RD,486342,08178-0268-0060-0000,0268-0060-0000,451.074662337174,11,180227,12064.1724970337
Portsmouth,,114,0247-0056-0000,178,14,,11,178-30871,8,CamaID: 0247-0056-0000,6 ARTHUR RD,486343,08178-0247-0056-0000,0247-0056-0000,490.997869403832,11,180228,13896.540699748
Portsmouth,,114,0247-0060-0000,178,14,,11,178-30875,8,CamaID: 0247-0060-0000,7 ARTHUR RD,486344,08178-0247-0060-0000,0247-0060-0000,566.719143476808,11,180229,16903.9995266399
Portsmouth,,110,0225-0037-0002,178,10,,11,178-30049,8,CamaID: 0225-0037-0002,30 OAKWOOD DR,486345,08178-0225-0037-0002,0225-0037-0002,1445.34157291332,11,180230,105197.078267783
Portsmouth,,133,0225-0035-0000,178,29,,11,178-30030,8,CamaID: 0225-0035-0000,1376 ELWYN RD,486346,08178-0225-0035-0000,0225-0035-0000,1172.34760377224,11,180231,76619.5653780752
Portsmouth,,302,0253-0013-0000,178,57,,33,178-35700,8,CamaID: 0253-0013-0000,990 LAFAYETTE RD,486347,08178-0253-0013-0000,0253-0013-0000,1155.11171195267,33,180232,74260.4981822396
Portsmouth,,120,0279-0006-0000,178,19,,57,178-32117,8,CamaID: 0279-0006-0000,GREENLAND RD,486348,08178-0279-0006-0000,0279-0006-0000,2352.11767979947,57,180233,198552.235232371
Portsmouth,,121,0258-0012-0000,178,20,,11,178-31193,8,CamaID: 0258-0012-0000,144 OXFORD AVE,486349,08178-0258-0012-0000,0258-0012-0000,1055.97033311976,11,180234,64944.2592253725
Portsmouth,,121,0258-0014-0000,178,20,,11,178-31195,8,CamaID: 0258-0014-0000,100 OXFORD AVE,486350,08178-0258-0014-0000,0258-0014-0000,492.829498619691,11,180235,14263.6204917839
Portsmouth,,121,0258-0010-0000,178,20,,11,178-31191,8,CamaID: 0258-0010-0000,111 OXFORD AVE,486351,08178-0258-0010-0000,0258-0010-0000,531.882552739786,11,180236,15446.6838074642
Portsmouth,,121,0258-0009-0000,178,20,,11,178-31190,8,CamaID: 0258-0009-0000,77 OXFORD AVE,486352,08178-0258-0009-0000,0258-0009-0000,547.760132149278,11,180237,16223.8566131709
Portsmouth,,121,0258-0007-0000,178,20,,11,178-31188,8,CamaID: 0258-0007-0000,65 OXFORD AVE,486353,08178-0258-0007-0000,0258-0007-0000,563.055648340498,11,180238,16551.7735866129
Portsmouth,,111,0223-0011-0000,178,11,,11,178-29824,8,CamaID: 0223-0011-0000,45 CLIFF RD,486354,08178-0223-0011-0000,0223-0011-0000,488.758765813256,11,180239,14849.1509835868
Portsmouth,,111,0223-0010-0000,178,11,,11,178-29823,8,CamaID: 0223-0010-0000,71 CLIFF RD,486355,08178-0223-0010-0000,0223-0010-0000,473.839853197621,11,180240,13755.2311344534
Portsmouth,,111,0223-0007-0000,178,11,,22,178-29820,8,CamaID: 0223-0007-0000,CLIFF RD,486356,08178-0223-0007-0000,0223-0007-0000,668.260396363328,22,180241,19472.2738275413
Portsmouth,,111,0223-0009-0000,178,11,,11,178-29822,8,CamaID: 0223-0009-0000,89 CLIFF RD,486357,08178-0223-0009-0000,0223-0009-0000,520.517408491572,11,180242,16637.649901016
Portsmouth,,129,0220-0014-0000,178,25,,11,178-29426,8,CamaID: 0220-0014-0000,617 WOODBURY AVE,486358,08178-0220-0014-0000,0220-0014-0000,444.254185098997,11,180243,12096.9761542233
Portsmouth,,129,0220-0007-0000,178,25,,11,178-29419,8,CamaID: 0220-0007-0000,127 ROCKINGHAM AVE,486359,08178-0220-0007-0000,0220-0007-0000,448.718606718117,11,180244,12383.5276766102
Portsmouth,,129,0220-0011-0000,178,25,,11,178-29423,8,CamaID: 0220-0011-0000,50 EDMOND AVE,486360,08178-0220-0011-0000,0220-0011-0000,544.913527729649,11,180245,17799.9473535827
Portsmouth,,129,0220-0006-0000,178,25,,11,178-29418,8,CamaID: 0220-0006-0000,113 ROCKINGHAM AVE,486361,08178-0220-0006-0000,0220-0006-0000,471.9887328008,11,180246,13743.6283359066
Portsmouth,,129,0220-0010-0000,178,25,,11,178-29422,8,CamaID: 0220-0010-0000,80 EDMOND AVE,486362,08178-0220-0010-0000,0220-0010-0000,509.483815900587,11,180247,15919.5926847951
Portsmouth,,129,0220-0008-0000,178,25,,11,178-29420,8,CamaID: 0220-0008-0000,143 ROCKINGHAM AVE,486363,08178-0220-0008-0000,0220-0008-0000,429.035173482582,11,180248,11405.8510964322
Portsmouth,,129,0220-0051-0000,178,25,,11,178-29463,8,CamaID: 0220-0051-0000,36 RUBY RD,486364,08178-0220-0051-0000,0220-0051-0000,438.364505730566,11,180249,11905.7741187883
Portsmouth,,129,0220-0047-0000,178,25,,11,178-29459,8,CamaID: 0220-0047-0000,61 SAPPHIRE ST,486365,08178-0220-0047-0000,0220-0047-0000,401.128044962217,11,180250,10056.3339438216
Portsmouth,,129,0220-0050-0000,178,25,,11,178-29462,8,CamaID: 0220-0050-0000,56 RUBY RD,486366,08178-0220-0050-0000,0220-0050-0000,401.806688487606,11,180251,10090.4917581322
Portsmouth,,129,0220-0026-0000,178,25,,11,178-29438,8,CamaID: 0220-0026-0000,29 DIAMOND DR,486367,08178-0220-0026-0000,0220-0026-0000,400.185650571715,11,180252,10006.811149729
Portsmouth,,129,0220-0027-0000,178,25,,11,178-29439,8,CamaID: 0220-0027-0000,49 DIAMOND DR,486368,08178-0220-0027-0000,0220-0027-0000,400.192640333672,11,180253,10006.4918967626
Portsmouth,,129,0220-0028-0000,178,25,,11,178-29440,8,CamaID: 0220-0028-0000,69 DIAMOND DR,486369,08178-0220-0028-0000,0220-0028-0000,399.329993679813,11,180254,9962.49008586543
Portsmouth,,129,0220-0029-0000,178,25,,11,178-29441,8,CamaID: 0220-0029-0000,89 DIAMOND DR,486370,08178-0220-0029-0000,0220-0029-0000,403.758305209836,11,180255,10183.2037452425
Portsmouth,,129,0220-0030-0000,178,25,,11,178-29442,8,CamaID: 0220-0030-0000,109 DIAMOND DR,486371,08178-0220-0030-0000,0220-0030-0000,402.530982911143,11,180256,10122.3680260273
Portsmouth,,128,0218-0016-0000,178,24,,22,178-29274,8,CamaID: 0218-0016-0000,OAK ST,486372,08178-0218-0016-0000,0218-0016-0000,217.240604248186,22,180257,2688.8822357809
Portsmouth,,129,0220-0044-0000,178,25,,11,178-29456,8,CamaID: 0220-0044-0000,60 SAPPHIRE ST,486373,08178-0220-0044-0000,0220-0044-0000,400.619931725475,11,180258,10030.773138796
Portsmouth,,129,0220-0041-0000,178,25,,11,178-29453,8,CamaID: 0220-0041-0000,40 OPAL AVE,486374,08178-0220-0041-0000,0220-0041-0000,399.788462149039,11,180259,9989.19547446992
Portsmouth,,129,0220-0040-0000,178,25,,11,178-29452,8,CamaID: 0220-0040-0000,60 OPAL AVE,486375,08178-0220-0040-0000,0220-0040-0000,478.207134833909,11,180260,13950.8814867563
Portsmouth,,129,0220-0085-0000,178,25,,11,178-29493,8,CamaID: 0220-0085-0000,163 ROCKINGHAM AVE,486376,08178-0220-0085-0000,0220-0085-0000,623.039317545328,11,180261,20814.9543192931
Portsmouth,,128,0218-0015-0000,178,24,,22,178-29273,8,CamaID: 0218-0015-0000,OAK ST,486377,08178-0218-0015-0000,0218-0015-0000,220.694096597939,22,180262,2811.15325841284
Portsmouth,,128,0210-013A-0000,178,24,,22,178-28835,8,CamaID: 0210-013A-0000,ELM ST,486378,08178-0210-013A-0000,0210-013A-0000,542.904935397744,22,180263,13465.2997097381
Portsmouth,,128,0210-0016-0000,178,24,,27,178-35330,8,CamaID: 0210-0016-0000,CENTRAL ST,486379,08178-0210-0016-0000,0210-0016-0000,275.753990450725,27,180264,4558.49043790938
Portsmouth,,128,0210-0014-0000,178,24,,22,178-28820,8,CamaID: 0210-0014-0000,ELM ST,486380,08178-0210-0014-0000,0210-0014-0000,285.658962146851,22,180265,4953.25521369736
Portsmouth,,128,0210-0010-0000,178,24,,11,178-28817,8,CamaID: 0210-0010-0000,470 CUTTS AVE,486381,08178-0210-0010-0000,0210-0010-0000,565.38109585743,11,180266,19653.0401839277
Portsmouth,,128,0210-0009-0000,178,24,,11,178-28816,8,CamaID: 0210-0009-0000,450 CUTTS AVE,486382,08178-0210-0009-0000,0210-0009-0000,537.486519507261,11,180267,17461.7800743131
Portsmouth,,128,0210-0008-0000,178,24,,11,178-28815,8,CamaID: 0210-0008-0000,398 CUTTS AVE,486383,08178-0210-0008-0000,0210-0008-0000,572.980103918164,11,180268,20277.7723380897
Portsmouth,,128,0210-0021-0000,178,24,,22,178-28825,8,CamaID: 0210-0021-0000,FOREST ST,486384,08178-0210-0021-0000,0210-0021-0000,409.31118719595,22,180269,7645.58223405881
Portsmouth,,128,0210-0023-0000,178,24,,12,178-28827,8,CamaID: 0210-0023-0000,550 CUTTS AVE,486385,08178-0210-0023-0000,0210-0023-0000,353.220059192701,12,180270,7626.80673428505
Portsmouth,,128,0210-0022-0000,178,24,,11,178-28826,8,CamaID: 0210-0022-0000,530 CUTTS AVE,486386,08178-0210-0022-0000,0210-0022-0000,395.254438318144,11,180271,9597.2529235891
Portsmouth,,128,0210-0028-0000,178,24,,11,178-28832,8,CamaID: 0210-0028-0000,461 CUTTS AVE,486387,08178-0210-0028-0000,0210-0028-0000,493.152618130187,11,180272,14519.3912349763
Portsmouth,,130,0210-0034-0000,178,26,,22,178-38455,8,CamaID: 0210-0034-0000,11 CHASE DR,486388,08178-0210-0034-0000,0210-0034-0000,539.788812378856,22,180273,16031.0918190984
Portsmouth,,128,0210-0024-0000,178,24,,11,178-28828,8,CamaID: 0210-0024-0000,511 CUTTS AVE,486389,08178-0210-0024-0000,0210-0024-0000,434.200235712512,11,180274,11636.0097797797
Portsmouth,,,0212-0026-0001,178,,,,,,,,486390,08178-0212-0026-0001,,704.717165950174,,180275,19525.5518070231
Portsmouth,,204,0212-0171-0000,178,34,,14,178-38923,8,CamaID: 0212-0171-0001,13 ALBACORE WAY #13A,486391,08178-0212-0171-0000,0212-0171-0001,504.21677911825,14,180276,11446.4994544905
Portsmouth,,130,0212-0082-0000,178,26,,11,178-28913,8,CamaID: 0212-0082-0000,50 SARATOGA WAY,486392,08178-0212-0082-0000,0212-0082-0000,259.838783028293,11,180277,4151.8032785894
Portsmouth,,130,0212-0135-0000,178,26,,11,178-28959,8,CamaID: 0212-0135-0000,118 PORPOISE WAY,486393,08178-0212-0135-0000,0212-0135-0000,195.155358822082,11,180278,2284.0351034924
Portsmouth,,130,0212-0136-0000,178,26,,11,178-28960,8,CamaID: 0212-0136-0000,106 PORPOISE WAY,486394,08178-0212-0136-0000,0212-0136-0000,244.910027696842,11,180279,3580.65223865421
Portsmouth,,130,0212-0137-0000,178,26,,11,178-28961,8,CamaID: 0212-0137-0000,96 PORPOISE WAY,486395,08178-0212-0137-0000,0212-0137-0000,279.538778182573,11,180280,4470.45712606078
Portsmouth,,130,0212-0138-0001,178,26,,11,178-28999,8,CamaID: 0212-0138-0001,86 PORPOISE WAY,486396,08178-0212-0138-0001,0212-0138-0001,257.942971920375,11,180281,3127.40438310447
Portsmouth,,130,0212-0138-0000,178,26,,11,178-28962,8,CamaID: 0212-0138-0000,84 PORPOISE WAY,486397,08178-0212-0138-0000,0212-0138-0000,261.407878496955,11,180282,3232.66732038956
Portsmouth,,130,0212-0141-0001,178,26,,11,178-28965,8,CamaID: 0212-0141-0001,50 PORPOISE WAY,486398,08178-0212-0141-0001,0212-0141-0001,193.005514094671,11,180283,1727.35909090928
Portsmouth,,130,0212-0142-0000,178,26,,11,178-28966,8,CamaID: 0212-0142-0000,40 PORPOISE WAY,486399,08178-0212-0142-0000,0212-0142-0000,228.312112802965,11,180284,2320.30253510761
Portsmouth,,130,0212-0142-0001,178,26,,11,178-29001,8,CamaID: 0212-0142-0001,24 SARATOGA WAY,486400,08178-0212-0142-0001,0212-0142-0001,219.557024761483,11,180285,2259.37711430597
Portsmouth,,131,0159-0020-0000,178,27,,11,178-34915,8,CamaID: 0159-0020-0000,139 THORNTON ST,486401,08178-0159-0020-0000,0159-0020-0000,225.966950442171,11,180286,3173.78063209107
Portsmouth,,302,0165-0005-0000,178,57,,34,178-37635,8,CamaID: 0165-0005-0000,855 ISLINGTON ST,486402,08178-0165-0005-0000,0165-0005-0000,1002.02965051059,34,180287,32913.872002527
Portsmouth,,302,0165-0008-0000,178,57,,33,178-37637,8,CamaID: 0165-0008-0000,801 ISLINGTON ST,486403,08178-0165-0008-0000,0165-0008-0000,1076.87886608114,33,180288,69733.8433152923
Portsmouth,,302,0165-008A-0000,178,57,,33,178-38036,8,CamaID: 0165-008A-0000,767 ISLINGTON ST,486404,08178-0165-008A-0000,0165-008A-0000,779.929734173131,33,180289,36721.4506438838
Portsmouth,,204,0165-0009-0000,178,34,,14,178-38449,8,CamaID: 0165-0009-0004,737 ISLINGTON ST #4,486405,08178-0165-0009-0000,0165-0009-0004,542.796436242246,14,180290,10772.805617485
Portsmouth,,105,0165-0012-0000,178,7,,12,178-35134,8,CamaID: 0165-0012-0000,32 ELM CT,486406,08178-0165-0012-0000,0165-0012-0000,394.721326643618,12,180291,7547.60312938789
Portsmouth,,105,0165-0013-0000,178,7,,11,178-35135,8,CamaID: 0165-0013-0000,30 ELM CT,486407,08178-0165-0013-0000,0165-0013-0000,233.456634344088,11,180292,3314.31314399243
Portsmouth,,104,0153-0004-0000,178,6,,11,178-34801,8,CamaID: 0153-0004-0000,130 ALDRICH RD,486408,08178-0153-0004-0000,0153-0004-0000,554.531184452812,11,180293,17748.7061013825
Portsmouth,,104,0153-0003-0000,178,6,,11,178-34800,8,CamaID: 0153-0003-0000,110 ALDRICH RD,486409,08178-0153-0003-0000,0153-0003-0000,548.17232081745,11,180294,17379.8863496445
Portsmouth,,104,0153-0002-0000,178,6,,11,178-34799,8,CamaID: 0153-0002-0000,90 ALDRICH RD,486410,08178-0153-0002-0000,0153-0002-0000,494.570816764086,11,180295,12923.0815594479
Portsmouth,,104,0153-0035-0000,178,6,,11,178-34831,8,CamaID: 0153-0035-0000,129 ALDRICH RD,486411,08178-0153-0035-0000,0153-0035-0000,501.892981441071,11,180296,10192.0788440353
Portsmouth,,104,0153-0038-0000,178,6,,11,178-34833,8,CamaID: 0153-0038-0000,85 ALDRICH RD,486412,08178-0153-0038-0000,0153-0038-0000,611.12881124616,11,180297,18305.0991703543
Portsmouth,,129,0234-0007-005D,178,25,,11,178-30557,8,CamaID: 0234-0007-005D,96 COAKLEY RD,486413,08178-0234-0007-005D,0234-0007-005D,703.022128342477,11,180298,28386.5870871772
Portsmouth,,301,0234-0006-0000,178,56,,33,178-35508,8,CamaID: 0234-0006-0000,100 COAKLEY RD,486414,08178-0234-0006-0000,0234-0006-0000,929.570268489382,33,180299,53634.4859609955
Portsmouth,,204,0146-0023-0000,178,34,,14,178-38615,8,CamaID: 0146-0023-0001,140 CASS ST #1,486415,08178-0146-0023-0000,0146-0023-0001,505.172101808311,14,180300,15730.0008337062
Portsmouth,,204,0146-0024-0000,178,34,,14,178-38534,8,CamaID: 0146-0024-0002,100 ALBANY ST #B,486416,08178-0146-0024-0000,0146-0024-0002,428.12196916113,14,180301,11428.4685159716
Portsmouth,,304,0156-0026-0000,178,59,,33,178-37595,8,CamaID: 0156-0026-0000,75 ALBANY ST,486417,08178-0156-0026-0000,0156-0026-0000,397.159963298544,33,180302,9090.70304329414
Portsmouth,,105,0146-0004-0000,178,7,,11,178-34485,8,CamaID: 0146-0004-0000,117 CASS ST,486418,08178-0146-0004-0000,0146-0004-0000,238.867636084412,11,180303,3204.69991388964
Portsmouth,,304,0156-0027-0000,178,59,,57,178-34866,8,CamaID: 0156-0027-0000,92 CASS ST,486419,08178-0156-0027-0000,0156-0027-0000,260.765542599198,57,180304,3973.4452811014
Portsmouth,,307,0300-0001-0000,178,63,,44,178-37945,8,CamaID: 0300-0001-0000,185 GRAFTON DR,486420,08178-0300-0001-0000,0300-0001-0000,8434.09941010765,44,180305,1456159.45201176
Portsmouth,,114,0268-0031-0000,178,14,,11,178-31552,8,CamaID: 0268-0031-0000,231 COOLIDGE DR,486421,08178-0268-0031-0000,0268-0031-0000,437.511833632836,11,180306,11867.0587941447
Portsmouth,,114,0268-0039-0000,178,14,,11,178-31560,8,CamaID: 0268-0039-0000,272 GRANT AVE,486422,08178-0268-0039-0000,0268-0039-0000,449.853904445812,11,180307,12490.8714205797
Portsmouth,,114,0268-0028-0000,178,14,,11,178-31549,8,CamaID: 0268-0028-0000,104 MCKINLEY RD,486423,08178-0268-0028-0000,0268-0028-0000,536.781549790902,11,180308,18272.3862082181
Portsmouth,,114,0268-0029-0000,178,14,,11,178-31550,8,CamaID: 0268-0029-0000,183 COOLIDGE DR,486424,08178-0268-0029-0000,0268-0029-0000,406.750573474282,11,180309,10115.1941970027
Portsmouth,,114,0268-0029-0001,178,14,,22,178-54318,8,CamaID: 0268-0029-0001,GRANT AVE,486425,08178-0268-0029-0001,0268-0029-0001,400.703152536434,22,180310,10324.3553572625
Portsmouth,,103A,0113-0032-0000,178,4,,11,178-33368,8,CamaID: 0113-0032-0000,69 ELWYN AVE,486426,08178-0113-0032-0000,0113-0032-0000,305.977337146223,11,180311,5079.21098316165
Portsmouth,,103A,0113-0002-0000,178,4,,11,178-33338,8,CamaID: 0113-0002-0000,88 LINCOLN AVE,486427,08178-0113-0002-0000,0113-0002-0000,291.34562949317,11,180312,5140.03481651343
Portsmouth,,103A,0113-0001-0000,178,4,,11,178-33337,8,CamaID: 0113-0001-0000,72 LINCOLN AVE,486428,08178-0113-0001-0000,0113-0001-0000,293.012450527881,11,180313,5224.41719465805
Portsmouth,,131,0159-0019-0000,178,27,,11,178-34914,8,CamaID: 0159-0019-0000,133 THORNTON ST,486429,08178-0159-0019-0000,0159-0019-0000,394.134050402534,11,180314,7549.60908543263
Portsmouth,,131,0159-0031-0000,178,27,,11,178-34926,8,CamaID: 0159-0031-0000,100 BURKITT ST,486430,08178-0159-0031-0000,0159-0031-0000,308.147640266513,11,180315,5210.62708165556
Portsmouth,,131,0159-0037-0000,178,27,,11,178-34932,8,CamaID: 0159-0037-0000,101 STARK ST,486431,08178-0159-0037-0000,0159-0037-0000,428.079345707497,11,180316,9128.844252021
Portsmouth,,206,0209-0018-0000,178,36,,14,178-54224,8,CamaID: 0209-0018-0001,8 CENTRAL AVE UNIT #1,486432,08178-0209-0018-0000,0209-0018-0001,501.17770664261,14,180317,14545.66556304
Portsmouth,,123,0232-0133-0000,178,21,,11,178-30272,8,CamaID: 0232-0133-0000,65 BENSON ST,486433,08178-0232-0133-0000,0232-0133-0000,697.902376401688,11,180318,28121.1827642644
Portsmouth,,123,0233-0073-0000,178,21,,12,178-30439,8,CamaID: 0233-0073-0000,66 BENSON ST,486434,08178-0233-0073-0000,0233-0073-0000,452.558225796479,12,180319,12509.1145998493
Portsmouth,,121,0260-0054-0000,178,20,,11,178-31309,8,CamaID: 0260-0054-0000,412 COLONIAL DR,486435,08178-0260-0054-0000,0260-0054-0000,318.739918977547,11,180320,6145.77487410212
Portsmouth,,121,0260-0058-0000,178,20,,11,178-31313,8,CamaID: 0260-0058-0000,466 COLONIAL DR,486436,08178-0260-0058-0000,0260-0058-0000,334.089950316103,11,180321,6651.39767824603
Portsmouth,,121,0260-0059-0000,178,20,,11,178-31314,8,CamaID: 0260-0059-0000,478 COLONIAL DR,486437,08178-0260-0059-0000,0260-0059-0000,338.766835228274,11,180322,6842.72944225692
Portsmouth,,103A,0113-0019-0000,178,4,,11,178-33355,8,CamaID: 0113-0019-0000,65 SHERBURNE AVE,486438,08178-0113-0019-0000,0113-0019-0000,214.435773611453,11,180323,2762.78748578351
Portsmouth,,103A,0111-0022-0000,178,4,,11,178-33257,8,CamaID: 0111-0022-0000,60 LINCOLN AVE,486439,08178-0111-0022-0000,0111-0022-0000,289.660863775865,11,180324,3975.23555932973
Portsmouth,,103A,0113-0021-0000,178,4,,12,178-33357,8,CamaID: 0113-0021-0000,133 LINCOLN AVE,486440,08178-0113-0021-0000,0113-0021-0000,329.689222749502,12,180325,6455.59159768758
Portsmouth,,103A,0111-0021-0000,178,4,,11,178-33256,8,CamaID: 0111-0021-0000,54 LINCOLN AVE,486441,08178-0111-0021-0000,0111-0021-0000,317.978888256343,11,180326,5860.18595346809
Portsmouth,,103A,0113-0033-0000,178,4,,11,178-33369,8,CamaID: 0113-0033-0000,77 ELWYN AVE,486442,08178-0113-0033-0000,0113-0033-0000,296.18772494202,11,180327,4848.64318909784
Portsmouth,,103A,0113-0034-0000,178,4,,11,178-33370,8,CamaID: 0113-0034-0000,87 LINCOLN AVE,486443,08178-0113-0034-0000,0113-0034-0000,299.836012664433,11,180328,4992.55496505962
Portsmouth,,104,0152-0022-0000,178,6,,11,178-34767,8,CamaID: 0152-0022-0000,88 KENSINGTON RD,486444,08178-0152-0022-0000,0152-0022-0000,309.974331390701,11,180329,6002.88486398823
Portsmouth,,304,0111-0020-0000,178,59,,27,178-37728,8,CamaID: 0111-0020-0000,JUNKINS AVE,486445,08178-0111-0020-0000,0111-0020-0000,1096.01374673882,27,180330,68593.6505551377
Portsmouth,,103A,0113-0031-0000,178,4,,11,178-33367,8,CamaID: 0113-0031-0000,55 ELWYN AVE,486446,08178-0113-0031-0000,0113-0031-0000,301.848655845584,11,180331,5128.155985017
Portsmouth,,204,0113-0047-0000,178,34,,14,178-33384,8,CamaID: 0113-0047-0001,75 KENT ST #1,486447,08178-0113-0047-0000,0113-0047-0001,320.52982408935,14,180332,6013.13130712325
Portsmouth,,103A,0113-0036-0000,178,4,,11,178-33372,8,CamaID: 0113-0036-0000,56 KENT ST,486448,08178-0113-0036-0000,0113-0036-0000,302.429637460075,11,180333,5158.1589657841
Portsmouth,,103A,0113-0030-0000,178,4,,11,178-33366,8,CamaID: 0113-0030-0000,47 ELWYN AVE,486449,08178-0113-0030-0000,0113-0030-0000,300.103397354735,11,180334,5003.0064650587
Portsmouth,,103A,0113-0037-0000,178,4,,11,178-33373,8,CamaID: 0113-0037-0000,48 KENT ST,486450,08178-0113-0037-0000,0113-0037-0000,300.213942307326,11,180335,4999.323350724
Portsmouth,,103A,0113-0029-0000,178,4,,11,178-33365,8,CamaID: 0113-0029-0000,35 ELWYN AVE,486451,08178-0113-0029-0000,0113-0029-0000,299.483770967183,11,180336,4976.07328766483
Portsmouth,,103A,0113-0046-0000,178,4,,11,178-33382,8,CamaID: 0113-0046-0000,55 KENT ST,486452,08178-0113-0046-0000,0113-0046-0000,314.65758932323,11,180337,5745.86549702396
Portsmouth,,103A,0113-0038-0000,178,4,,11,178-33374,8,CamaID: 0113-0038-0000,36 KENT ST,486453,08178-0113-0038-0000,0113-0038-0000,301.128034712386,11,180338,5033.50245433923
Portsmouth,,103A,0113-0045-0000,178,4,,11,178-33381,8,CamaID: 0113-0045-0000,45 KENT ST,486454,08178-0113-0045-0000,0113-0045-0000,304.477719135715,11,180339,5207.24250415178
Portsmouth,,130,0212-0004-0001,178,26,,11,178-29021,8,CamaID: 0212-0004-0001,137 PREBLE WAY,486455,08178-0212-0004-0001,0212-0004-0001,278.722941569821,11,180340,2812.3492760936
Portsmouth,,130,0212-0004-0000,178,26,,11,178-28840,8,CamaID: 0212-0004-0000,135 PREBLE WAY,486456,08178-0212-0004-0000,0212-0004-0000,223.426467632181,11,180341,2287.24319275496
Portsmouth,,130,0212-0003-0001,178,26,,11,178-29018,8,CamaID: 0212-0003-0001,125 PREBLE WAY,486457,08178-0212-0003-0001,0212-0003-0001,254.695450127972,11,180342,2894.23124383296
Portsmouth,,130,0212-0003-0000,178,26,,11,178-28839,8,CamaID: 0212-0003-0000,123 PREBLE WAY,486458,08178-0212-0003-0000,0212-0003-0000,251.644496635341,11,180343,2816.95585628813
Portsmouth,,130,0212-0005-0000,178,26,,11,178-28841,8,CamaID: 0212-0005-0000,690 KEARSARGE WAY,486459,08178-0212-0005-0000,0212-0005-0000,243.21000142643,11,180344,3103.19141727314
Portsmouth,,130,0212-0002-0001,178,26,,11,178-38700,8,CamaID: 0212-0002-0001,109 PREBLE WAY #1,486460,08178-0212-0002-0001,0212-0002-0001,265.98920897028,11,180345,3772.04258226712
Portsmouth,,130,0212-0008-0000,178,26,,11,178-28844,8,CamaID: 0212-0008-0000,62 CONCORD WAY,486461,08178-0212-0008-0000,0212-0008-0000,312.63221917366,11,180346,5938.67325276112
Portsmouth,,130,0212-0006-0000,178,26,,11,178-28842,8,CamaID: 0212-0006-0000,678 KEARSARGE WAY,486462,08178-0212-0006-0000,0212-0006-0000,287.82013586129,11,180347,4376.26928990659
Portsmouth,,130,0212-0007-0000,178,26,,11,178-28843,8,CamaID: 0212-0007-0000,80 CONCORD WAY,486463,08178-0212-0007-0000,0212-0007-0000,283.132084503977,11,180348,4928.13447013989
Portsmouth,,130,0212-0097-0000,178,26,,11,178-28927,8,CamaID: 0212-0097-0000,214 RALEIGH WAY,486464,08178-0212-0097-0000,0212-0097-0000,260.486400884371,11,180349,4031.40631684723
Portsmouth,,130,0212-0098-0001,178,26,,11,178-38777,8,CamaID: 0212-0098-0001,204 RALEIGH WAY,486465,08178-0212-0098-0001,0212-0098-0001,212.184152573793,11,180350,2043.55024756418
Portsmouth,,130,0212-0098-0000,178,26,,11,178-28928,8,CamaID: 0212-0098-0000,202 RALEIGH WAY,486466,08178-0212-0098-0000,0212-0098-0000,213.033554302936,11,180351,2032.7128280543
Portsmouth,,130,0212-0099-0001,178,26,,11,178-38938,8,CamaID: 0212-0099-0001,194 RALEIGH WAY,486467,08178-0212-0099-0001,0212-0099-0001,215.231851718034,11,180352,2093.38398217436
Portsmouth,,130,0212-0099-0000,178,26,,11,178-28929,8,CamaID: 0212-0099-0000,192 RALEIGH WAY,486468,08178-0212-0099-0000,0212-0099-0000,214.808388830576,11,180353,2060.4996451387
Portsmouth,,130,0212-0073-0001,178,26,,11,178-38703,8,CamaID: 0212-0073-0001,246 CONCORD WAY,486469,08178-0212-0073-0001,0212-0073-0001,202.896894182241,11,180354,1771.39714761255
Portsmouth,,130,0212-0073-0000,178,26,,11,178-28904,8,CamaID: 0212-0073-0000,244 CONCORD WAY,486470,08178-0212-0073-0000,0212-0073-0000,217.33987174743,11,180355,2149.4801742713
Portsmouth,,130,0212-0074-0001,178,26,,11,178-29028,8,CamaID: 0212-0074-0001,234 CONCORD WAY,486471,08178-0212-0074-0001,0212-0074-0001,209.632312230972,11,180356,2090.18885045052
Portsmouth,,130,0212-0057-0000,178,26,,11,178-28888,8,CamaID: 0212-0057-0000,41 SARATOGA WAY,486472,08178-0212-0057-0000,0212-0057-0000,243.109906550105,11,180357,3547.87538429205
Portsmouth,,130,0212-0056-0001,178,26,,11,178-29026,8,CamaID: 0212-0056-0001,31 SARATOGA WAY,486473,08178-0212-0056-0001,0212-0056-0001,245.741702565306,11,180358,2400.63012646397
Portsmouth,73,130,0212-0055-0000,178,26,,11,178-28886,8,CamaID: 0212-0055-0000,13 PORPOISE WAY,486474,08178-0212-0055-0000,0212-0055-0000,228.596427237188,11-73,180359,2526.92079312015
Portsmouth,73,130,0212-0055-0001,178,26,,11,178-29025,8,CamaID: 0212-0055-0001,11 PORPOISE WAY,486475,08178-0212-0055-0001,0212-0055-0001,285.184270238263,11-73,180360,3156.73017521115
Portsmouth,,130,0212-0053-0001,178,26,,11,178-29024,8,CamaID: 0212-0053-0001,679 KEARSARGE WAY,486476,08178-0212-0053-0001,0212-0053-0001,195.316932017793,11,180361,1841.61362096665
Portsmouth,,130,0212-0053-0000,178,26,,11,178-28884,8,CamaID: 0212-0053-0000,677 KEARSARGE WAY,486477,08178-0212-0053-0000,0212-0053-0000,191.1389936224,11,180362,1789.0997174503
Portsmouth,,130,0212-0046-0000,178,26,,11,178-28877,8,CamaID: 0212-0046-0000,91 SARATOGA WAY,486478,08178-0212-0046-0000,0212-0046-0000,176.402561125348,11,180363,1594.24449923514
Portsmouth,,130,0212-0046-0001,178,26,,11,178-29022,8,CamaID: 0212-0046-0001,93 SARATOGA WAY,486479,08178-0212-0046-0001,0212-0046-0001,191.170702511692,11,180364,1960.4619246477
Portsmouth,,130,0212-0033-0000,178,26,,11,178-28865,8,CamaID: 0212-0033-0000,129 RALEIGH WAY,486480,08178-0212-0033-0000,0212-0033-0000,314.513249972273,11,180365,4570.79018045777
Portsmouth,,302,0236-0033-0000,178,57,,33,178-35517,8,CamaID: 0236-0033-0000,120 SPAULDING TPKE,486481,08178-0236-0033-0000,0236-0033-0000,3002.94312543639,33,180366,456439.131438301
Portsmouth,,129,0236-0032-0000,178,25,,11,178-30589,8,CamaID: 0236-0032-0000,50 CLOVER LN,486482,08178-0236-0032-0000,0236-0032-0000,533.188150107994,11,180367,17186.9772377702
Portsmouth,,302,0236-0039-0000,178,57,,33,178-35522,8,CamaID: 0236-0039-0000,180 SPAULDING TPKE,486483,08178-0236-0039-0000,0236-0039-0000,1031.9538429346,33,180368,54415.9431149459
Portsmouth,,129,0236-0075-0000,178,25,,11,178-30626,8,CamaID: 0236-0075-0000,88 FARM LN,486484,08178-0236-0075-0000,0236-0075-0000,444.861708086602,11,180369,12079.2342267814
Portsmouth,,302,0237-0056-0000,178,57,,33,178-35525,8,CamaID: 0237-0056-0000,200 SPAULDING TPKE,486485,08178-0237-0056-0000,0237-0056-0000,5527.04290310905,33,180370,911906.605867994
Portsmouth,,305A,0157-0006-0000,178,61,,44,178-37602,8,CamaID: 0157-0006-0001,501 ISLINGTON ST #1,486486,08178-0157-0006-0000,0157-0006-0001,1447.64460032676,44,180371,54924.7686361466
Portsmouth,,305A,0164-0008-0000,178,61,,33,178-38184,8,CamaID: 0164-0008-0000,565 ISLINGTON ST,486487,08178-0164-0008-0000,0164-0008-0000,534.840073537825,33,180372,16495.3028813937
Portsmouth,,305A,0157-0003-0000,178,61,,57,178-34873,8,CamaID: 0157-0003-0000,553 ISLINGTON ST,486488,08178-0157-0003-0000,0157-0003-0000,349.425333594311,57,180373,7206.53962002102
Portsmouth,,305A,0156-0005-0000,178,61,,57,178-34850,8,CamaID: 0156-0005-0000,536 ISLINGTON ST,486489,08178-0156-0005-0000,0156-0005-0000,213.069485366021,57,180374,2612.62560661383
Portsmouth,,204,0156-0002-0000,178,34,,14,178-38933,8,CamaID: 0156-0002-0001,508 ISLINGTON ST #1,486490,08178-0156-0002-0000,0156-0002-0001,248.853366961157,14,180375,3605.49061244088
Portsmouth,,204,0156-0001-0000,178,34,,14,178-38636,8,CamaID: 0156-0001-0001,490 ISLINGTON ST #1,486491,08178-0156-0001-0000,0156-0001-0001,336.881525112583,14,180376,6905.48255783824
Portsmouth,,305A,0157-0003-0000,178,61,,57,178-34873,8,CamaID: 0157-0003-0000,553 ISLINGTON ST,486492,08178-0157-0003-0000,0157-0003-0000,252.357688620648,57,180377,1643.53540780462
Portsmouth,,305A,0157-0004-0000,178,61,,44,178-37950,8,CamaID: 0157-0004-0001,537 ISLINGTON ST #1,486493,08178-0157-0004-0000,0157-0004-0001,280.340485876181,44,180378,4880.95915363562
Portsmouth,,305A,0157-0005-0000,178,61,,33,178-37600,8,CamaID: 0157-0005-0000,531 ISLINGTON ST,486494,08178-0157-0005-0000,0157-0005-0000,434.855395754852,33,180379,11079.6969466013
Portsmouth,,302,0164-0001-0000,178,57,,33,178-37606,8,CamaID: 0164-0001-0000,105 BARTLETT ST,486495,08178-0164-0001-0000,0164-0001-0000,1140.79290487916,33,180380,51967.7596673501
Portsmouth,,130,0212-0034-0000,178,26,,11,178-28866,8,CamaID: 0212-0034-0000,139 RALEIGH WAY,486496,08178-0212-0034-0000,0212-0034-0000,334.161285828976,11,180381,5860.8348035582
Portsmouth,,130,0212-0035-0000,178,26,,11,178-28867,8,CamaID: 0212-0035-0000,145 RALEIGH WAY,486497,08178-0212-0035-0000,0212-0035-0000,257.173565474973,11,180382,3409.23553885599
Portsmouth,,130,0212-0036-0000,178,26,,11,178-28868,8,CamaID: 0212-0036-0000,155 RALEIGH WAY,486498,08178-0212-0036-0000,0212-0036-0000,231.288607859785,11,180383,2565.6109478147
Portsmouth,,130,0212-0036-0001,178,26,,11,178-29020,8,CamaID: 0212-0036-0001,105 SARATOGA WAY,486499,08178-0212-0036-0001,0212-0036-0001,276.767464704206,11,180384,4348.33281409412
Portsmouth,,121,0260-0070-0000,178,20,,11,178-31325,8,CamaID: 0260-0070-0000,15 MASON AVE,486500,08178-0260-0070-0000,0260-0070-0000,330.401296942203,11,180385,6667.66924096876
Portsmouth,,112,0222-0037-0000,178,12,,11,178-29632,8,CamaID: 0222-0037-0000,26 VERDUN AVE,486501,08178-0222-0037-0000,0222-0037-0000,410.663267659043,11,180386,9865.84423346702
Portsmouth,,130,0212-0029-0001,178,26,,11,178-29015,8,CamaID: 0212-0029-0001,595 KEARSARGE WAY,486502,08178-0212-0029-0001,0212-0029-0001,170.96924173872,11,180387,998.141012271581
Portsmouth,,130,0212-0029-0002,178,26,,11,178-29016,8,CamaID: 0212-0029-0002,597 KEARSARGE WAY,486503,08178-0212-0029-0002,0212-0029-0002,164.724266801231,11,180388,954.69840522534
Portsmouth,,130,0212-0025-0001,178,26,,11,178-29003,8,CamaID: 0212-0025-0001,590 KEARSARGE WAY,486504,08178-0212-0025-0001,0212-0025-0001,192.29750001038,11,180389,1830.3712539868
Portsmouth,,130,0212-0024-0000,178,26,,11,178-28860,8,CamaID: 0212-0024-0000,21 RALEIGH WAY,486505,08178-0212-0024-0000,0212-0024-0000,500.210451894372,11,180390,14588.3764114467
Portsmouth,,130,0212-0063-0000,178,26,,11,178-28894,8,CamaID: 0212-0063-0000,67 PORPOISE WAY,486506,08178-0212-0063-0000,0212-0063-0000,226.343480073937,11,180391,2582.67816843962
Portsmouth,,130,0212-0068-0001,178,26,,11,178-37218,8,CamaID: 0212-0068-0001,123 PORPOISE WAY,486518,08178-0212-0068-0001,0212-0068-0001,221.618090738123,11,180392,2282.36773901712
Portsmouth,73,130,0212-0148-0000,178,26,,11,178-28970,8,CamaID: 0212-0148-0000,75 CRESCENT WAY,486519,08178-0212-0148-0000,0212-0148-0000,289.509416128192,11-73,180393,4788.13711930531
Portsmouth,,130,0212-0128-0001,178,26,,11,178-28998,8,CamaID: 0212-0128-0001,224 CRESCENT WAY,486520,08178-0212-0128-0001,0212-0128-0001,262.559584159367,11,180394,2666.20241635134
Portsmouth,,130,0212-0072-0000,178,26,,11,178-28903,8,CamaID: 0212-0072-0000,262 CONCORD WAY,486521,08178-0212-0072-0000,0212-0072-0000,308.290752926123,11,180395,5911.22162633951
Portsmouth,,305A,0138-0060-0000,178,61,,57,178-37770,8,CamaID: 0138-0060-0000,100 FOUNDRY PL,486507,08178-0138-0060-0000,0138-0060-0000,2616.7391628075,57,180396,114880.690266724
Portsmouth,,307,0310-0003-0000,178,63,,57,178-37882,8,CamaID: 0310-0003-0000,62 DURHAM ST,486508,08178-0310-0003-0000,0310-0003-0000,1657.23937349982,57,180397,165023.305610008
Portsmouth,,304,0110-0001-0000,178,59,,57,178-37826,8,CamaID: 0110-0001-0000,1 JUNKINS AVE,486509,08178-0110-0001-0000,0110-0001-0000,3079.98850122823,57,180398,348156.855507442
Portsmouth,,304,0136-0008-0000,178,59,,57,178-34091,8,CamaID: 0136-0008-0000,282 MIDDLE ST,486510,08178-0136-0008-0000,0136-0008-0000,353.14666752456,57,180399,7414.44156214209
Portsmouth,,130,0212-0069-0000,178,26,,11,178-28900,8,CamaID: 0212-0069-0000,131 PORPOISE WAY #1,486522,08178-0212-0069-0000,0212-0069-0000,215.387964046945,11,180400,2049.61001611695
Portsmouth,70,130,0212-0162-0000,178,26,,11,178-28984,8,CamaID: 0212-0162-0000,70 CRESCENT WAY,486523,08178-0212-0162-0000,0212-0162-0000,723.690581847464,11-70,180401,32393.1906927686
Portsmouth,73,130,0212-0133-0000,178,26,,11,178-28957,8,CamaID: 0212-0133-0000,187 PORPOISE WAY,486524,08178-0212-0133-0000,0212-0133-0000,319.226821650299,11-73,180402,6273.75491789453
Portsmouth,,305,0123-0013-0000,178,60,,33,178-37991,8,CamaID: 0123-0013-0000,31 RAYNES AVE,486511,08178-0123-0013-0000,0123-0013-0000,1275.52779018331,33,180403,59152.2813845955
Portsmouth,,130,0212-0096-0001,178,26,,11,178-51544,8,CamaID: 0212-0096-0001,226 RALEIGH WAY,486512,08178-0212-0096-0001,0212-0096-0001,207.605127335814,11,180404,1931.56038483052
Portsmouth,,130,0212-0140-0000,178,26,,11,178-28964,8,CamaID: 0212-0140-0000,60 PORPOISE WAY,486513,08178-0212-0140-0000,0212-0140-0000,219.231904997073,11,180405,2092.96463681822
Portsmouth,,130,0212-0091-0000,178,26,,11,178-28922,8,CamaID: 0212-0091-0000,249 CONCORD WAY,486514,08178-0212-0091-0000,0212-0091-0000,212.763390486373,11,180406,1989.19460753635
Portsmouth,,130,0212-0091-0001,178,26,,11,178-29033,8,CamaID: 0212-0091-0001,251 CONCORD WAY,486515,08178-0212-0091-0001,0212-0091-0001,223.044953965896,11,180407,2404.75351721396
Portsmouth,,130,0212-0127-0000,178,26,,11,178-28951,8,CamaID: 0212-0127-0000,230 CRESCENT WAY,486516,08178-0212-0127-0000,0212-0127-0000,257.839832153183,11,180408,3704.72500366211
Portsmouth,,130,0212-0128-0000,178,26,,11,178-28952,8,CamaID: 0212-0128-0000,226 CRESCENT WAY,486517,08178-0212-0128-0000,0212-0128-0000,280.482327729565,11,180409,3478.77476183789
Portsmouth,70,130,0212-0161-0000,178,26,,11,178-28983,8,CamaID: 0212-0161-0000,100 CRESCENT WAY,486525,08178-0212-0161-0000,0212-0161-0000,499.681377296967,11-70,180410,11558.8014615305
Portsmouth,70,130,0212-0160-0000,178,26,,11,178-28982,8,CamaID: 0212-0160-0000,110 CRESCENT WAY,486526,08178-0212-0160-0000,0212-0160-0000,481.324413090989,11-70,180411,8951.16426973523
Portsmouth,70,130,0212-0159-0000,178,26,,11,178-28981,8,CamaID: 0212-0159-0000,114 CRESCENT WAY,486527,08178-0212-0159-0000,0212-0159-0000,474.273914980034,11-70,180412,10785.541119972
Portsmouth,70,130,0212-0158-0000,178,26,,11,178-28980,8,CamaID: 0212-0158-0000,120 CRESCENT WAY,486528,08178-0212-0158-0000,0212-0158-0000,445.267055026928,11-70,180413,9671.84146542814
Portsmouth,70,130,0212-0156-0000,178,26,,11,178-28978,8,CamaID: 0212-0156-0000,140 CRESCENT WAY,486529,08178-0212-0156-0000,0212-0156-0000,510.246170588864,11-70,180414,12676.2326288314
Portsmouth,,118,0292-0122-0000,178,17,,11,178-32584,8,CamaID: 0292-0122-0000,374 OCEAN RD,486530,08178-0292-0122-0000,0292-0122-0000,623.9600125474,11,180415,20453.985596503
Portsmouth,,301,0273-0002-0002,178,56,,34,178-35874,8,CamaID: 0273-0002-0002,75 CONSTITUTION AVE,486531,08178-0273-0002-0002,0273-0002-0002,1597.20561005205,34,180416,151171.389255368
Portsmouth,,301,0284-0012-0000,178,56,,34,178-35924,8,CamaID: 0284-0012-0000,19 POST RD,486532,08178-0284-0012-0000,0284-0012-0000,1832.9404370528,34,180417,205386.183203552
Portsmouth,,118,0292-0077-0000,178,17,,11,178-32540,8,CamaID: 0292-0077-0000,15 SUZANNE DR,486533,08178-0292-0077-0000,0292-0077-0000,458.252369898985,11,180418,12336.353324633
Portsmouth,,118,0292-0123-0000,178,17,,11,178-32585,8,CamaID: 0292-0123-0000,356 OCEAN RD,486534,08178-0292-0123-0000,0292-0123-0000,580.134427751869,11,180419,17892.0765675611
Portsmouth,,118,0292-0093-0000,178,17,,11,178-32556,8,CamaID: 0292-0093-0000,24 SUZANNE DR,486535,08178-0292-0093-0000,0292-0093-0000,425.851571197256,11,180420,11127.1353323201
Portsmouth,,118,0292-0094-0000,178,17,,11,178-32557,8,CamaID: 0292-0094-0000,26 SUZANNE DR,486536,08178-0292-0094-0000,0292-0094-0000,390.17871415017,11,180421,9889.17008946753
Portsmouth,,118,0293-0018-0000,178,17,,11,178-32699,8,CamaID: 0293-0018-0000,394 OCEAN RD,486537,08178-0293-0018-0000,0293-0018-0000,942.803920809371,11,180422,43441.9899891524
Portsmouth,,118,0293-0009-0000,178,17,,11,178-32693,8,CamaID: 0293-0009-0000,417 OCEAN RD,486538,08178-0293-0009-0000,0293-0009-0000,916.738058481378,11,180423,47989.0207362138
Portsmouth,,118,0293-0017-0000,178,17,,11,178-32698,8,CamaID: 0293-0017-0000,408 OCEAN RD,486539,08178-0293-0017-0000,0293-0017-0000,1090.10061516742,11,180424,73353.4319853035
Portsmouth,,118,0293-0015-0000,178,17,,11,178-32697,8,CamaID: 0293-0015-0000,412 OCEAN RD,486540,08178-0293-0015-0000,0293-0015-0000,902.312156856297,11,180425,45415.8977467767
Portsmouth,,115,0270-0022-0000,178,15,,11,178-31696,8,CamaID: 0270-0022-0000,310 FW HARTFORD DR,486541,08178-0270-0022-0000,0270-0022-0000,899.128771959935,11,180426,43560.0066843876
Portsmouth,,115,0270-0020-0000,178,15,,11,178-38158,8,CamaID: 0270-0020-0000,320 FW HARTFORD DR,486542,08178-0270-0020-0000,0270-0020-0000,897.557025652858,11,180427,43688.7840566788
Portsmouth,,302,0285-0002-0000,178,57,,33,178-35927,8,CamaID: 0285-0002-0000,2800 LAFAYETTE RD,486543,08178-0285-0002-0000,0285-0002-0000,1555.14192024747,33,180428,153450.456871376
Portsmouth,,118,0294-0020-0000,178,17,,11,178-32758,8,CamaID: 0294-0020-0000,425 OCEAN RD,486544,08178-0294-0020-0000,0294-0020-0000,1596.81332695136,11,180429,129570.792192241
Portsmouth,,118,0294-0013-0000,178,17,,11,178-32752,8,CamaID: 0294-0013-0000,432 OCEAN RD,486545,08178-0294-0013-0000,0294-0013-0000,364.639935669844,11,180430,8247.8230457038
Portsmouth,,224,0293-0019-0000,178,53,,14,178-32717,8,CamaID: 0293-0019-0025,380 OCEAN RD #25,486546,08178-0293-0019-0000,0293-0019-0025,4088.09027372302,14,180431,679150.077961938
Portsmouth,,118,0294-0012-0000,178,17,,11,178-32751,8,CamaID: 0294-0012-0000,434 OCEAN RD,486547,08178-0294-0012-0000,0294-0012-0000,365.91169247279,11,180432,8243.25750300699
Portsmouth,,225,0294-0021-0000,178,54,,14,178-32768,8,CamaID: 0294-0021-0005,445 OCEAN RD #5,486548,08178-0294-0021-0000,0294-0021-0005,3474.42094457487,14,180433,515978.440909776
Portsmouth,,118,0294-009A-0000,178,17,,22,178-32773,8,CamaID: 0294-009A-0000,OCEAN RD,486549,08178-0294-009A-0000,0294-009A-0000,561.826201015863,22,180434,15359.0234162636
Portsmouth,,302,0272-0009-0004,178,57,,23,178-35864,8,CamaID: 0272-0009-0004,LAFAYETTE RD,486550,08178-0272-0009-0004,0272-0009-0004,1790.65201752086,23,180435,138391.604946311
Portsmouth,,119,0288-0003-0000,178,18,,57,178-38285,8,CamaID: 0288-0003-0000,EASTWOOD DR,486551,08178-0288-0003-0000,0288-0003-0000,4074.59122013209,57,180436,153055.410865455
Portsmouth,,118,0292-0053-0000,178,17,,11,178-32516,8,CamaID: 0292-0053-0000,17 SIMONDS RD,486552,08178-0292-0053-0000,0292-0053-0000,378.681318736279,11,180437,9265.50616143755
Portsmouth,,118,0292-0052-0000,178,17,,11,178-32515,8,CamaID: 0292-0052-0000,39 SUZANNE DR,486553,08178-0292-0052-0000,0292-0052-0000,379.412132677489,11,180438,8998.72168770762
Portsmouth,,118,0292-0032-0000,178,17,,11,178-32495,8,CamaID: 0292-0032-0000,37 SUZANNE DR,486554,08178-0292-0032-0000,0292-0032-0000,431.986454782759,11,180439,11461.7500842813
Portsmouth,,118,0292-0029-0000,178,17,,11,178-32493,8,CamaID: 0292-0029-0000,60 SUZANNE DR,486555,08178-0292-0029-0000,0292-0029-0000,485.384990418387,11,180440,13256.5361461846
Portsmouth,,118,0292-0028-0000,178,17,,11,178-32492,8,CamaID: 0292-0028-0000,58 SUZANNE DR,486556,08178-0292-0028-0000,0292-0028-0000,417.630182801026,11,180441,10203.2220107175
Portsmouth,,118,0292-0090-0000,178,17,,11,178-32553,8,CamaID: 0292-0090-0000,18 SUZANNE DR,486557,08178-0292-0090-0000,0292-0090-0000,578.155435245103,11,180442,15024.1196901711
Portsmouth,,118,0292-0220-0000,178,17,,11,178-32679,8,CamaID: 0292-0220-0000,375 OCEAN RD,486558,08178-0292-0220-0000,0292-0220-0000,458.138104074626,11,180443,12605.7555196174
Portsmouth,,302,0286-0003-0000,178,57,,57,178-32198,8,CamaID: 0286-0003-0000,12 ROBERT AVE,486559,08178-0286-0003-0000,0286-0003-0000,483.809345733173,57,180444,15085.079422105
Portsmouth,,112,0222-0042-0000,178,12,,11,178-29636,8,CamaID: 0222-0042-0000,100 MARNE AVE,486560,08178-0222-0042-0000,0222-0042-0000,424.065814182738,11,180445,11043.6199108873
Portsmouth,,123,0232-0144-0000,178,21,,11,178-30283,8,CamaID: 0232-0144-0000,90 SHEFFIELD RD,486561,08178-0232-0144-0000,0232-0144-0000,402.623071841413,11,180446,9547.47814112634
Portsmouth,,123,0232-0146-0000,178,21,,11,178-30285,8,CamaID: 0232-0146-0000,74 SHEFFIELD RD,486562,08178-0232-0146-0000,0232-0146-0000,359.758661604408,11,180447,8063.48532853566
Portsmouth,,121,0260-0123-0000,178,20,,11,178-31378,8,CamaID: 0260-0123-0000,153 COLONIAL DR,486563,08178-0260-0123-0000,0260-0123-0000,397.423295106494,11,180448,9169.24532167755
Portsmouth,,121,0260-0144-0000,178,20,,11,178-31398,8,CamaID: 0260-0144-0000,9 WORTHEN RD,486564,08178-0260-0144-0000,0260-0144-0000,340.99547252523,11,180449,7091.93542214386
Portsmouth,,103B,0150-0014-0000,178,5,,11,178-34682,8,CamaID: 0150-0014-0000,1048 SOUTH ST,486565,08178-0150-0014-0000,0150-0014-0000,904.439941269457,11,180450,41011.2162514692
Portsmouth,,121,0260-0119-0000,178,20,,11,178-31374,8,CamaID: 0260-0119-0000,42 DECATUR RD,486566,08178-0260-0119-0000,0260-0119-0000,341.810779115387,11,180451,6525.02738544288
Portsmouth,,103B,0150-0013-0000,178,5,,11,178-34681,8,CamaID: 0150-0013-0000,1030 SOUTH ST,486567,08178-0150-0013-0000,0150-0013-0000,466.59434081491,11,180452,9670.09233752931
Portsmouth,,121,0260-0097-0000,178,20,,11,178-31352,8,CamaID: 0260-0097-0000,43 WHIPPLE CT,486568,08178-0260-0097-0000,0260-0097-0000,392.486844540871,11,180453,9962.50143278665
Portsmouth,70,111,0204-0013-0000,178,11,,11,178-28621,8,CamaID: 0204-0013-0000,4 CURRIERS CV,486569,08178-0204-0013-0000,0204-0013-0000,1011.41556206973,11-70,180454,58370.4110638201
Portsmouth,,121,0260-0130-0000,178,20,,11,178-31385,8,CamaID: 0260-0130-0000,239 COLONIAL DR,486570,08178-0260-0130-0000,0260-0130-0000,387.804919700357,11,180455,7285.79897104509
Portsmouth,,121,0260-0100-0000,178,20,,11,178-31355,8,CamaID: 0260-0100-0000,9 WHIPPLE CT,486571,08178-0260-0100-0000,0260-0100-0000,339.784615690083,11,180456,6991.99858921639
Portsmouth,,121,0260-0018-0000,178,20,,11,178-31273,8,CamaID: 0260-0018-0000,8 HALL CT,486572,08178-0260-0018-0000,0260-0018-0000,398.394461491108,11,180457,9675.73512286663
Portsmouth,,121,0260-0131-0000,178,20,,11,178-31386,8,CamaID: 0260-0131-0000,253 COLONIAL DR,486573,08178-0260-0131-0000,0260-0131-0000,393.289028202291,11,180458,7988.54148934032
Portsmouth,,103B,0150-0012-0000,178,5,,11,178-34680,8,CamaID: 0150-0012-0000,1020 SOUTH ST,486574,08178-0150-0012-0000,0150-0012-0000,616.96677736684,11,180459,11818.8071481935
Portsmouth,,121,0260-0019-0000,178,20,,11,178-31274,8,CamaID: 0260-0019-0000,22 HALL CT,486575,08178-0260-0019-0000,0260-0019-0000,374.993469504613,11,180460,7822.93239209414
Portsmouth,70,111,0204-0012-0000,178,11,,11,178-28620,8,CamaID: 0204-0012-0000,3 CURRIERS CV,486576,08178-0204-0012-0000,0204-0012-0000,1456.44684911621,11-70,180461,86787.6931798258
Portsmouth,,121,0260-0114-0000,178,20,,11,178-31369,8,CamaID: 0260-0114-0000,116 DECATUR RD,486577,08178-0260-0114-0000,0260-0114-0000,384.158462069693,11,180462,8511.7869890587
Portsmouth,,121,0260-0056-0000,178,20,,11,178-31311,8,CamaID: 0260-0056-0000,438 COLONIAL DR,486578,08178-0260-0056-0000,0260-0056-0000,340.022902901896,11,180463,6586.94623370527
Portsmouth,,121,0261-0068-0000,178,20,,11,178-31488,8,CamaID: 0261-0068-0000,143 HOLLY LN,486579,08178-0261-0068-0000,0261-0068-0000,375.553763700247,11,180464,8334.42909820428
Portsmouth,,121,0260-0033-0000,178,20,,11,178-31288,8,CamaID: 0260-0033-0000,30 GEORGES TER,486580,08178-0260-0033-0000,0260-0033-0000,475.225550350429,11,180465,12431.8436258463
Portsmouth,,121,0260-0060-0000,178,20,,11,178-31315,8,CamaID: 0260-0060-0000,492 COLONIAL DR,486581,08178-0260-0060-0000,0260-0060-0000,333.734907164789,11,180466,6409.38928615223
Portsmouth,,121,0261-0069-0000,178,20,,11,178-31489,8,CamaID: 0261-0069-0000,159 HOLLY LN,486582,08178-0261-0069-0000,0261-0069-0000,393.325943061477,11,180467,9434.07771141649
Portsmouth,,121,0261-0053-0000,178,20,,11,178-31473,8,CamaID: 0261-0053-0000,188 HOLLY LN,486583,08178-0261-0053-0000,0261-0053-0000,363.307959873207,11,180468,7980.72921351589
Portsmouth,,121,0261-0071-0000,178,20,,11,178-31491,8,CamaID: 0261-0071-0000,207 HOLLY LN,486584,08178-0261-0071-0000,0261-0071-0000,394.608778965759,11,180469,8886.33575441636
Portsmouth,,121,0260-0045-0000,178,20,,11,178-31300,8,CamaID: 0260-0045-0000,403 COLONIAL DR,486585,08178-0260-0045-0000,0260-0045-0000,376.500097816649,11,180470,8435.15605424938
Portsmouth,,121,0260-0038-0000,178,20,,11,178-31293,8,CamaID: 0260-0038-0000,493 COLONIAL DR,486586,08178-0260-0038-0000,0260-0038-0000,341.059244484722,11,180471,6959.52790908246
Portsmouth,,121,0260-0044-0000,178,20,,11,178-31299,8,CamaID: 0260-0044-0000,413 COLONIAL DR,486587,08178-0260-0044-0000,0260-0044-0000,385.156285807862,11,180472,9083.4779181655
Portsmouth,,121,0260-0043-0000,178,20,,11,178-31298,8,CamaID: 0260-0043-0000,423 COLONIAL DR,486588,08178-0260-0043-0000,0260-0043-0000,371.045311456976,11,180473,8096.96389001208
Portsmouth,,121,0260-0041-0000,178,20,,11,178-31296,8,CamaID: 0260-0041-0000,447 COLONIAL DR,486589,08178-0260-0041-0000,0260-0041-0000,385.378133373791,11,180474,9311.67140745595
Portsmouth,,121,0260-0040-0000,178,20,,11,178-31295,8,CamaID: 0260-0040-0000,471 COLONIAL DR,486590,08178-0260-0040-0000,0260-0040-0000,400.254088431417,11,180475,9643.8205978578
Portsmouth,,121,0261-0046-0000,178,20,,11,178-31466,8,CamaID: 0261-0046-0000,252 HOLLY LN,486591,08178-0261-0046-0000,0261-0046-0000,450.011956475494,11,180476,11284.8004541265
Portsmouth,,121,0260-0037-0000,178,20,,11,178-31292,8,CamaID: 0260-0037-0000,19 GEORGES TER,486592,08178-0260-0037-0000,0260-0037-0000,418.106641814095,11,180477,10717.0303015558
Portsmouth,,121,0260-0036-0000,178,20,,11,178-31291,8,CamaID: 0260-0036-0000,29 GEORGES TER,486593,08178-0260-0036-0000,0260-0036-0000,379.93342387871,11,180478,8192.97159684483
Portsmouth,,121,0261-0052-0000,178,20,,11,178-31472,8,CamaID: 0261-0052-0000,200 HOLLY LN,486594,08178-0261-0052-0000,0261-0052-0000,439.959095957845,11,180479,10983.6120085049
Portsmouth,,121,0260-0034-0000,178,20,,11,178-31289,8,CamaID: 0260-0034-0000,38 GEORGES TER,486595,08178-0260-0034-0000,0260-0034-0000,765.416138884144,11,180480,27716.1511063671
Portsmouth,,121,0261-0051-0000,178,20,,11,178-31471,8,CamaID: 0261-0051-0000,202 HOLLY LN,486596,08178-0261-0051-0000,0261-0051-0000,404.177782347326,11,180481,9009.90283134023
Portsmouth,,121,0261-0048-0000,178,20,,11,178-31468,8,CamaID: 0261-0048-0000,240 HOLLY LN,486597,08178-0261-0048-0000,0261-0048-0000,404.11740163368,11,180482,9669.63003429724
Portsmouth,,121,0261-0050-0000,178,20,,11,178-31470,8,CamaID: 0261-0050-0000,212 HOLLY LN,486598,08178-0261-0050-0000,0261-0050-0000,418.286200091948,11,180483,9037.80930968392
Portsmouth,,121,0261-0049-0000,178,20,,11,178-31469,8,CamaID: 0261-0049-0000,230 HOLLY LN,486599,08178-0261-0049-0000,0261-0049-0000,498.904272452341,11,180484,15498.4489924464
Portsmouth,,130,0212-0085-0001,178,26,,11,178-29031,8,CamaID: 0212-0085-0001,189 CONCORD WAY,486600,08178-0212-0085-0001,0212-0085-0001,211.213407585055,11,180485,2029.57490600978
Portsmouth,,104,0152-0048-0000,178,6,,11,178-34792,8,CamaID: 0152-0048-0000,880 MIDDLE ST,486601,08178-0152-0048-0000,0152-0048-0000,719.859202473828,11,180486,26993.4303265422
Portsmouth,,103B,0148-0037-0000,178,5,,11,178-34571,8,CamaID: 0148-0037-0000,765 MIDDLE ST,486602,08178-0148-0037-0000,0148-0037-0000,586.524737638391,11,180487,21072.8334453208
Portsmouth,,304,0206-0033-0000,178,59,,27,178-35316,8,CamaID: 0206-0033-0000,CLOUGH DR,486603,08178-0206-0033-0000,0206-0033-0000,1528.24063754654,27,180488,135533.272947095
Portsmouth,,129,0234-0010-0000,178,25,,11,178-30513,8,CamaID: 0234-0010-0000,78 COAKLEY RD,486604,08178-0234-0010-0000,0234-0010-0000,363.651768923213,11,180489,7978.36187317994
Portsmouth,,129,0234-0012-0000,178,25,,11,178-30515,8,CamaID: 0234-0012-0000,70 COAKLEY RD,486605,08178-0234-0012-0000,0234-0012-0000,602.49901987324,11,180490,15262.7865366198
Portsmouth,,129,0234-0008-0000,178,25,,11,178-30511,8,CamaID: 0234-0008-0000,86 COAKLEY RD,486606,08178-0234-0008-0000,0234-0008-0000,507.902376082461,11,180491,12445.4890092729
Portsmouth,,129,0234-0044-0000,178,25,,11,178-30547,8,CamaID: 0234-0044-0000,39 COAKLEY RD,486607,08178-0234-0044-0000,0234-0044-0000,336.206701500601,11,180492,7847.07394281596
Portsmouth,,129,0234-0043-0000,178,25,,11,178-30546,8,CamaID: 0234-0043-0000,35 COAKLEY RD,486608,08178-0234-0043-0000,0234-0043-0000,382.863063176618,11,180493,8498.69889635858
Portsmouth,,129,0234-0045-0000,178,25,,11,178-30548,8,CamaID: 0234-0045-0000,43 COAKLEY RD,486609,08178-0234-0045-0000,0234-0045-0000,332.391424357179,11,180494,7056.80498825993
Portsmouth,,129,0234-0041-0000,178,25,,11,178-30544,8,CamaID: 0234-0041-0000,15 LARRY LN,486610,08178-0234-0041-0000,0234-0041-0000,358.065425668457,11,180495,8122.95577461354
Portsmouth,,114,0268-0047-0000,178,14,,11,178-31568,8,CamaID: 0268-0047-0000,415 GRANT AVE,486611,08178-0268-0047-0000,0268-0047-0000,563.464654788557,11,180496,19365.8324371822
Portsmouth,,114,0268-0051-0000,178,14,,11,178-31572,8,CamaID: 0268-0051-0000,11 TAFT RD,486612,08178-0268-0051-0000,0268-0051-0000,574.334316303002,11,180497,18885.258800459
Portsmouth,,114,0268-0043-0000,178,14,,11,178-31564,8,CamaID: 0268-0043-0000,420 GRANT AVE,486613,08178-0268-0043-0000,0268-0043-0000,430.526343750838,11,180498,11921.2984649403
Portsmouth,,114,0268-0075-0000,178,14,,11,178-31596,8,CamaID: 0268-0075-0000,405 GRANT AVE,486614,08178-0268-0075-0000,0268-0075-0000,543.526396032233,11,180499,16415.6332365117
Portsmouth,,301,0267-0028-0000,178,56,,34,178-35822,8,CamaID: 0267-0028-0000,430 WEST RD,486615,08178-0267-0028-0000,0267-0028-0000,1596.37986693918,34,180500,150667.635427276
Portsmouth,,114,0268-0042-0000,178,14,,11,178-31563,8,CamaID: 0268-0042-0000,5 HOOVER DR,486616,08178-0268-0042-0000,0268-0042-0000,427.67261958393,11,180501,11906.6707591181
Portsmouth,,131,0160-0012-0000,178,27,,11,178-34958,8,CamaID: 0160-0012-0000,30 SPARHAWK ST,486617,08178-0160-0012-0000,0160-0012-0000,260.26939706404,11,180502,3964.0088349599
Portsmouth,,131,0160-0010-0000,178,27,,11,178-34956,8,CamaID: 0160-0010-0000,120 THORNTON ST,486618,08178-0160-0010-0000,0160-0010-0000,344.801408728336,11,180503,5734.97080949485
Portsmouth,,131,0160-0019-0000,178,27,,11,178-34964,8,CamaID: 0160-0019-0000,29 BURKITT ST,486619,08178-0160-0019-0000,0160-0019-0000,300.133300239061,11,180504,5074.30476098391
Portsmouth,,131,0160-0018-0000,178,27,,11,178-34963,8,CamaID: 0160-0018-0000,21 BURKITT ST,486620,08178-0160-0018-0000,0160-0018-0000,229.634323138473,11,180505,3272.75377794936
Portsmouth,,131,0160-0009-0000,178,27,,11,178-34955,8,CamaID: 0160-0009-0000,130 THORNTON ST,486621,08178-0160-0009-0000,0160-0009-0000,208.516794173382,11,180506,2632.04275038652
Portsmouth,,131,0160-0008-0000,178,27,,11,178-34954,8,CamaID: 0160-0008-0000,140 THORNTON ST,486622,08178-0160-0008-0000,0160-0008-0000,219.823553523239,11,180507,3014.37748056579
Portsmouth,,131,0160-0024-0000,178,27,,11,178-34969,8,CamaID: 0160-0024-0000,460 DENNETT ST,486623,08178-0160-0024-0000,0160-0024-0000,222.801291909105,11,180508,2728.904502126
Portsmouth,,131,0160-0025-0000,178,27,,11,178-34970,8,CamaID: 0160-0025-0000,466 DENNETT ST,486624,08178-0160-0025-0000,0160-0025-0000,240.404624579621,11,180509,3372.03707691508
Portsmouth,,131,0160-0026-0000,178,27,,11,178-34971,8,CamaID: 0160-0026-0000,480 DENNETT ST,486625,08178-0160-0026-0000,0160-0026-0000,367.397560980635,11,180510,7649.86133195321
Portsmouth,,131,0161-0001-0000,178,27,,11,178-34987,8,CamaID: 0161-0001-0000,500 DENNETT ST,486626,08178-0161-0001-0000,0161-0001-0000,282.09067829808,11,180511,4966.14175984301
Portsmouth,,131,0160-0023-0000,178,27,,11,178-34968,8,CamaID: 0160-0023-0000,24 BURKITT ST,486627,08178-0160-0023-0000,0160-0023-0000,251.617105350058,11,180512,3595.82019158147
Portsmouth,,131,0160-0022-0000,178,27,,11,178-34967,8,CamaID: 0160-0022-0000,30 BURKITT ST,486628,08178-0160-0022-0000,0160-0022-0000,261.580530189678,11,180513,4213.99273442425
Portsmouth,,131,0160-0020-0000,178,27,,11,178-34965,8,CamaID: 0160-0020-0000,172 THORNTON ST,486629,08178-0160-0020-0000,0160-0020-0000,386.198533653256,11,180514,8763.2688274844
Portsmouth,,131,0161-0022-0000,178,27,,11,178-35008,8,CamaID: 0161-0022-0000,397 BARTLETT ST,486630,08178-0161-0022-0000,0161-0022-0000,283.897219996647,11,180515,5014.05526521106
Portsmouth,,131,0161-0023-0000,178,27,,22,178-35009,8,CamaID: 0161-0023-0000,BARTLETT ST,486631,08178-0161-0023-0000,0161-0023-0000,246.391544414721,22,180516,3728.77465712972
Portsmouth,,131,0161-0014-0000,178,27,,11,178-35000,8,CamaID: 0161-0014-0000,326 THORNTON ST,486632,08178-0161-0014-0000,0161-0014-0000,416.135216028774,11,180517,9112.24487565549
Portsmouth,,131,0161-0015-0000,178,27,,11,178-35001,8,CamaID: 0161-0015-0000,308 THORNTON ST,486633,08178-0161-0015-0000,0161-0015-0000,331.511161570075,11,180518,4454.94695938825
Portsmouth,,131,0161-0016-0000,178,27,,11,178-35002,8,CamaID: 0161-0016-0000,306 THORNTON ST,486634,08178-0161-0016-0000,0161-0016-0000,323.242823116582,11,180519,4313.53351857617
Portsmouth,,131,0175-0008-0000,178,27,,11,178-35288,8,CamaID: 0175-0008-0000,263 WOODBURY AVE,486635,08178-0175-0008-0000,0175-0008-0000,377.190736180757,11,180520,7670.68035620162
Portsmouth,,131,0161-0024-0000,178,27,,11,178-35010,8,CamaID: 0161-0024-0000,378 THORNTON ST,486636,08178-0161-0024-0000,0161-0024-0000,476.056279065207,11,180521,11166.1046771797
Portsmouth,,131,0175-0009-0000,178,27,,11,178-35289,8,CamaID: 0175-0009-0000,251 WOODBURY AVE,486637,08178-0175-0009-0000,0175-0009-0000,386.386058602849,11,180522,7976.00431073521
Portsmouth,,131,0161-0025-0000,178,27,,11,178-35011,8,CamaID: 0161-0025-0000,364 THORNTON ST,486638,08178-0161-0025-0000,0161-0025-0000,235.505081506381,11,180523,2745.4106892829
Portsmouth,,204,0162-0064-0000,178,34,,14,178-38854,8,CamaID: 0162-0064-0001,33 WOODBURY AVE #33,486639,08178-0162-0064-0000,0162-0064-0001,336.907888431899,14,180524,6843.8957940914
Portsmouth,,131,0162-0065-0000,178,27,,11,178-35092,8,CamaID: 0162-0065-0000,19 WOODBURY AVE,486640,08178-0162-0065-0000,0162-0065-0000,221.762617116696,11,180525,2910.5712014973
Portsmouth,,131,0162-0043-0000,178,27,,11,178-35071,8,CamaID: 0162-0043-0000,216 BARTLETT ST,486641,08178-0162-0043-0000,0162-0043-0000,249.170827187599,11,180526,3260.54949191218
Portsmouth,,131,0162-0034-0000,178,27,,11,178-35062,8,CamaID: 0162-0034-0000,25 CLINTON ST,486642,08178-0162-0034-0000,0162-0034-0000,267.434795534307,11,180527,4040.14893755114
Portsmouth,,131,0162-0035-0000,178,27,,11,178-35063,8,CamaID: 0162-0035-0000,33 CLINTON ST,486643,08178-0162-0035-0000,0162-0035-0000,313.729067275872,11,180528,3780.37356851877
Portsmouth,,131,0162-0036-0000,178,27,,12,178-35064,8,CamaID: 0162-0036-0000,41 CLINTON ST,486644,08178-0162-0036-0000,0162-0036-0000,348.925532539371,12,180529,6020.73183748091
Portsmouth,,131,0162-0037-0000,178,27,,11,178-35065,8,CamaID: 0162-0037-0000,51 CLINTON ST,486645,08178-0162-0037-0000,0162-0037-0000,370.162722930339,11,180530,7380.68950738956
Portsmouth,,131,0162-0038-0000,178,27,,11,178-35066,8,CamaID: 0162-0038-0000,63 CLINTON ST,486646,08178-0162-0038-0000,0162-0038-0000,381.569675749435,11,180531,7851.52948946591
Portsmouth,,131,0162-0039-0000,178,27,,11,178-35067,8,CamaID: 0162-0039-0000,81 CLINTON ST,486647,08178-0162-0039-0000,0162-0039-0000,370.794060599207,11,180532,7087.01725206021
Portsmouth,,131,0159-0046-0000,178,27,,11,178-34941,8,CamaID: 0159-0046-0000,162 STARK ST,486648,08178-0159-0046-0000,0159-0046-0000,225.315221083436,11,180533,3165.97561690855
Portsmouth,,131,0159-0049-0000,178,27,,11,178-34944,8,CamaID: 0159-0049-0000,100 STARK ST,486649,08178-0159-0049-0000,0159-0049-0000,309.620863895421,11,180534,5844.94771873591
Portsmouth,73,131,0159-0002-0000,178,27,,11,178-34897,8,CamaID: 0159-0002-0000,89 SPARHAWK ST,486650,08178-0159-0002-0000,0159-0002-0000,555.058945158949,11-73,180535,19139.2107441347
Portsmouth,,131,0159-0012-0000,178,27,,12,178-34907,8,CamaID: 0159-0012-0000,146 SPARHAWK ST,486651,08178-0159-0012-0000,0159-0012-0000,270.547711285529,12,180536,4278.90603157478
Portsmouth,,131,0159-0013-0000,178,27,,11,178-34908,8,CamaID: 0159-0013-0000,136 SPARHAWK ST,486652,08178-0159-0013-0000,0159-0013-0000,275.918416198342,11,180537,4398.61207975545
Portsmouth,,131,0159-0014-0000,178,27,,11,178-34909,8,CamaID: 0159-0014-0000,116 SPARHAWK ST,486653,08178-0159-0014-0000,0159-0014-0000,387.187479132748,11,180538,9346.64195939657
Portsmouth,,131,0159-0015-0000,178,27,,12,178-34910,8,CamaID: 0159-0015-0000,108 SPARHAWK ST,486654,08178-0159-0015-0000,0159-0015-0000,297.571095127804,12,180539,4947.50286138322
Portsmouth,,131,0159-0016-0000,178,27,,11,178-34911,8,CamaID: 0159-0016-0000,96 SPARHAWK ST,486655,08178-0159-0016-0000,0159-0016-0000,306.223567862279,11,180540,5149.65137088588
Portsmouth,,131,0159-0017-0000,178,27,,11,178-34912,8,CamaID: 0159-0017-0000,76 SPARHAWK ST,486656,08178-0159-0017-0000,0159-0017-0000,421.970427478527,11,180541,9605.13265675142
Portsmouth,,131,0159-015A-0000,178,27,,11,178-34946,8,CamaID: 0159-015A-0000,117 BURKITT ST,486657,08178-0159-015A-0000,0159-015A-0000,297.213015672644,11,180542,4946.35262085438
Portsmouth,,131,0159-0024-0000,178,27,,11,178-34919,8,CamaID: 0159-0024-0000,129 BURKITT ST,486658,08178-0159-0024-0000,0159-0024-0000,392.40950355381,11,180543,9568.10712125285
Portsmouth,,131,0159-0026-0000,178,27,,22,178-34921,8,CamaID: 0159-0026-0000,199 CLINTON ST,486659,08178-0159-0026-0000,0159-0026-0000,311.396975829297,22,180544,4999.07960134382
Portsmouth,,204,0164-0006-0000,178,34,,14,178-53486,8,CamaID: 0164-0006-000G,621 ISLINGTON ST #G,486660,08178-0164-0006-0000,0164-0006-000G,493.410843942534,14,180545,15132.5127168795
Portsmouth,,103B,0148-0039-0000,178,5,,11,178-34573,8,CamaID: 0148-0039-0000,625 LINCOLN AVE,486661,08178-0148-0039-0000,0148-0039-0000,424.098303588681,11,180546,8162.28330254661
Portsmouth,,103B,0148-0040-0000,178,5,,11,178-34574,8,CamaID: 0148-0040-0000,615 LINCOLN AVE,486662,08178-0148-0040-0000,0148-0040-0000,298.261362213894,11,180547,4928.70049359784
Portsmouth,,103B,0148-0053-0000,178,5,,11,178-34587,8,CamaID: 0148-0053-0000,555 LINCOLN AVE,486663,08178-0148-0053-0000,0148-0053-0000,357.394746627466,11,180548,6979.30306262457
Portsmouth,,103B,0133-0044-0000,178,5,,11,178-33938,8,CamaID: 0133-0044-0000,484 UNION ST,486664,08178-0133-0044-0000,0133-0044-0000,385.123366076125,11,180549,5969.95926605216
Portsmouth,,103B,0133-0043-0000,178,5,,11,178-33937,8,CamaID: 0133-0043-0000,492 UNION ST,486665,08178-0133-0043-0000,0133-0043-0000,385.500800351466,11,180550,5997.3564353889
Portsmouth,,103B,0133-0042-0000,178,5,,11,178-33936,8,CamaID: 0133-0042-0000,500 UNION ST,486666,08178-0133-0042-0000,0133-0042-0000,387.233834253239,11,180551,6068.37073386636
Portsmouth,,103B,0133-0041-0000,178,5,,11,178-33935,8,CamaID: 0133-0041-0000,508 UNION ST,486667,08178-0133-0041-0000,0133-0041-0000,387.262375916792,11,180552,6003.8294766736
Portsmouth,,103B,0133-0040-0000,178,5,,11,178-33934,8,CamaID: 0133-0040-0000,516 UNION ST,486668,08178-0133-0040-0000,0133-0040-0000,390.332680721935,11,180553,6172.91084065845
Portsmouth,,103B,0133-0036-0000,178,5,,11,178-33930,8,CamaID: 0133-0036-0000,25 HAWTHORNE ST,486669,08178-0133-0036-0000,0133-0036-0000,304.958290521317,11,180554,5125.96420509625
Portsmouth,,103B,0133-0039-0000,178,5,,11,178-33933,8,CamaID: 0133-0039-0000,524 UNION ST,486670,08178-0133-0039-0000,0133-0039-0000,307.15145927084,11,180555,5093.19338131739
Portsmouth,,103B,0133-0037-0000,178,5,,11,178-33931,8,CamaID: 0133-0037-0000,15 HAWTHORNE ST,486671,08178-0133-0037-0000,0133-0037-0000,206.514875397875,11,180556,2659.29666726598
Portsmouth,,103B,0133-0050-0000,178,5,,11,178-33943,8,CamaID: 0133-0050-0000,175 WIBIRD ST,486672,08178-0133-0050-0000,0133-0050-0000,316.810141485656,11,180557,5543.04737822573
Portsmouth,,103B,0133-0051-0000,178,5,,11,178-33944,8,CamaID: 0133-0051-0000,189 WIBIRD ST,486673,08178-0133-0051-0000,0133-0051-0000,436.780895898191,11,180558,9495.60825736823
Portsmouth,,103B,0133-0052-0000,178,5,,11,178-33945,8,CamaID: 0133-0052-0000,199 WIBIRD ST,486674,08178-0133-0052-0000,0133-0052-0000,428.248450121089,11,180559,8752.24075611728
Portsmouth,,103B,0133-0053-0000,178,5,,11,178-33946,8,CamaID: 0133-0053-0000,205 WIBIRD ST,486675,08178-0133-0053-0000,0133-0053-0000,428.216763168531,11,180560,8736.87442481431
Portsmouth,,103B,0133-0018-0000,178,5,,11,178-33913,8,CamaID: 0133-0018-0000,46 WILLOW LN,486676,08178-0133-0018-0000,0133-0018-0000,318.203248032811,11,180561,6118.6891905013
Portsmouth,,103B,0133-0019-0000,178,5,,12,178-33914,8,CamaID: 0133-0019-0000,28 WILLOW LN,486677,08178-0133-0019-0000,0133-0019-0000,311.515279902157,12,180562,5893.09917025839
Portsmouth,,,0133-0000-0000,178,,,,,,,,486678,08178-0133-0000-0000,,305.721705142703,,180563,1862.43264111456
Portsmouth,,103B,0133-0021-0000,178,5,,12,178-33915,8,CamaID: 0133-0021-0000,485 UNION ST,486679,08178-0133-0021-0000,0133-0021-0000,229.60419898828,12,180564,2994.01487246496
Portsmouth,,103B,0133-0022-0000,178,5,,11,178-33916,8,CamaID: 0133-0022-0000,495 UNION ST,486680,08178-0133-0022-0000,0133-0022-0000,248.924440865598,11,180565,3728.21840911814
Portsmouth,,103B,0133-0004-0000,178,5,,11,178-33899,8,CamaID: 0133-0004-0000,410 LINCOLN AVE,486681,08178-0133-0004-0000,0133-0004-0000,324.322034552683,11,180566,6130.41313282241
Portsmouth,,103B,0133-0003-0000,178,5,,11,178-33898,8,CamaID: 0133-0003-0000,398 LINCOLN AVE,486682,08178-0133-0003-0000,0133-0003-0000,320.786151107428,11,180567,6027.40120367796
Portsmouth,,103B,0133-0002-0000,178,5,,11,178-33897,8,CamaID: 0133-0002-0000,384 LINCOLN AVE,486683,08178-0133-0002-0000,0133-0002-0000,337.754649868051,11,180568,6832.45978675822
Portsmouth,,103B,0133-0001-0000,178,5,,12,178-33896,8,CamaID: 0133-0001-0000,374 LINCOLN AVE,486684,08178-0133-0001-0000,0133-0001-0000,404.169260152558,12,180569,9990.71240670504
Portsmouth,,103B,0133-0012-0000,178,5,,11,178-33907,8,CamaID: 0133-0012-0000,178 BROAD ST,486685,08178-0133-0012-0000,0133-0012-0000,348.120418264933,11,180570,6127.60484616396
Portsmouth,,103B,0133-0010-0000,178,5,,11,178-33905,8,CamaID: 0133-0010-0000,91 SPRING ST,486686,08178-0133-0010-0000,0133-0010-0000,299.176949521127,11,180571,4986.27939867782
Portsmouth,,103B,0133-0009-0000,178,5,,11,178-33904,8,CamaID: 0133-0009-0000,101 SPRING ST,486687,08178-0133-0009-0000,0133-0009-0000,298.825045557956,11,180572,4962.16005134334
Portsmouth,,103B,0133-0008-0000,178,5,,11,178-33903,8,CamaID: 0133-0008-0000,109 SPRING ST,486688,08178-0133-0008-0000,0133-0008-0000,299.564539418153,11,180573,4992.17757488738
Portsmouth,,103B,0133-0007-0000,178,5,,11,178-33902,8,CamaID: 0133-0007-0000,129 SPRING ST,486689,08178-0133-0007-0000,0133-0007-0000,299.581244848154,11,180574,4985.88838853451
Portsmouth,,103B,0133-0013-0000,178,5,,11,178-33908,8,CamaID: 0133-0013-0000,210 BROAD ST,486690,08178-0133-0013-0000,0133-0013-0000,501.453137156946,11,180575,14999.2154308966
Portsmouth,,103B,0131-0012-0000,178,5,,11,178-33821,8,CamaID: 0131-0012-0000,230 BROAD ST,486691,08178-0131-0012-0000,0131-0012-0000,501.81115544247,11,180576,10178.0901694337
Portsmouth,,103B,0131-0011-0000,178,5,,11,178-33820,8,CamaID: 0131-0011-0000,240 BROAD ST,486692,08178-0131-0011-0000,0131-0011-0000,500.048186706895,11,180577,10001.7473523603
Portsmouth,,103B,0131-0010-0000,178,5,,11,178-33819,8,CamaID: 0131-0010-0000,250 BROAD ST,486693,08178-0131-0010-0000,0131-0010-0000,510.558153494755,11,180578,11053.4221607975
Portsmouth,,103B,0131-0007-0000,178,5,,11,178-33816,8,CamaID: 0131-0007-0000,751 SOUTH ST,486694,08178-0131-0007-0000,0131-0007-0000,799.40226364348,11,180579,30125.8565173557
Portsmouth,,103B,0131-0009-0000,178,5,,11,178-33818,8,CamaID: 0131-0009-0000,260 BROAD ST,486695,08178-0131-0009-0000,0131-0009-0000,400.428238312885,11,180580,10019.5639515162
Portsmouth,,103B,0131-0025-0000,178,5,,11,178-33829,8,CamaID: 0131-0025-0000,364 MILLER AVE,486696,08178-0131-0025-0000,0131-0025-0000,423.99173612452,11,180581,10314.2123738086
Portsmouth,,204,0131-0021-0000,178,34,,14,178-33847,8,CamaID: 0131-0021-0010,677 SOUTH ST #10,486697,08178-0131-0021-0000,0131-0021-0010,194.926084849912,14,180582,2106.11877355172
Portsmouth,,204,0131-0022-0000,178,34,,14,178-33851,8,CamaID: 0131-0022-0015,675 SOUTH ST #15,486698,08178-0131-0022-0000,0131-0022-0015,193.811701134964,14,180583,1995.23239806429
Portsmouth,,204,0131-0023-0000,178,34,,14,178-33856,8,CamaID: 0131-0023-0001,673 SOUTH ST #1,486699,08178-0131-0023-0000,0131-0023-0001,195.523510330434,14,180584,2121.36070390729
Portsmouth,,103B,0112-0003-0000,178,5,,11,178-33279,8,CamaID: 0112-0003-0000,612 SOUTH ST,486700,08178-0112-0003-0000,0112-0003-0000,348.914040452079,11,180585,7007.48790894544
Portsmouth,,103B,0130-0011-0000,178,5,,11,178-33761,8,CamaID: 0130-0011-0000,302 MILLER AVE,486701,08178-0130-0011-0000,0130-0011-0000,303.31928485265,11,180586,5124.95454543709
Portsmouth,,103B,0130-0012-0000,178,5,,12,178-33762,8,CamaID: 0130-0012-0000,290 MILLER AVE,486702,08178-0130-0012-0000,0130-0012-0000,300.88125171744,12,180587,4995.38168380118
Portsmouth,,103B,0130-0013-0000,178,5,,11,178-33763,8,CamaID: 0130-0013-0000,30 SPRING ST,486703,08178-0130-0013-0000,0130-0013-0000,301.656480009248,11,180588,5051.29573849138
Portsmouth,,103B,0130-0014-0000,178,5,,11,178-33764,8,CamaID: 0130-0014-0000,36 SPRING ST,486704,08178-0130-0014-0000,0130-0014-0000,299.441039063435,11,180589,4944.59099060255
Portsmouth,,103B,0130-0015-0000,178,5,,11,178-33765,8,CamaID: 0130-0015-0000,46 SPRING ST,486705,08178-0130-0015-0000,0130-0015-0000,185.622949277743,11,180590,2129.62130300272
Portsmouth,,103B,0130-0017-0000,178,5,,11,178-33767,8,CamaID: 0130-0017-0000,217 BROAD ST,486706,08178-0130-0017-0000,0130-0017-0000,301.026640569581,11,180591,4994.60602603723
Portsmouth,,103B,0130-0018-0000,178,5,,12,178-33768,8,CamaID: 0130-0018-0000,177 BROAD ST,486707,08178-0130-0018-0000,0130-0018-0000,297.714482557904,12,180592,4913.49561056992
Portsmouth,,103B,0130-0019-0000,178,5,,11,178-33769,8,CamaID: 0130-0019-0000,185 BROAD ST,486708,08178-0130-0019-0000,0130-0019-0000,304.02133713579,11,180593,5262.47948778014
Portsmouth,,103B,0130-0020-0000,178,5,,11,178-33770,8,CamaID: 0130-0020-0000,39 SPRING ST,486709,08178-0130-0020-0000,0130-0020-0000,300.301637467384,11,180594,4971.44510683004
Portsmouth,,103B,0130-0021-0000,178,5,,11,178-33771,8,CamaID: 0130-0021-0000,29 SPRING ST,486710,08178-0130-0021-0000,0130-0021-0000,316.704234512224,11,180595,6244.20252631534
Portsmouth,,103B,0130-0023-0000,178,5,,11,178-33773,8,CamaID: 0130-0023-0000,260 MILLER AVE,486711,08178-0130-0023-0000,0130-0023-0000,215.336651547303,11,180596,2730.33752785619
Portsmouth,,103B,0130-0024-0000,178,5,,12,178-33774,8,CamaID: 0130-0024-0000,294 LINCOLN AVE,486712,08178-0130-0024-0000,0130-0024-0000,399.620104048869,12,180597,9846.84882648324
Portsmouth,,103B,0130-0025-0000,178,5,,11,178-33775,8,CamaID: 0130-0025-0000,312 LINCOLN AVE,486713,08178-0130-0025-0000,0130-0025-0000,328.107367471856,11,180598,4851.25352678719
Portsmouth,,101,0102-0074-0000,178,2,,11,178-32945,8,CamaID: 0102-0074-0000,326 MARCY ST,486714,08178-0102-0074-0000,0102-0074-0000,220.413177180164,11,180599,2629.50139949595
Portsmouth,,101,0102-0012-0000,178,2,,11,178-32890,8,CamaID: 0102-0012-0000,325 MARCY ST,486715,08178-0102-0012-0000,0102-0012-0000,196.800062267712,11,180600,2258.25653660934
Portsmouth,,101,0102-0021-0000,178,2,,11,178-32897,8,CamaID: 0102-0021-0000,32 PICKERING ST,486716,08178-0102-0021-0000,0102-0021-0000,347.36007440575,11,180601,5150.25394201809
Portsmouth,,101,0102-0020-0000,178,2,,11,178-32896,8,CamaID: 0102-0020-0000,38 PICKERING ST,486717,08178-0102-0020-0000,0102-0020-0000,203.398979573765,11,180602,1853.60355627795
Portsmouth,,101,0102-0076-0000,178,2,,11,178-32946,8,CamaID: 0102-0076-0000,294 MARCY ST,486718,08178-0102-0076-0000,0102-0076-0000,219.507065479226,11,180603,2879.91978071839
Portsmouth,,101,0103-0047-0000,178,2,,11,178-32997,8,CamaID: 0103-0047-0000,293 MARCY ST,486719,08178-0103-0047-0000,0103-0047-0000,160.605544359963,11,180604,1489.46376418624
Portsmouth,73,101,0103-0046-0000,178,2,,11,178-32996,8,CamaID: 0103-0046-0000,287 MARCY ST,486720,08178-0103-0046-0000,0103-0046-0000,168.692873270945,11-73,180605,1635.13352366322
Portsmouth,,204,0103-0045-0000,178,34,,14,178-37200,8,CamaID: 0103-0045-0001,277 MARCY ST #1,486721,08178-0103-0045-0000,0103-0045-0001,262.9066963563,14,180606,4188.7090697253
Portsmouth,,101,0103-0044-0000,178,2,,11,178-50011,8,CamaID: 0103-0044-0000,267 MARCY ST,486722,08178-0103-0044-0000,0103-0044-0000,275.545618139354,11,180607,4704.28444933303
Portsmouth,,101,0103-0033-0000,178,2,,22,178-32986,8,CamaID: 0103-0033-0000,MECHANIC ST,486723,08178-0103-0033-0000,0103-0033-0000,129.779792992699,22,180608,971.147484416197
Portsmouth,,305,0103-0043-0000,178,60,,57,178-32994,8,CamaID: 0103-0043-0000,30 GARDNER ST,486724,08178-0103-0043-0000,0103-0043-0000,405.140369154781,57,180609,10281.5011840657
Portsmouth,73,101,0103-0042-0000,178,2,,11,178-32993,8,CamaID: 0103-0042-0000,44 GARDNER ST,486725,08178-0103-0042-0000,0103-0042-0000,323.354092867094,11-73,180610,6332.05333637657
Portsmouth,,101,0103-0041-0000,178,2,,57,178-37182,8,CamaID: 0103-0041-0000,49 MECHANIC ST,486726,08178-0103-0041-0000,0103-0041-0000,511.429303560984,57,180611,14241.0778373034
Portsmouth,,101,0102-0001-0000,178,2,,11,178-32879,8,CamaID: 0102-0001-0000,305 MARCY ST,486727,08178-0102-0001-0000,0102-0001-0000,205.634233717313,11,180612,2647.34902186349
Portsmouth,73,101,0102-0023-0000,178,2,,11,178-32899,8,CamaID: 0102-0023-0000,18 PICKERING ST,486728,08178-0102-0023-0000,0102-0023-0000,325.708241883904,11-73,180613,5509.97975461938
Portsmouth,,102,0102-0067-0000,178,3,,11,178-32940,8,CamaID: 0102-0067-0000,395 PLEASANT ST,486729,08178-0102-0067-0000,0102-0067-0000,192.621685113288,11,180614,2287.89025983085
Portsmouth,,102,0102-0069-0000,178,3,,11,178-32942,8,CamaID: 0102-0069-0000,421 PLEASANT ST,486730,08178-0102-0069-0000,0102-0069-0000,450.63501435768,11,180615,11575.9630864476
Portsmouth,,101,0102-0011-0000,178,2,,11,178-32889,8,CamaID: 0102-0011-0000,16 HUNKING ST,486731,08178-0102-0011-0000,0102-0011-0000,182.834372160684,11,180616,2055.83270455459
Portsmouth,,103B,0130-0026-0000,178,5,,12,178-33776,8,CamaID: 0130-0026-0000,322 LINCOLN AVE,486732,08178-0130-0026-0000,0130-0026-0000,335.910695470273,12,180617,5510.60358351514
Portsmouth,,204,0130-0027-0000,178,34,,14,178-38316,8,CamaID: 0130-0027-0002,334 LINCOLN AVE #2,486733,08178-0130-0027-0000,0130-0027-0002,354.638097343747,14,180618,7667.56283207141
Portsmouth,,103A,0112-0013-0000,178,4,,11,178-33289,8,CamaID: 0112-0013-0000,370 RICHARDS AVE,486734,08178-0112-0013-0000,0112-0013-0000,338.943197689233,11,180619,6168.44861903935
Portsmouth,,103A,0112-0012-0000,178,4,,11,178-33288,8,CamaID: 0112-0012-0000,380 RICHARDS AVE,486735,08178-0112-0012-0000,0112-0012-0000,337.027350159575,11,180620,6000.93604152445
Portsmouth,,305,0103-0048-0000,178,60,,57,178-37183,8,CamaID: 0103-0048-0000,280 MARCY ST,486736,08178-0103-0048-0000,0103-0048-0000,399.973643394536,57,180621,9728.54646938534
Portsmouth,,102,0103-0059-0000,178,3,,11,178-33008,8,CamaID: 0103-0059-0000,11 MEETING HOUSE HILL RD,486737,08178-0103-0059-0000,0103-0059-0000,246.169543513856,11,180622,3422.67083309301
Portsmouth,,101,0103-0049-0000,178,2,,11,178-32998,8,CamaID: 0103-0049-0000,260 MARCY ST,486738,08178-0103-0049-0000,0103-0049-0000,214.589795838625,11,180623,2908.44026900554
Portsmouth,,102,0103-0058-0000,178,3,,11,178-33007,8,CamaID: 0103-0058-0000,51 MANNING ST,486739,08178-0103-0058-0000,0103-0058-0000,236.33321313731,11,180624,3160.60287854179
Portsmouth,,128,0218-0004-0000,178,24,,22,178-29262,8,CamaID: 0218-0004-0000,BIRCH ST,486740,08178-0218-0004-0000,0218-0004-0000,573.051973591222,22,180625,19762.3131823523
Portsmouth,,128,0218-0009-0000,178,24,,11,178-29267,8,CamaID: 0218-0009-0000,22 MANGROVE ST,486741,08178-0218-0009-0000,0218-0009-0000,395.017475306238,11,180626,9676.2221579573
Portsmouth,,304,0218-0002-1100,178,59,,13,178-38182,8,CamaID: 0218-0002-1100,6 BLUE HERON DR,486742,08178-0218-0002-1100,0218-0002-1100,3874.12228809117,13,180627,469769.376858814
Portsmouth,,128,0218-0031-0000,178,24,,11,178-29281,8,CamaID: 0218-0031-0000,260 KEARSARGE WAY,486743,08178-0218-0031-0000,0218-0031-0000,466.607901092026,11,180628,13402.4911744797
Portsmouth,,128,0218-0006-0000,178,24,,11,178-29264,8,CamaID: 0218-0006-0000,43 MANGROVE ST,486744,08178-0218-0006-0000,0218-0006-0000,341.064399151168,11,180629,7115.22516393167
Portsmouth,,128,0218-0007-0000,178,24,,11,178-29265,8,CamaID: 0218-0007-0000,55 MANGROVE ST,486745,08178-0218-0007-0000,0218-0007-0000,474.194074291642,11,180630,12160.4115695601
Portsmouth,,128,0218-0008-0000,178,24,,11,178-29266,8,CamaID: 0218-0008-0000,46 MANGROVE ST,486746,08178-0218-0008-0000,0218-0008-0000,325.353826315722,11,180631,6472.90754410078
Portsmouth,,128,0218-0010-0000,178,24,,11,178-29268,8,CamaID: 0218-0010-0000,275 KEARSARGE WAY,486747,08178-0218-0010-0000,0218-0010-0000,489.91725560393,11,180632,11282.8492206313
Portsmouth,,301,0218-0032-0000,178,56,,23,178-35392,8,CamaID: 0218-0032-0000,MAGNOLIA ST,486748,08178-0218-0032-0000,0218-0032-0000,612.361231737985,23,180633,19938.6488832565
Portsmouth,,301,0218-0030-0000,178,56,,23,178-35391,8,CamaID: 0218-0030-0000,MAGNOLIA ST,486749,08178-0218-0030-0000,0218-0030-0000,891.162081415994,23,180634,32903.9500421474
Portsmouth,,114,0268-0035-0000,178,14,,11,178-31556,8,CamaID: 0268-0035-0000,366 GRANT AVE,486750,08178-0268-0035-0000,0268-0035-0000,452.349436689832,11,180635,12631.1363490178
Portsmouth,,103A,0112-0011-0000,178,4,,12,178-33287,8,CamaID: 0112-0011-0000,390 RICHARDS AVE,486751,08178-0112-0011-0000,0112-0011-0000,445.444777884497,12,180636,12362.8918396455
Portsmouth,,103B,0130-0007-0000,178,5,,11,178-33757,8,CamaID: 0130-0007-0000,259 MILLER AVE,486752,08178-0130-0007-0000,0130-0007-0000,388.28770339494,11,180637,8916.24778847126
Portsmouth,,103B,0130-0008-0000,178,5,,11,178-33758,8,CamaID: 0130-0008-0000,275 MILLER AVE,486753,08178-0130-0008-0000,0130-0008-0000,391.32454755634,11,180638,9032.32468094468
Portsmouth,,103B,0130-0009-0000,178,5,,11,178-33759,8,CamaID: 0130-0009-0000,295 MILLER AVE,486754,08178-0130-0009-0000,0130-0009-0000,394.839917118759,11,180639,9178.6832211711
Portsmouth,,103B,0130-0010-0000,178,5,,11,178-33760,8,CamaID: 0130-0010-0000,303 MILLER AVE,486755,08178-0130-0010-0000,0130-0010-0000,347.158062312163,11,180640,6163.60062499095
Portsmouth,,103B,0131-0029-0000,178,5,,11,178-33832,8,CamaID: 0131-0029-0000,313 MILLER AVE,486756,08178-0131-0029-0000,0131-0029-0000,350.494701293936,11,180641,6255.69020839712
Portsmouth,,103B,0131-0030-0000,178,5,,11,178-33833,8,CamaID: 0131-0030-0000,325 MILLER AVE,486757,08178-0131-0030-0000,0131-0030-0000,402.398964380717,11,180642,9370.47813049867
Portsmouth,,103B,0131-0031-0000,178,5,,11,178-33834,8,CamaID: 0131-0031-0000,339 MILLER AVE,486758,08178-0131-0031-0000,0131-0031-0000,378.153161360079,11,180643,7723.36538727956
Portsmouth,,103A,0112-0010-0000,178,4,,11,178-33286,8,CamaID: 0112-0010-0000,410 RICHARDS AVE,486759,08178-0112-0010-0000,0112-0010-0000,343.60211403334,11,180644,6139.24314218575
Portsmouth,,103A,0112-0009-0000,178,4,,11,178-33285,8,CamaID: 0112-0009-0000,420 RICHARDS AVE,486760,08178-0112-0009-0000,0112-0009-0000,346.479469466849,11,180645,6197.88451909412
Portsmouth,,103A,0112-0008-0000,178,4,,11,178-33284,8,CamaID: 0112-0008-0000,430 RICHARDS AVE,486761,08178-0112-0008-0000,0112-0008-0000,366.741469012064,11,180646,7303.6739161068
Portsmouth,,103A,0112-0021-0000,178,4,,11,178-33297,8,CamaID: 0112-0021-0000,429 RICHARDS AVE,486762,08178-0112-0021-0000,0112-0021-0000,446.479109566422,11,180647,9015.00440810781
Portsmouth,,103A,0112-0020-0000,178,4,,11,178-33296,8,CamaID: 0112-0020-0000,419 RICHARDS AVE,486763,08178-0112-0020-0000,0112-0020-0000,440.386089110135,11,180648,8513.71550660208
Portsmouth,,103A,0112-0019-0000,178,4,,11,178-33295,8,CamaID: 0112-0019-0000,409 RICHARDS AVE,486764,08178-0112-0019-0000,0112-0019-0000,439.182414489686,11,180649,8408.81564533061
Portsmouth,,103A,0112-0018-0000,178,4,,11,178-33294,8,CamaID: 0112-0018-0000,399 RICHARDS AVE,486765,08178-0112-0018-0000,0112-0018-0000,455.680027740421,11,180650,9988.7241697245
Portsmouth,,103A,0112-0017-0000,178,4,,11,178-33293,8,CamaID: 0112-0017-0000,387 RICHARDS AVE,486766,08178-0112-0017-0000,0112-0017-0000,445.875129579541,11,180651,8714.36950996932
Portsmouth,,103A,0112-0016-0000,178,4,,11,178-33292,8,CamaID: 0112-0016-0000,377 RICHARDS AVE,486767,08178-0112-0016-0000,0112-0016-0000,441.798022477478,11,180652,8557.38035388654
Portsmouth,,103A,0112-0014-0000,178,4,,11,178-33290,8,CamaID: 0112-0014-0000,357 RICHARDS AVE,486768,08178-0112-0014-0000,0112-0014-0000,444.447498172095,11,180653,8586.33350849296
Portsmouth,,103A,0112-0015-0000,178,4,,11,178-33291,8,CamaID: 0112-0015-0000,367 RICHARDS AVE,486769,08178-0112-0015-0000,0112-0015-0000,442.251672572162,11,180654,8584.06836015972
Portsmouth,,103A,0112-0032-0000,178,4,,11,178-33308,8,CamaID: 0112-0032-0000,170 SHERBURNE AVE,486770,08178-0112-0032-0000,0112-0032-0000,304.325728937253,11,180655,5228.11572121145
Portsmouth,,103A,0112-0031-0000,178,4,,11,178-33307,8,CamaID: 0112-0031-0000,180 SHERBURNE AVE,486771,08178-0112-0031-0000,0112-0031-0000,299.922076254966,11,180656,5097.17041274651
Portsmouth,,103A,0113-0048-0000,178,4,,12,178-33383,8,CamaID: 0113-0048-0000,45 LINCOLN AVE,486772,08178-0113-0048-0000,0113-0048-0000,280.308584735757,12,180657,3987.40324877595
Portsmouth,,103A,0112-0033-0000,178,4,,11,178-33309,8,CamaID: 0112-0033-0000,160 SHERBURNE AVE,486773,08178-0112-0033-0000,0112-0033-0000,307.741324740132,11,180658,5307.65447810177
Portsmouth,,103A,0112-0057-0000,178,4,,11,178-33333,8,CamaID: 0112-0057-0000,53 MCNABB CT,486774,08178-0112-0057-0000,0112-0057-0000,242.131570075088,11,180659,3283.4212741899
Portsmouth,,103A,0112-0053-0000,178,4,,11,178-33329,8,CamaID: 0112-0053-0000,455 SOUTH ST,486775,08178-0112-0053-0000,0112-0053-0000,385.332837529285,11,180660,7398.91640731424
Portsmouth,,103A,0112-0052-0000,178,4,,11,178-33328,8,CamaID: 0112-0052-0000,181 ELWYN AVE,486776,08178-0112-0052-0000,0112-0052-0000,321.887515307604,11,180661,6056.64406739593
Portsmouth,,103A,0112-0027-0000,178,4,,11,178-33303,8,CamaID: 0112-0027-0000,206 ELWYN AVE,486777,08178-0112-0027-0000,0112-0027-0000,290.240997564078,11,180662,4664.69017341928
Portsmouth,,103A,0112-0051-0000,178,4,,11,178-33327,8,CamaID: 0112-0051-0000,171 ELWYN AVE,486778,08178-0112-0051-0000,0112-0051-0000,321.189531734322,11,180663,6055.55134301281
Portsmouth,,103A,0112-0050-0000,178,4,,11,178-33326,8,CamaID: 0112-0050-0000,161 ELWYN AVE,486779,08178-0112-0050-0000,0112-0050-0000,286.731915840339,11,180664,5004.25043863323
Portsmouth,,103A,0112-0038-0000,178,4,,11,178-33314,8,CamaID: 0112-0038-0000,139 SHERBURNE AVE,486780,08178-0112-0038-0000,0112-0038-0000,218.835486668916,11,180665,2982.65797389009
Portsmouth,,103A,0129-0003-0000,178,4,,11,178-33705,8,CamaID: 0129-0003-0000,257 RICHARDS AVE,486781,08178-0129-0003-0000,0129-0003-0000,296.025138867323,11,180666,4889.80278253847
Portsmouth,,201,0130-0058-0000,178,31,,14,178-38324,8,CamaID: 0130-0058-0003,189 LINCOLN AVE #3,486782,08178-0130-0058-0000,0130-0058-0003,465.849295768632,14,180667,11604.2103526591
Portsmouth,,103A,0113-0008-0001,178,4,,11,178-33386,8,CamaID: 0113-0008-0001,179 LINCOLN AVE,486783,08178-0113-0008-0001,0113-0008-0001,303.076076324384,11,180668,5147.72576865857
Portsmouth,,103A,0129-0042-0000,178,4,,12,178-33737,8,CamaID: 0129-0042-0000,197 RICHARDS AVE,486784,08178-0129-0042-0000,0129-0042-0000,511.286939551741,12,180669,10196.2661425372
Portsmouth,,103A,0129-0044-0000,178,4,,11,178-33738,8,CamaID: 0129-0044-0000,215 RICHARDS AVE,486785,08178-0129-0044-0000,0129-0044-0000,684.526230945231,11,180670,18920.3696954854
Portsmouth,,103A,0129-0045-0000,178,4,,27,178-37763,8,CamaID: 0129-0045-0000,161 ROCKLAND ST,486786,08178-0129-0045-0000,0129-0045-0000,398.390413653989,27,180671,9890.28513852683
Portsmouth,,103B,0128-0011-0000,178,5,,12,178-33701,8,CamaID: 0128-0011-0000,111 RICHARDS AVE,486787,08178-0128-0011-0000,0128-0011-0000,273.321022268444,12,180672,4521.03483631788
Portsmouth,,103B,0128-0012-0000,178,5,,12,178-33702,8,CamaID: 0128-0012-0000,121 RICHARDS AVE,486788,08178-0128-0012-0000,0128-0012-0000,240.694876389477,12,180673,3239.74136991535
Portsmouth,,103B,0128-0013-0000,178,5,,12,178-33703,8,CamaID: 0128-0013-0000,135 RICHARDS AVE #139,486789,08178-0128-0013-0000,0128-0013-0000,252.643085132467,12,180674,3737.81665128534
Portsmouth,,103B,0129-0034-0000,178,5,,12,178-33729,8,CamaID: 0129-0034-0000,120 RICHARDS AVE,486790,08178-0129-0034-0000,0129-0034-0000,202.984511402541,12,180675,2469.52254990132
Portsmouth,,103B,0129-0033-0000,178,5,,19,178-33728,8,CamaID: 0129-0033-0000,MILLER AVE,486791,08178-0129-0033-0000,0129-0033-0000,191.249422108935,19,180676,2030.0730272733
Portsmouth,,103B,0129-0020-0000,178,5,,11,178-33717,8,CamaID: 0129-0020-0000,33 MILLER AVE,486792,08178-0129-0020-0000,0129-0020-0000,372.053345473893,11,180677,7399.93326405739
Portsmouth,,114,0247-0078-0000,178,14,,11,178-30893,8,CamaID: 0247-0078-0000,63 TAFT RD,486793,08178-0247-0078-0000,0247-0078-0000,458.76906048754,11,180678,12271.0611339503
Portsmouth,,114,0251-0096-0000,178,14,,11,178-31142,8,CamaID: 0251-0096-0000,43 WILSON RD,486794,08178-0251-0096-0000,0251-0096-0000,535.759893834314,11,180679,15965.0566636254
Portsmouth,,133,0251-0104-0000,178,29,,11,178-31150,8,CamaID: 0251-0104-0000,12 EDGEWOOD RD,486795,08178-0251-0104-0000,0251-0104-0000,425.355286717163,11,180680,10491.3151329439
Portsmouth,,133,0251-0106-0000,178,29,,11,178-31152,8,CamaID: 0251-0106-0000,4 EDGEWOOD RD,486796,08178-0251-0106-0000,0251-0106-0000,383.654158371169,11,180681,8699.44084049433
Portsmouth,,132,0258-0039-0000,178,28,,11,178-31219,8,CamaID: 0258-0039-0000,95 DODGE AVE,486797,08178-0258-0039-0000,0258-0039-0000,490.201858756476,11,180682,14689.3687588915
Portsmouth,,132,0258-0037-0000,178,28,,11,178-31217,8,CamaID: 0258-0037-0000,36 DODGE AVE,486798,08178-0258-0037-0000,0258-0037-0000,579.053731477656,11,180683,20000.0751432864
Portsmouth,,132,0258-0043-0000,178,28,,11,178-31223,8,CamaID: 0258-0043-0000,174 DODGE AVE,486799,08178-0258-0043-0000,0258-0043-0000,511.414266405986,11,180684,16301.6610979027
Portsmouth,,103B,0206-0025-0000,178,5,,11,178-28648,8,CamaID: 0206-0025-0000,26 BRACKETT RD,486800,08178-0206-0025-0000,0206-0025-0000,641.345970212506,11,180685,15493.5383426919
Portsmouth,,103B,0206-0022-0000,178,5,,11,178-28645,8,CamaID: 0206-0022-0000,64 BRACKETT RD,486801,08178-0206-0022-0000,0206-0022-0000,324.526223496789,11,180686,6166.32222242999
Portsmouth,,103B,0206-0021-0000,178,5,,11,178-28644,8,CamaID: 0206-0021-0000,68 BRACKETT RD,486802,08178-0206-0021-0000,0206-0021-0000,327.966005108903,11,180687,6297.57280951204
Portsmouth,,222,0218-0056-0000,178,51,,57,178-50410,8,CamaID: 0218-0056-0000,30 SPINNAKER WAY,486803,08178-0218-0056-0000,0218-0056-0000,859.102594428858,57,180688,21251.2002846742
Portsmouth,,129,0220-0089-0000,178,25,,11,178-29496,8,CamaID: 0220-0089-0000,678 MAPLEWOOD AVE,486804,08178-0220-0089-0000,0220-0089-0000,345.771724856747,11,180689,7446.34451508018
Portsmouth,,123,0233-0026-0000,178,21,,11,178-30393,8,CamaID: 0233-0026-0000,30 HAMPSHIRE RD,486805,08178-0233-0026-0000,0233-0026-0000,372.379851723384,11,180690,8584.31871745278
Portsmouth,,307,0320-0000-0000,178,63,,57,178-38350,8,CamaID: 0320-0000-0000,FLIGHT LINE RD,486806,08178-0320-0000-0000,0320-0000-0000,2471.27636261679,57,180691,145478.082964371
Portsmouth,,,0,178,,,,,,,,486807,08178-0,,2901.03636693605,,180692,412951.707373536
Portsmouth,,307,0317-0001-0000,178,63,,45,178-38115,8,CamaID: 0317-0001-0000,47 DURHAM ST,486808,08178-0317-0001-0000,0317-0001-0000,349.591834612483,45,180693,6890.7260650898
Portsmouth,,305,0106-0032-0000,178,60,,33,178-37239,8,CamaID: 0106-0032-0000,11 COMMERCIAL ALY #1,486809,08178-0106-0032-0000,0106-0032-0000,123.823977695626,33,180694,922.011715681416
Portsmouth,,129,0237-0032-0000,178,25,,11,178-30662,8,CamaID: 0237-0032-0000,51 HILLCREST DR,486810,08178-0237-0032-0000,0237-0032-0000,447.314189596066,11,180695,11015.7908003619
Portsmouth,,301,0268-0099-0000,178,56,,57,178-50722,8,CamaID: 0268-0099-0000,LAFAYETTE RD,486811,08178-0268-0099-0000,0268-0099-0000,5692.77887461774,57,180696,314286.325738202
Portsmouth,,115,0268-0099-0005,178,15,,11,178-31626,8,CamaID: 0268-0099-0005,5 PHEASANT LN,486812,08178-0268-0099-0005,0268-0099-0005,523.287718197183,11,180697,17017.8951339328
Portsmouth,,115,0268-0099-0003,178,15,,11,178-31624,8,CamaID: 0268-0099-0003,3 PHEASANT LN,486813,08178-0268-0099-0003,0268-0099-0003,498.28688681764,11,180698,15147.6129431652
Portsmouth,,115,0268-0099-0002,178,15,,11,178-31623,8,CamaID: 0268-0099-0002,2 PHEASANT LN,486814,08178-0268-0099-0002,0268-0099-0002,498.850916895905,11,180699,14611.9395879347
Portsmouth,,115,0268-0099-0001,178,15,,11,178-31622,8,CamaID: 0268-0099-0001,1 PHEASANT LN,486815,08178-0268-0099-0001,0268-0099-0001,619.793760152001,11,180700,19907.2690006667
Portsmouth,,301,0274-0001-000A,178,56,,34,178-35892,8,CamaID: 0274-0001-000A,284 CONSTITUTION AVE,486816,08178-0274-0001-000A,0274-0001-000A,1636.9727424478,34,180701,118903.079994297
Portsmouth,,,,178,,,,,,,,486817,08178-,,3715.02708729316,,180702,373899.101994505
Portsmouth,,,,178,,,,,,,,486818,08178-,,422.321017639886,,180703,1140.50714582632
Portsmouth,,305,0124-0004-0000,178,60,,57,178-33631,8,CamaID: 0124-0004-0000,114 MAPLEWOOD AVE,486819,08178-0124-0004-0000,0124-0004-0000,307.87531372449,57,180704,5274.24895610143
Portsmouth,,118,0292-0169-0000,178,17,,11,178-32628,8,CamaID: 0292-0169-0000,19 MARIETTE DR,486820,08178-0292-0169-0000,0292-0169-0000,401.274975298844,11,180705,9993.30284946612
Portsmouth,,118,0292-0099-0000,178,17,,11,178-32561,8,CamaID: 0292-0099-0000,1 MARIETTE DR,486821,08178-0292-0099-0000,0292-0099-0000,373.001553789946,11,180706,9033.14506127633
Portsmouth,,129,0237-0036-0000,178,25,,11,178-30666,8,CamaID: 0237-0036-0000,125 HILLCREST DR,486822,08178-0237-0036-0000,0237-0036-0000,563.180709854225,11,180707,17357.0918088168
Portsmouth,,129,0237-0023-0000,178,25,,11,178-30653,8,CamaID: 0237-0023-0000,106 HILLCREST DR,486823,08178-0237-0023-0000,0237-0023-0000,427.029152090506,11,180708,9456.43615433877
Portsmouth,,129,0237-0022-0000,178,25,,11,178-30652,8,CamaID: 0237-0022-0000,110 HILLCREST DR,486824,08178-0237-0022-0000,0237-0022-0000,508.828742473847,11,180709,13183.1216907602
Portsmouth,,119,0218-0052-0000,178,18,,11,178-29297,8,CamaID: 0218-0052-0000,2 BLUE HERON DR,486825,08178-0218-0052-0000,0218-0052-0000,366.340195153154,11,180710,8737.44182395728
Portsmouth,,119,0218-0054-0000,178,18,,11,178-29299,8,CamaID: 0218-0054-0000,2 SHEARWATER DR,486826,08178-0218-0054-0000,0218-0054-0000,434.635904298345,11,180711,10154.0466177277
Portsmouth,,119,0217-0002-1806,178,18,,11,178-29235,8,CamaID: 0217-0002-1806,20 SHEARWATER DR,486827,08178-0217-0002-1806,0217-0002-1806,459.277916150429,11,180712,13144.6272195453
Portsmouth,,119,0217-0002-1807,178,18,,11,178-29236,8,CamaID: 0217-0002-1807,26 SHEARWATER DR,486828,08178-0217-0002-1807,0217-0002-1807,489.682772875405,11,180713,14300.5946334475
Portsmouth,,119,0217-0002-1808,178,18,,11,178-29237,8,CamaID: 0217-0002-1808,32 SHEARWATER DR,486829,08178-0217-0002-1808,0217-0002-1808,504.648398109427,11,180714,14972.5017232246
Portsmouth,,119,0217-0002-1900,178,18,,22,178-29257,8,CamaID: 0217-0002-1900,3 SHEARWATER DR,486830,08178-0217-0002-1900,0217-0002-1900,2303.55373633486,22,180715,95445.4644463122
Portsmouth,,119,0217-0002-1812,178,18,,11,178-29241,8,CamaID: 0217-0002-1812,3 SANDERLING WAY,486831,08178-0217-0002-1812,0217-0002-1812,435.448332681126,11,180716,11519.6061420539
Portsmouth,,119,0217-0002-1811,178,18,,12,178-29240,8,CamaID: 0217-0002-1811,5 SANDERLING WAY,486832,08178-0217-0002-1811,0217-0002-1811,485.116525732938,12,180717,14320.6664418047
Portsmouth,,303,0216-0002-0000,178,58,,27,178-35365,8,CamaID: 0216-0002-0000,WOODBURY AVE,486833,08178-0216-0002-0000,0216-0002-0000,745.043212302637,27,180718,6743.63798128622
Portsmouth,,128,0210-0020-0000,178,24,,22,178-28824,8,CamaID: 0210-0020-0000,FOREST ST,486834,08178-0210-0020-0000,0210-0020-0000,578.908355036946,22,180719,19983.6873512847
Portsmouth,,303,0238-0010-0002,178,58,,33,178-35535,8,CamaID: 0238-0010-0002,1464 WOODBURY AVE,486835,08178-0238-0010-0002,0238-0010-0002,1171.86985153021,33,180720,87119.2316144674
Portsmouth,,128,0210-0019-0000,178,24,,22,178-28823,8,CamaID: 0210-0019-0000,CENTRAL ST,486836,08178-0210-0019-0000,0210-0019-0000,318.792523415922,22,180721,6002.95803833539
Portsmouth,,301,0218-0022-0000,178,56,,23,178-35386,8,CamaID: 0218-0022-0000,KEARSARGE WAY,486837,08178-0218-0022-0000,0218-0022-0000,378.843239189631,23,180722,8667.84266078126
Portsmouth,,102,0101-0036-0000,178,3,,12,178-32830,8,CamaID: 0101-0036-0000,39 NEW CASTLE AVE,486838,08178-0101-0036-0000,0101-0036-0000,568.003786284429,12,180723,17251.9887901741
Portsmouth,,102,0110-0004-0000,178,3,,12,178-33226,8,CamaID: 0110-0004-0000,17 BLOSSOM ST,486839,08178-0110-0004-0000,0110-0004-0000,200.552254968424,12,180724,2403.55592631554
Portsmouth,,102,0101-0066-0000,178,3,,11,178-32857,8,CamaID: 0101-0066-0000,172 SOUTH ST,486840,08178-0101-0066-0000,0101-0066-0000,379.71571766125,11,180725,7677.36703800144
Portsmouth,,102,0110-0005-0000,178,3,,11,178-33227,8,CamaID: 0110-0005-0000,161 SOUTH ST,486841,08178-0110-0005-0000,0110-0005-0000,388.746545712761,11,180726,8737.25842190897
Portsmouth,,102,0110-0002-0000,178,3,,11,178-33224,8,CamaID: 0110-0002-0000,33 BLOSSOM ST,486842,08178-0110-0002-0000,0110-0002-0000,338.87564575028,11,180727,6277.79829934266
Portsmouth,,204,0101-0065-0000,178,34,,14,178-32877,8,CamaID: 0101-0065-0001,154 SOUTH ST #1,486843,08178-0101-0065-0000,0101-0065-0001,470.841897589844,14,180728,13304.2882253139
Portsmouth,,102,0111-0041-0000,178,3,,11,178-33276,8,CamaID: 0111-0041-0000,34 BLOSSOM ST,486844,08178-0111-0041-0000,0111-0041-0000,327.140493900703,11,180729,5340.89248654143
Portsmouth,,130,0212-0110-0000,178,26,,11,178-28940,8,CamaID: 0212-0110-0000,259 RALEIGH WAY,486845,08178-0212-0110-0000,0212-0110-0000,232.7541117429,11,180730,2293.63621315075
Portsmouth,,130,0212-0110-0001,178,26,,11,178-28989,8,CamaID: 0212-0110-0001,261 RALEIGH WAY,486846,08178-0212-0110-0001,0212-0110-0001,247.428090549117,11,180731,3159.13346233906
Portsmouth,,130,0212-0106-0000,178,26,,11,178-28936,8,CamaID: 0212-0106-0000,217 RALEIGH WAY,486847,08178-0212-0106-0000,0212-0106-0000,513.889833665978,11,180732,10519.6761473473
Portsmouth,,130,0212-0109-0001,178,26,,11,178-50574,8,CamaID: 0212-0109-0001,251 RALEIGH WAY,486848,08178-0212-0109-0001,0212-0109-0001,446.427495271691,11,180733,4698.83554027403
Portsmouth,,130,0212-0111-0000,178,26,,11,178-28941,8,CamaID: 0212-0111-0000,283 CRESCENT WAY,486849,08178-0212-0111-0000,0212-0111-0000,281.562463607275,11,180734,4103.84734621256
Portsmouth,,204,0212-0173-0000,178,34,,14,178-38927,8,CamaID: 0212-0173-0001,44 ALBACORE WAY #A,486850,08178-0212-0173-0000,0212-0173-0001,514.396829749069,14,180735,15162.6346159408
Portsmouth,,130,0212-0108-0000,178,26,,11,178-28938,8,CamaID: 0212-0108-0000,239 RALEIGH WAY,486851,08178-0212-0108-0000,0212-0108-0000,455.114606959196,11,180736,4647.84494270449
Portsmouth,,130,0212-0107-0000,178,26,,11,178-28937,8,CamaID: 0212-0107-0000,229 RALEIGH WAY,486852,08178-0212-0107-0000,0212-0107-0000,454.543904152529,11,180737,4510.69943171567
Portsmouth,,130,0212-0107-0001,178,26,,11,178-54317,8,CamaID: 0212-0107-0001,231 RALEIGH WAY,486853,08178-0212-0107-0001,0212-0107-0001,457.674552311335,11,180738,4596.74047984643
Portsmouth,,130,0212-0109-0000,178,26,,11,178-28939,8,CamaID: 0212-0109-0000,249 RALEIGH WAY,486854,08178-0212-0109-0000,0212-0109-0000,443.834072706181,11,180739,4614.5212774424
Portsmouth,,130,0212-0011-0000,178,26,,11,178-28847,8,CamaID: 0212-0011-0000,20 CONCORD WAY,486855,08178-0212-0011-0000,0212-0011-0000,200.473520835787,11,180740,1929.05542060113
Portsmouth,,103B,0151-0027-0000,178,5,,11,178-34738,8,CamaID: 0151-0027-0000,1195 SOUTH ST,486856,08178-0151-0027-0000,0151-0027-0000,499.559144977065,11,180741,14950.6303616375
Portsmouth,,103B,0151-0026-0000,178,5,,12,178-34737,8,CamaID: 0151-0026-0000,1207 SOUTH ST,486857,08178-0151-0026-0000,0151-0026-0000,406.400066891563,12,180742,7955.60768571006
Portsmouth,,103B,0151-0025-0000,178,5,,11,178-34736,8,CamaID: 0151-0025-0000,1215 SOUTH ST,486858,08178-0151-0025-0000,0151-0025-0000,399.549832283986,11,180743,7516.46379390889
Portsmouth,73,131,0143-0007-0003,178,27,,11,178-34331,8,CamaID: 0143-0007-0003,60 MILL POND WAY,486859,08178-0143-0007-0003,0143-0007-0003,470.776235675428,11-73,180744,11416.3354220513
Portsmouth,,129,0175-0013-0000,178,25,,11,178-35292,8,CamaID: 0175-0013-0000,6 BOYD RD,486860,08178-0175-0013-0000,0175-0013-0000,313.749630945107,11,180745,5729.96257888783
Portsmouth,,128,0209-0021-0000,178,24,,11,178-28744,8,CamaID: 0209-0021-0000,34 BEECHWOOD ST,486861,08178-0209-0021-0000,0209-0021-0000,331.754483367341,11,180746,6656.29558058131
Portsmouth,,128,0209-0020-0000,178,24,,11,178-28743,8,CamaID: 0209-0020-0000,2 BEECHWOOD ST,486862,08178-0209-0020-0000,0209-0020-0000,292.890801024965,11,180747,5079.01406688539
Portsmouth,,104,0168-0016-0000,178,6,,11,178-35210,8,CamaID: 0168-0016-0000,175 MIDDLE RD,486863,08178-0168-0016-0000,0168-0016-0000,310.384453508117,11,180748,5342.15137961536
Portsmouth,,104,0152-0020-0000,178,6,,11,178-34765,8,CamaID: 0152-0020-0000,124 KENSINGTON RD,486864,08178-0152-0020-0000,0152-0020-0000,597.622986706933,11,180749,18731.6140047395
Portsmouth,,103B,0206-0014-0000,178,5,,11,178-28638,8,CamaID: 0206-0014-0000,71 BRACKETT RD,486865,08178-0206-0014-0000,0206-0014-0000,444.404693385009,11,180750,12095.5232217303
Portsmouth,,103A,0112-0023-0000,178,4,,11,178-33299,8,CamaID: 0112-0023-0000,479 RICHARDS AVE,486866,08178-0112-0023-0000,0112-0023-0000,646.554319763818,11,180751,26819.3192305122
Portsmouth,,103A,0112-0024-0000,178,4,,11,178-33300,8,CamaID: 0112-0024-0000,520 SOUTH ST,486867,08178-0112-0024-0000,0112-0024-0000,497.627355053608,11,180752,15045.1347590783
Portsmouth,,103A,0112-0022-0000,178,4,,11,178-33298,8,CamaID: 0112-0022-0000,441 RICHARDS AVE,486868,08178-0112-0022-0000,0112-0022-0000,453.917326177102,11,180753,8439.51964416439
Portsmouth,,,0225-0000-0000,178,,,,,,,,486869,08178-0225-0000-0000,,2686.18520954208,,180754,162881.008081938
Portsmouth,,114,0268-0019-0000,178,14,,11,178-31540,8,CamaID: 0268-0019-0000,316 COOLIDGE DR,486870,08178-0268-0019-0000,0268-0019-0000,509.920153699364,11,180755,14843.3812016153
Portsmouth,,304,0145-0090-0000,178,59,,33,178-37564,8,CamaID: 0145-0090-0000,125 CABOT ST,486871,08178-0145-0090-0000,0145-0090-0000,176.151158476396,33,180756,1917.68083573099
Portsmouth,,206,0168-0018-0000,178,36,,14,178-38930,8,CamaID: 0168-0018-0001,127 MIDDLE RD #A,486872,08178-0168-0018-0000,0168-0018-0001,474.218405962036,14,180757,14024.3427948861
Portsmouth,,119,0290-0001-0000,178,18,,22,178-35967,8,CamaID: 0290-0001-0000,LAFAYETTE RD,486873,08178-0290-0001-0000,0290-0001-0000,4004.80025739977,22,180758,671934.473013363
Portsmouth,,204,0109-0020-0000,178,34,,14,178-33220,8,CamaID: 0109-0020-0001,32 LIVERMORE ST #1,486874,08178-0109-0020-0000,0109-0020-0001,417.407804253288,14,180759,10406.3665187852
Portsmouth,,104,0168-0014-0000,178,6,,11,178-35208,8,CamaID: 0168-0014-0000,199 MIDDLE RD,486875,08178-0168-0014-0000,0168-0014-0000,616.126369650227,11,180760,20861.533727007
Portsmouth,70,111,0204-0005-0000,178,11,,11,178-35308,8,CamaID: 0204-0005-0000,321 LITTLE HARBOR RD,486876,08178-0204-0005-0000,0204-0005-0000,4044.93259341147,11-70,180761,462848.215433994
Portsmouth,,303,0239-0010-0000,178,58,,33,178-35541,8,CamaID: 0239-0010-0000,1976 WOODBURY AVE,486877,08178-0239-0010-0000,0239-0010-0000,767.215140600877,33,180762,36378.0298859856
Portsmouth,,103B,0148-0038-0000,178,5,,11,178-34572,8,CamaID: 0148-0038-0000,635 LINCOLN AVE,486878,08178-0148-0038-0000,0148-0038-0000,605.380188842732,11,180763,18745.9416070436
Portsmouth,73,101,0101-0079-0000,178,2,,11,178-38493,8,CamaID: 0101-0079-0000,540 MARCY ST,486879,08178-0101-0079-0000,0101-0079-0000,349.918189015066,11-73,180764,6894.45384499807
Portsmouth,73,108,0104-0009-0000,178,8,,11,178-33054,8,CamaID: 0104-0009-0000,38 MARCY ST,486880,08178-0104-0009-0000,0104-0009-0000,303.752643351889,11-73,180765,5585.95991208193
Portsmouth,,305,0106-0010-0000,178,60,,57,178-37191,8,CamaID: 0106-0010-0000,10 COMMERCIAL ALY,486881,08178-0106-0010-0000,0106-0010-0000,296.97629742986,57,180766,3235.15877393609
Portsmouth,,305,0106-0030-0000,178,60,,33,178-37236,8,CamaID: 0106-0030-0000,7 COMMERCIAL ALY,486882,08178-0106-0030-0000,0106-0030-0000,148.863873855938,33,180767,1383.03497863216
Portsmouth,,305,0106-0031-0000,178,60,,33,178-37237,8,CamaID: 0106-0031-0000,9 COMMERCIAL ALY,486883,08178-0106-0031-0000,0106-0031-0000,127.368624546691,33,180768,991.512907114879
Portsmouth,,305,0106-0017-0000,178,60,,44,178-37509,8,CamaID: 0106-0017-0001,50 DANIEL ST #1,486884,08178-0106-0017-0000,0106-0017-0001,211.769192811159,44,180769,2688.17237966712
Portsmouth,,305,0106-0020-0000,178,60,,57,178-37231,8,CamaID: 0106-0020-0000,112 PENHALLOW ST,486885,08178-0106-0020-0000,0106-0020-0000,235.766472904803,57,180770,2498.29582302043
Portsmouth,,103B,0148-0022-0002,178,5,,11,178-34597,8,CamaID: 0148-0022-0002,29 MENDUM AVE,486886,08178-0148-0022-0002,0148-0022-0002,370.26306354215,11,180771,7781.90158017342
Portsmouth,,103B,0134-0032-0000,178,5,,11,178-33985,8,CamaID: 0134-0032-0000,31 CHAUNCEY ST,486887,08178-0134-0032-0000,0134-0032-0000,234.190968950045,11,180772,3245.26169799701
Portsmouth,,101,0207-0052-0000,178,2,,11,178-28706,8,CamaID: 0207-0052-0000,19 BALL ST,486888,08178-0207-0052-0000,0207-0052-0000,185.647940026327,11,180773,2048.44951085702
Portsmouth,73,102,0101-0049-0000,178,3,,11,178-32843,8,CamaID: 0101-0049-0000,69 NEW CASTLE AVE,486889,08178-0101-0049-0000,0101-0049-0000,287.73685343636,11-73,180774,4838.52033820619
Portsmouth,,102,0101-0045-0000,178,3,,11,178-32839,8,CamaID: 0101-0045-0000,44 HUMPHREYS CT,486890,08178-0101-0045-0000,0101-0045-0000,367.494957730301,11,180775,8390.69457156853
Portsmouth,73,102,0101-0044-0000,178,3,,11,178-32838,8,CamaID: 0101-0044-0000,22 HUMPHREYS CT,486891,08178-0101-0044-0000,0101-0044-0000,287.579630581115,11-73,180776,4865.32730524016
Portsmouth,,101,0101-0021-0000,178,2,,22,178-32817,8,CamaID: 0101-0021-0000,WALDEN ST,486892,08178-0101-0021-0000,0101-0021-0000,202.068249040303,22,180777,896.162430117261
Portsmouth,70,101,0101-0020-0000,178,2,,11,178-32816,8,CamaID: 0101-0020-0000,18 WALDEN ST,486893,08178-0101-0020-0000,0101-0020-0000,264.808466472099,11-70,180778,3848.11381074009
Portsmouth,70,101,0207-0004-0000,178,2,,11,178-28660,8,CamaID: 0207-0004-0000,379 NEW CASTLE AVE,486894,08178-0207-0004-0000,0207-0004-0000,396.795820403208,11-70,180779,8374.07830858001
Portsmouth,,304,0101-0061-0000,178,59,,27,178-37171,8,CamaID: 0101-0061-0000,SOUTH SCHOOL ST,486895,08178-0101-0061-0000,0101-0061-0000,218.236295544499,27,180780,420.44155161799
Portsmouth,,102,0101-0059-0000,178,3,,11,178-32853,8,CamaID: 0101-0059-0000,38 SOUTH SCHOOL ST,486896,08178-0101-0059-0000,0101-0059-0000,316.426986285322,11,180781,5426.59993109864
Portsmouth,,304,0135-0020-0000,178,59,,57,178-38011,8,CamaID: 0135-0020-0000,504 MIDDLE ST,486897,08178-0135-0020-0000,0135-0020-0000,309.652247665048,57,180782,5424.42932363088
Portsmouth,73,101,0207-0043-0000,178,2,,11,178-28698,8,CamaID: 0207-0043-0000,32 BAYCLIFF RD,486898,08178-0207-0043-0000,0207-0043-0000,335.62888793,11-73,180783,5965.84275817308
Portsmouth,,103B,0134-0033-0000,178,5,,11,178-33986,8,CamaID: 0134-0033-0000,25 CHAUNCEY ST,486899,08178-0134-0033-0000,0134-0033-0000,222.844634920535,11,180784,2835.76224800564
Portsmouth,,103B,0147-0011-0000,178,5,,12,178-34516,8,CamaID: 0147-0011-0000,564 MIDDLE ST,486900,08178-0147-0011-0000,0147-0011-0000,451.541697879798,12,180785,11726.8885535879
Portsmouth,,103B,0135-0019-0000,178,5,,12,178-34030,8,CamaID: 0135-0019-0000,514 MIDDLE ST,486901,08178-0135-0019-0000,0135-0019-0000,318.389762606864,12,180786,4690.83630080655
Portsmouth,,102,0101-0029-0000,178,3,,11,178-32825,8,CamaID: 0101-0029-0000,100 NEW CASTLE AVE,486902,08178-0101-0029-0000,0101-0029-0000,325.374898446578,11,180787,5654.84257274231
Portsmouth,73,102,0101-0028-0000,178,3,,11,178-32824,8,CamaID: 0101-0028-0000,112 NEW CASTLE AVE,486903,08178-0101-0028-0000,0101-0028-0000,326.684715121477,11-73,180788,5698.61181400396
Portsmouth,73,101,0207-0038-0000,178,2,,11,178-28693,8,CamaID: 0207-0038-0000,254 NEW CASTLE AVE,486904,08178-0207-0038-0000,0207-0038-0000,324.505642742077,11-73,180789,6409.98713023205
Portsmouth,73,102,0101-0054-0000,178,3,,11,178-32848,8,CamaID: 0101-0054-0000,127 NEW CASTLE AVE,486905,08178-0101-0054-0000,0101-0054-0000,259.119599002065,11-73,180790,4179.30431468397
Portsmouth,,207,0207-0037-0000,178,37,,14,178-52266,8,CamaID: 0207-0037-0002,272 NEW CASTLE AVE #2,486906,08178-0207-0037-0000,0207-0037-0002,351.739408394707,14,180791,6764.80979849628
Portsmouth,,102,0101-0050-0000,178,3,,11,178-32844,8,CamaID: 0101-0050-0000,77 NEW CASTLE AVE,486907,08178-0101-0050-0000,0101-0050-0000,302.085296054765,11,180792,5441.34515528067
Portsmouth,73,101,0207-0036-0000,178,2,,11,178-28691,8,CamaID: 0207-0036-0000,300 NEW CASTLE AVE,486908,08178-0207-0036-0000,0207-0036-0000,627.112692688504,11-73,180793,17752.7467494347
Portsmouth,73,101,0207-0035-0000,178,2,,11,178-28690,8,CamaID: 0207-0035-0000,320 NEW CASTLE AVE,486909,08178-0207-0035-0000,0207-0035-0000,375.093374357227,11-73,180794,8754.830162358
Portsmouth,,102,0101-0051-0000,178,3,,12,178-32845,8,CamaID: 0101-0051-0000,89 NEW CASTLE AVE,486910,08178-0101-0051-0000,0101-0051-0000,390.433111560862,12,180795,7824.80001412032
Portsmouth,,102,0101-0052-0000,178,3,,12,178-32846,8,CamaID: 0101-0052-0000,99 NEW CASTLE AVE,486911,08178-0101-0052-0000,0101-0052-0000,382.769545026404,12,180796,6952.83430493954
Portsmouth,73,101,0207-0034-0000,178,2,,11,178-28689,8,CamaID: 0207-0034-0000,330 NEW CASTLE AVE,486912,08178-0207-0034-0000,0207-0034-0000,380.847319151541,11-73,180797,9031.41124924624
Portsmouth,73,102,0101-0053-0000,178,3,,11,178-32847,8,CamaID: 0101-0053-0000,111 NEW CASTLE AVE,486913,08178-0101-0053-0000,0101-0053-0000,406.918583595136,11-73,180798,8571.73503303949
Portsmouth,73,101,0101-0056-0000,178,2,,11,178-32850,8,CamaID: 0101-0056-0000,536 MARCY ST,486914,08178-0101-0056-0000,0101-0056-0000,242.439104206267,11-73,180799,3208.55596881733
Portsmouth,,102,0101-0040-0000,178,3,,11,178-32834,8,CamaID: 0101-0040-0000,43 HUMPHREYS CT,486915,08178-0101-0040-0000,0101-0040-0000,200.508850939552,11,180800,2490.93628460344
Portsmouth,,102,0101-0042-0000,178,3,,11,178-32836,8,CamaID: 0101-0042-0000,21 HUMPHREYS CT,486916,08178-0101-0042-0000,0101-0042-0000,186.180814866068,11,180801,2152.59145889632
Portsmouth,73,101,0101-0015-0000,178,2,,11,178-32811,8,CamaID: 0101-0015-0000,24 HOLMES CT,486917,08178-0101-0015-0000,0101-0015-0000,180.829785838811,11-73,180802,1731.66022102892
Portsmouth,,204,0110-0007-0000,178,34,,14,178-33233,8,CamaID: 0110-0007-0001,139 SOUTH ST #A,486918,08178-0110-0007-0000,0110-0007-0001,918.939561446421,14,180803,46778.1201163653
Portsmouth,,130,0212-0108-0001,178,26,,11,178-38442,8,CamaID: 0212-0108-0001,241 RALEIGH WAY,486919,08178-0212-0108-0001,0212-0108-0001,453.058620541085,11,180804,4792.07057675455
Portsmouth,,131,0141-0021-0000,178,27,,11,178-34257,8,CamaID: 0141-0021-0000,383 MAPLEWOOD AVE,486920,08178-0141-0021-0000,0141-0021-0000,569.825838302481,11,180805,11587.7042127289
Portsmouth,,301,0274-0001-000C,178,56,,34,178-35893,8,CamaID: 0274-0001-000C,360 CONSTITUTION AVE,486921,08178-0274-0001-000C,0274-0001-000C,1977.09513750233,34,180806,206289.376618125
Portsmouth,,120,0274-0004-0000,178,19,,11,178-32105,8,CamaID: 0274-0004-0000,875 BANFIELD RD,486922,08178-0274-0004-0000,0274-0004-0000,1871.67996122831,11,180807,207230.917077175
Portsmouth,,120,0265-0001-0000,178,19,,11,178-31510,8,CamaID: 0265-0001-0000,820 BANFIELD RD,486923,08178-0265-0001-0000,0265-0001-0000,862.072646633145,11,180808,45681.144701937
Portsmouth,,301,0267-0014-0000,178,56,,33,178-35824,8,CamaID: 0267-0014-0000,295 WEST RD,486924,08178-0267-0014-0000,0267-0014-0000,1438.49174491662,33,180809,102014.87315142
Portsmouth,,120,0265-002F-0000,178,19,,11,178-31515,8,CamaID: 0265-002F-0000,800 BANFIELD RD,486925,08178-0265-002F-0000,0265-002F-0000,2341.65053651523,11,180810,238355.802235171
Portsmouth,,301,0275-006B-0000,178,56,,34,178-35897,8,CamaID: 0275-006B-0000,300 HERITAGE AVE,486926,08178-0275-006B-0000,0275-006B-0000,1417.22962681299,34,180811,113705.328410413
Portsmouth,,301,0275-0007-0000,178,56,,34,178-35895,8,CamaID: 0275-0007-0000,290 HERITAGE AVE,486927,08178-0275-0007-0000,0275-0007-0000,2242.95371847826,34,180812,214659.720945763
Portsmouth,,115,0269-0050-0000,178,15,,11,178-31675,8,CamaID: 0269-0050-0000,50 FW HARTFORD DR,486928,08178-0269-0050-0000,0269-0050-0000,959.978670049732,11,180813,52868.3920397825
Portsmouth,,301,0273-0008-0000,178,56,,27,178-35872,8,CamaID: 0273-0008-0000,95 CONSTITUTION AVE,486929,08178-0273-0008-0000,0273-0008-0000,889.488861841219,27,180814,50639.5798668181
Portsmouth,,302,0292-0013-0000,178,57,,33,178-35974,8,CamaID: 0292-0013-0000,3002 LAFAYETTE RD,486930,08178-0292-0013-0000,0292-0013-0000,530.360795044616,33,180815,13256.5916929924
Portsmouth,,204,0292-0014-0000,178,34,,14,178-32680,8,CamaID: 0292-0014-000A,2992 LAFAYETTE RD #A,486931,08178-0292-0014-0000,0292-0014-000A,1115.11518044037,14,180816,53138.2586967343
Portsmouth,,302,0292-0015-0000,178,57,,33,178-35975,8,CamaID: 0292-0015-0000,2998 LAFAYETTE RD,486932,08178-0292-0015-0000,0292-0015-0000,773.604886497663,33,180817,37280.3776048748
Portsmouth,,302,0292-0031-0000,178,57,,33,178-35977,8,CamaID: 0292-0031-0000,2968 LAFAYETTE RD,486933,08178-0292-0031-0000,0292-0031-0000,466.522855676399,33,180818,13380.0448990277
Portsmouth,,118,0292-0030-0000,178,17,,12,178-32494,8,CamaID: 0292-0030-0000,61 SUZANNE DR,486934,08178-0292-0030-0000,0292-0030-0000,461.313269503978,12,180819,12982.7528901956
Portsmouth,,,0292-0000-0000,178,,,,,,,,486935,08178-0292-0000-0000,,113.098361551542,,180820,797.586596241638
Portsmouth,,118,0292-0027-0000,178,17,,11,178-32491,8,CamaID: 0292-0027-0000,56 SUZANNE DR,486936,08178-0292-0027-0000,0292-0027-0000,378.029286616562,11,180821,8873.67314589161
Portsmouth,,118,0292-0033-0000,178,17,,11,178-32496,8,CamaID: 0292-0033-0000,35 SUZANNE DR,486937,08178-0292-0033-0000,0292-0033-0000,383.94383415278,11,180822,9113.71461190573
Portsmouth,,118,0292-0071-0000,178,17,,11,178-32534,8,CamaID: 0292-0071-0000,41 SUZANNE DR,486938,08178-0292-0071-0000,0292-0071-0000,440.033456308393,11,180823,11930.6030743068
Portsmouth,,118,0292-0054-0000,178,17,,11,178-32517,8,CamaID: 0292-0054-0000,15 SIMONDS RD,486939,08178-0292-0054-0000,0292-0054-0000,369.498677640054,11,180824,8498.73159023612
Portsmouth,,118,0292-0065-0000,178,17,,11,178-32528,8,CamaID: 0292-0065-0000,10 WALLIS RD,486940,08178-0292-0065-0000,0292-0065-0000,389.501321863415,11,180825,9328.18605678685
Portsmouth,,118,0292-0055-0000,178,17,,11,178-32518,8,CamaID: 0292-0055-0000,11 SIMONDS RD,486941,08178-0292-0055-0000,0292-0055-0000,366.77726927969,11,180826,8385.59367851699
Portsmouth,,118,0292-0056-0000,178,17,,11,178-32519,8,CamaID: 0292-0056-0000,9 SIMONDS RD,486942,08178-0292-0056-0000,0292-0056-0000,368.165806359664,11,180827,8444.43647230534
Portsmouth,,118,0292-0064-0000,178,17,,11,178-32527,8,CamaID: 0292-0064-0000,8 WALLIS RD,486943,08178-0292-0064-0000,0292-0064-0000,395.077139957371,11,180828,9581.47910126584
Portsmouth,,118,0292-0057-0000,178,17,,11,178-32520,8,CamaID: 0292-0057-0000,7 SIMONDS RD,486944,08178-0292-0057-0000,0292-0057-0000,365.878780787152,11,180829,8343.10399386223
Portsmouth,,118,0292-0063-0000,178,17,,11,178-32526,8,CamaID: 0292-0063-0000,6 WALLIS RD,486945,08178-0292-0063-0000,0292-0063-0000,391.188888730113,11,180830,9430.27428667765
Portsmouth,,118,0292-0058-0000,178,17,,11,178-32521,8,CamaID: 0292-0058-0000,5 SIMONDS RD,486946,08178-0292-0058-0000,0292-0058-0000,370.253345465998,11,180831,8529.93746702129
Portsmouth,,118,0292-0059-0000,178,17,,11,178-32522,8,CamaID: 0292-0059-0000,3 SIMONDS RD,486947,08178-0292-0059-0000,0292-0059-0000,365.25002491332,11,180832,8311.9462834493
Portsmouth,,118,0292-0062-0000,178,17,,11,178-32525,8,CamaID: 0292-0062-0000,4 WALLIS RD,486948,08178-0292-0062-0000,0292-0062-0000,398.017912998512,11,180833,9655.7770404636
Portsmouth,,118,0292-0044-0000,178,17,,11,178-32507,8,CamaID: 0292-0044-0000,4 SIMONDS RD,486949,08178-0292-0044-0000,0292-0044-0000,375.56700863252,11,180834,8782.18815640603
Portsmouth,,118,0292-0045-0000,178,17,,11,178-32508,8,CamaID: 0292-0045-0000,6 SIMONDS RD,486950,08178-0292-0045-0000,0292-0045-0000,375.931297310854,11,180835,8800.738358424
Portsmouth,,118,0292-0039-0000,178,17,,11,178-32502,8,CamaID: 0292-0039-0000,23 SUZANNE DR,486951,08178-0292-0039-0000,0292-0039-0000,376.601853883247,11,180836,8822.76630233987
Portsmouth,,118,0292-0046-0000,178,17,,11,178-32509,8,CamaID: 0292-0046-0000,8 SIMONDS RD,486952,08178-0292-0046-0000,0292-0046-0000,376.608593849283,11,180837,8833.21162678439
Portsmouth,,118,0292-0047-0000,178,17,,11,178-32510,8,CamaID: 0292-0047-0000,10 SIMONDS RD,486953,08178-0292-0047-0000,0292-0047-0000,375.607205885959,11,180838,8791.10003993863
Portsmouth,,118,0292-0038-0000,178,17,,11,178-32501,8,CamaID: 0292-0038-0000,25 SUZANNE DR,486954,08178-0292-0038-0000,0292-0038-0000,372.124557057947,11,180839,8623.28279601967
Portsmouth,,118,0292-0037-0000,178,17,,11,178-32500,8,CamaID: 0292-0037-0000,27 SUZANNE DR,486955,08178-0292-0037-0000,0292-0037-0000,374.31019373328,11,180840,8715.49730461697
Portsmouth,,118,0292-0048-0000,178,17,,11,178-32511,8,CamaID: 0292-0048-0000,12 SIMONDS RD,486956,08178-0292-0048-0000,0292-0048-0000,377.709716337635,11,180841,8886.99278031029
Portsmouth,,118,0292-0049-0000,178,17,,11,178-32512,8,CamaID: 0292-0049-0000,14 SIMONDS RD,486957,08178-0292-0049-0000,0292-0049-0000,381.118091338132,11,180842,9041.60505183119
Portsmouth,,118,0292-0036-0000,178,17,,11,178-32499,8,CamaID: 0292-0036-0000,29 SUZANNE DR,486958,08178-0292-0036-0000,0292-0036-0000,375.354238064394,11,180843,8757.18647982659
Portsmouth,,118,0292-0035-0000,178,17,,11,178-32498,8,CamaID: 0292-0035-0000,31 SUZANNE DR,486959,08178-0292-0035-0000,0292-0035-0000,371.274800846695,11,180844,8576.50448080357
Portsmouth,,118,0292-0050-0000,178,17,,11,178-32513,8,CamaID: 0292-0050-0000,16 SIMONDS RD,486960,08178-0292-0050-0000,0292-0050-0000,379.049603039582,11,180845,8951.90066239723
Portsmouth,,118,0292-0051-0000,178,17,,11,178-32514,8,CamaID: 0292-0051-0000,18 SIMONDS RD,486961,08178-0292-0051-0000,0292-0051-0000,381.83693601588,11,180846,9079.46494572781
Portsmouth,,118,0292-0034-0000,178,17,,11,178-32497,8,CamaID: 0292-0034-0000,33 SUZANNE DR,486962,08178-0292-0034-0000,0292-0034-0000,386.654552527169,11,180847,9236.81812835957
Portsmouth,,118,0292-0019-0000,178,17,,11,178-32483,8,CamaID: 0292-0019-0000,40 SUZANNE DR,486963,08178-0292-0019-0000,0292-0019-0000,376.224361301595,11,180848,8807.17988152768
Portsmouth,,118,0292-0020-0000,178,17,,11,178-32484,8,CamaID: 0292-0020-0000,42 SUZANNE DR,486964,08178-0292-0020-0000,0292-0020-0000,376.902567304962,11,180849,8835.92586992073
Portsmouth,,118,0292-0021-0000,178,17,,11,178-32485,8,CamaID: 0292-0021-0000,44 SUZANNE DR,486965,08178-0292-0021-0000,0292-0021-0000,375.86429854531,11,180850,8792.43876525661
Portsmouth,,118,0292-0022-0000,178,17,,11,178-32486,8,CamaID: 0292-0022-0000,46 SUZANNE DR,486966,08178-0292-0022-0000,0292-0022-0000,376.822753257948,11,180851,8836.24816179456
Portsmouth,,118,0292-0023-0000,178,17,,11,178-32487,8,CamaID: 0292-0023-0000,48 SUZANNE DR,486967,08178-0292-0023-0000,0292-0023-0000,372.840171337666,11,180852,8661.658787655
Portsmouth,,118,0292-0024-0000,178,17,,11,178-32488,8,CamaID: 0292-0024-0000,50 SUZANNE DR,486968,08178-0292-0024-0000,0292-0024-0000,375.331699750191,11,180853,8770.88223245212
Portsmouth,,118,0292-0025-0000,178,17,,11,178-32489,8,CamaID: 0292-0025-0000,52 SUZANNE DR,486969,08178-0292-0025-0000,0292-0025-0000,375.908441688136,11,180854,8793.50467835994
Portsmouth,,118,0292-0026-0000,178,17,,11,178-32490,8,CamaID: 0292-0026-0000,54 SUZANNE DR,486970,08178-0292-0026-0000,0292-0026-0000,375.506796299364,11,180855,8771.55556642019
Portsmouth,,301,0286-0002-0000,178,56,,33,178-35950,8,CamaID: 0286-0002-0000,1 ROBERT AVE,486971,08178-0286-0002-0000,0286-0002-0000,801.289639846928,33,180856,30089.6519474066
Portsmouth,,302,0286-0009-0000,178,57,,57,178-32204,8,CamaID: 0286-0009-0000,3 ROBERT AVE,486972,08178-0286-0009-0000,0286-0009-0000,486.063577945553,57,180857,14307.13982322
Portsmouth,,302,0286-0010-0000,178,57,,57,178-32205,8,CamaID: 0286-0010-0000,33 ROBERT AVE,486973,08178-0286-0010-0000,0286-0010-0000,518.638598378505,57,180858,15930.072712588
Portsmouth,,,0286-0000-0000,178,,,,,,,,486974,08178-0286-0000-0000,,188.275665921918,,180859,2098.85773790766
Portsmouth,,119,0288-0003-0013,178,18,,11,178-32229,8,CamaID: 0288-0003-0013,230 EASTWOOD DR,486975,08178-0288-0003-0013,0288-0003-0013,969.933711739348,11,180860,45512.4641136629
Portsmouth,,,0288-0006-000A,178,,,,,,,,486976,08178-0288-0006-000A,,722.078714154189,,180861,23251.3970415803
Portsmouth,,119,0288-0003-0012,178,18,,11,178-32228,8,CamaID: 0288-0003-0012,210 EASTWOOD DR,486977,08178-0288-0003-0012,0288-0003-0012,775.584334468832,11,180862,36274.3826624997
Portsmouth,,119,0288-0003-0011,178,18,,11,178-32227,8,CamaID: 0288-0003-0011,196 EASTWOOD DR,486978,08178-0288-0003-0011,0288-0003-0011,751.837183468949,11,180863,28361.4466897664
Portsmouth,,119,0288-0003-0008,178,18,,11,178-32244,8,CamaID: 0288-0003-0008,156 EASTWOOD DR,486979,08178-0288-0003-0008,0288-0003-0008,721.875768354681,11,180864,29971.147519896
Portsmouth,,119,0288-0003-0014,178,18,,11,178-32230,8,CamaID: 0288-0003-0014,151 EASTWOOD DR,486980,08178-0288-0003-0014,0288-0003-0014,609.832352056028,11,180865,23090.4721898362
Portsmouth,,119,0288-0003-0015,178,18,,11,178-32231,8,CamaID: 0288-0003-0015,141 EASTWOOD DR,486981,08178-0288-0003-0015,0288-0003-0015,946.688896152399,11,180866,35938.8612240757
Portsmouth,,119,0288-0003-0016,178,18,,11,178-32232,8,CamaID: 0288-0003-0016,131 EASTWOOD DR,486982,08178-0288-0003-0016,0288-0003-0016,787.420639394932,11,180867,27893.5684577109
Portsmouth,,119,0288-0003-0007,178,18,,11,178-32243,8,CamaID: 0288-0003-0007,146 EASTWOOD DR,486983,08178-0288-0003-0007,0288-0003-0007,847.816327279022,11,180868,41764.2676496538
Portsmouth,,119,0288-0003-0006,178,18,,11,178-32242,8,CamaID: 0288-0003-0006,128 EASTWOOD DR,486984,08178-0288-0003-0006,0288-0003-0006,875.558737208886,11,180869,42651.6316024764
Portsmouth,,119,0288-0003-0017,178,18,,11,178-32233,8,CamaID: 0288-0003-0017,121 EASTWOOD DR,486985,08178-0288-0003-0017,0288-0003-0017,627.549889927898,11,180870,24299.0558827747
Portsmouth,,119,0288-0003-0018,178,18,,11,178-32234,8,CamaID: 0288-0003-0018,111 EASTWOOD DR,486986,08178-0288-0003-0018,0288-0003-0018,1018.28283642527,11,180871,31010.7422982464
Portsmouth,,119,0288-0005-0000,178,18,,22,178-32218,8,CamaID: 0288-0005-0000,LANG RD,486987,08178-0288-0005-0000,0288-0005-0000,663.099188119256,22,180872,22298.117123037
Portsmouth,,119,0288-0003-0000,178,18,,57,178-38285,8,CamaID: 0288-0003-0000,EASTWOOD DR,486988,08178-0288-0003-0000,0288-0003-0000,260.01920083266,57,180873,3186.96674050379
Portsmouth,,119,0288-0003-0021,178,18,,11,178-32238,8,CamaID: 0288-0003-0021,81 EASTWOOD DR,486989,08178-0288-0003-0021,0288-0003-0021,817.753359146632,11,180874,32666.2679945025
Portsmouth,,119,0288-0003-0002,178,18,,11,178-32236,8,CamaID: 0288-0003-0002,70 EASTWOOD DR,486990,08178-0288-0003-0002,0288-0003-0002,788.740197757847,11,180875,31058.307482163
Portsmouth,,119,0288-0003-0001,178,18,,11,178-32225,8,CamaID: 0288-0003-0001,56 EASTWOOD DR,486991,08178-0288-0003-0001,0288-0003-0001,847.104889565433,11,180876,38156.3774541345
Portsmouth,,119,0288-0003-0000,178,18,,57,178-38285,8,CamaID: 0288-0003-0000,EASTWOOD DR,486992,08178-0288-0003-0000,0288-0003-0000,2213.03442113306,57,180877,161965.668357443
Portsmouth,,119,0288-0001-000A,178,18,,11,178-32223,8,CamaID: 0288-0001-000A,455 LANG RD,486993,08178-0288-0001-000A,0288-0001-000A,915.172513760717,11,180878,51409.6225815414
Portsmouth,,119,0288-0002-0000,178,18,,11,178-32217,8,CamaID: 0288-0002-0000,431 LANG RD,486994,08178-0288-0002-0000,0288-0002-0000,511.702929658819,11,180879,15672.289250064
Portsmouth,,119,0288-0001-000B,178,18,,11,178-32224,8,CamaID: 0288-0001-000B,397 LANG RD,486995,08178-0288-0001-000B,0288-0001-000B,1764.21770428591,11,180880,108285.652038009
Portsmouth,,119,0288-0007-0000,178,18,,11,178-32219,8,CamaID: 0288-0007-0000,387 LANG RD,486996,08178-0288-0007-0000,0288-0007-0000,1100.9765906087,11,180881,45037.1520153556
Portsmouth,,119,0288-0008-0000,178,18,,11,178-32220,8,CamaID: 0288-0008-0000,379 LANG RD,486997,08178-0288-0008-0000,0288-0008-0000,1101.00450163511,11,180882,45043.221717689
Portsmouth,,119,0288-0009-0000,178,18,,11,178-32221,8,CamaID: 0288-0009-0000,365 LANG RD,486998,08178-0288-0009-0000,0288-0009-0000,1103.07006584375,11,180883,45528.4049839609
Portsmouth,,119,0288-0010-0000,178,18,,11,178-32222,8,CamaID: 0288-0010-0000,359 LANG RD,486999,08178-0288-0010-0000,0288-0010-0000,1100.75934083647,11,180884,45027.310621112
Portsmouth,,302,0273-0006-0000,178,57,,33,178-35870,8,CamaID: 0273-0006-0000,2400 LAFAYETTE RD,487000,08178-0273-0006-0000,0273-0006-0000,1036.03303003558,33,180885,65042.528428877
Portsmouth,,302,0285-0015-0000,178,57,,33,178-35937,8,CamaID: 0285-0015-0000,2468 LAFAYETTE RD,487001,08178-0285-0015-0000,0285-0015-0000,1084.41399172459,33,180886,56584.9403404156
Portsmouth,,,0267-0000-0000,178,,,,,,,,487002,08178-0267-0000-0000,,80.0000568562583,,180887,392.910892181567
Portsmouth,,115,0268-0099-0004,178,15,,11,178-31625,8,CamaID: 0268-0099-0004,4 PHEASANT LN,487003,08178-0268-0099-0004,0268-0099-0004,540.542207577782,11,180888,15739.3677271222
Portsmouth,,115,0268-0099-0008,178,15,,11,178-31629,8,CamaID: 0268-0099-0008,8 PHEASANT LN,487004,08178-0268-0099-0008,0268-0099-0008,636.555915966214,11,180889,23995.2759436076
Portsmouth,,115,0270-0002-0000,178,15,,11,178-31679,8,CamaID: 0270-0002-0000,215 FW HARTFORD DR,487005,08178-0270-0002-0000,0270-0002-0000,801.00461718192,11,180890,29934.1456712092
Portsmouth,,115,0270-0003-0000,178,15,,11,178-31680,8,CamaID: 0270-0003-0000,235 FW HARTFORD DR,487006,08178-0270-0003-0000,0270-0003-0000,803.104868247471,11,180891,30227.1350632159
Portsmouth,,115,0270-0004-0000,178,15,,11,178-31681,8,CamaID: 0270-0004-0000,245 FW HARTFORD DR,487007,08178-0270-0004-0000,0270-0004-0000,802.619113833738,11,180892,30147.3908272764
Portsmouth,,115,0270-0005-0000,178,15,,11,178-31682,8,CamaID: 0270-0005-0000,255 FW HARTFORD DR,487008,08178-0270-0005-0000,0270-0005-0000,801.358572781814,11,180893,29952.3390638258
Portsmouth,,115,0270-0006-0000,178,15,,11,178-31683,8,CamaID: 0270-0006-0000,265 FW HARTFORD DR,487009,08178-0270-0006-0000,0270-0006-0000,999.852269841647,11,180894,59845.8041734069
Portsmouth,,115,0270-0008-0000,178,15,,11,178-31684,8,CamaID: 0270-0008-0000,285 FW HARTFORD DR,487010,08178-0270-0008-0000,0270-0008-0000,802.146310322261,11,180895,30051.1594337512
Portsmouth,,115,0270-0009-0000,178,15,,11,178-31685,8,CamaID: 0270-0009-0000,295 FW HARTFORD DR,487011,08178-0270-0009-0000,0270-0009-0000,765.385688647057,11,180896,27981.7441511931
Portsmouth,,115,0270-0026-0000,178,15,,11,178-31700,8,CamaID: 0270-0026-0000,270 FW HARTFORD DR,487012,08178-0270-0026-0000,0270-0026-0000,799.373147426332,11,180897,30118.8650336686
Portsmouth,,115,0270-0027-0000,178,15,,11,178-31701,8,CamaID: 0270-0027-0000,260 FW HARTFORD DR,487013,08178-0270-0027-0000,0270-0027-0000,795.885183765692,11,180898,29669.9619254437
Portsmouth,,115,0270-0028-0000,178,15,,11,178-31702,8,CamaID: 0270-0028-0000,250 FW HARTFORD DR,487014,08178-0270-0028-0000,0270-0028-0000,796.015834904693,11,180899,29784.667251228
Portsmouth,,115,0270-0029-0000,178,15,,11,178-31703,8,CamaID: 0270-0029-0000,240 FW HARTFORD DR,487015,08178-0270-0029-0000,0270-0029-0000,796.555881023899,11,180900,29937.8274453521
Portsmouth,,115,0270-0030-0000,178,15,,11,178-31704,8,CamaID: 0270-0030-0000,230 FW HARTFORD DR,487016,08178-0270-0030-0000,0270-0030-0000,795.293874333677,11,180901,29823.2096637925
Portsmouth,,115,0270-0031-0000,178,15,,11,178-31705,8,CamaID: 0270-0031-0000,220 FW HARTFORD DR,487017,08178-0270-0031-0000,0270-0031-0000,793.853831806486,11,180902,29670.8897159373
Portsmouth,,115,0269-0034-0000,178,15,,60,178-31660,8,CamaID: 0269-0034-0000,FW HARTFORD DR,487018,08178-0269-0034-0000,0269-0034-0000,1139.53259543639,60,180903,43634.8843195571
Portsmouth,,114,0268-0048-0000,178,14,,11,178-31569,8,CamaID: 0268-0048-0000,11 HOOVER DR,487019,08178-0268-0048-0000,0268-0048-0000,610.080178571218,11,180904,20002.8584660649
Portsmouth,,125,0243-0007-0002,178,22,,11,178-30814,8,CamaID: 0243-0007-0002,407 GREENLEAF AVE,487020,08178-0243-0007-0002,0243-0007-0002,1081.86277590335,11,180905,42650.5885332693
Portsmouth,,125,0243-0007-000A,178,22,,11,178-30815,8,CamaID: 0243-0007-000A,401 GREENLEAF AVE,487021,08178-0243-0007-000A,0243-0007-000A,625.160105880067,11,180906,23319.5555801687
Portsmouth,,125,0243-0063-0000,178,22,,11,178-30810,8,CamaID: 0243-0063-0000,380 GREENLEAF AVE,487022,08178-0243-0063-0000,0243-0063-0000,923.000061736832,11,180907,50213.6471567119
Portsmouth,,125,0243-0022-0000,178,22,,22,178-30774,8,CamaID: 0243-0022-0000,SWETT AVE,487023,08178-0243-0022-0000,0243-0022-0000,332.843365362957,22,180908,6901.47146938484
Portsmouth,,125,0243-0023-0000,178,22,,22,178-30775,8,CamaID: 0243-0023-0000,SWETT AVE,487024,08178-0243-0023-0000,0243-0023-0000,822.142668671893,22,180909,27439.9094111212
Portsmouth,,125,0243-0024-0000,178,22,,22,178-30776,8,CamaID: 0243-0024-0000,SWETT AVE,487025,08178-0243-0024-0000,0243-0024-0000,253.924816300224,22,180910,3488.36209915497
Portsmouth,,125,0243-0027-0000,178,22,,11,178-30779,8,CamaID: 0243-0027-0000,210 SWETT AVE,487026,08178-0243-0027-0000,0243-0027-0000,732.239003797694,11,180911,27681.040383208
Portsmouth,,112,0228-0006-0000,178,12,,11,178-30064,8,CamaID: 0228-0006-0000,330 JONES AVE,487027,08178-0228-0006-0000,0228-0006-0000,915.819895512616,11,180912,47417.2848865316
Portsmouth,,112,0221-0001-0000,178,12,,11,178-29510,8,CamaID: 0221-0001-0000,300 JONES AVE,487028,08178-0221-0001-0000,0221-0001-0000,973.758077523433,11,180913,50204.7453555975
Portsmouth,,112,0221-0004-0000,178,12,,11,178-29513,8,CamaID: 0221-0004-0000,296 JONES AVE,487029,08178-0221-0004-0000,0221-0004-0000,577.748681284137,11,180914,15573.0676284416
Portsmouth,,112,0221-0005-0000,178,12,,11,178-29514,8,CamaID: 0221-0005-0000,264 JONES AVE,487030,08178-0221-0005-0000,0221-0005-0000,734.604330561588,11,180915,31699.1663321799
Portsmouth,,112,0222-0051-0000,178,12,,11,178-29645,8,CamaID: 0222-0051-0000,3 LENS AVE,487031,08178-0222-0051-0000,0222-0051-0000,400.058409836651,11,180916,10002.3874016128
Portsmouth,,112,0221-0009-0000,178,12,,12,178-29517,8,CamaID: 0221-0009-0000,176 JONES AVE,487032,08178-0221-0009-0000,0221-0009-0000,470.449157155807,12,180917,13722.1532448832
Portsmouth,,112,0222-0050-0000,178,12,,11,178-29644,8,CamaID: 0222-0050-0000,149 JONES AVE,487033,08178-0222-0050-0000,0222-0050-0000,393.092171045418,11,180918,9162.66603065711
Portsmouth,,128,0209-0058-0000,178,24,,11,178-28781,8,CamaID: 0209-0058-0000,158 LESLIE DR,487034,08178-0209-0058-0000,0209-0058-0000,343.097135154428,11,180919,7090.38701777533
Portsmouth,,306,0221-0008-0000,178,62,,33,178-35412,8,CamaID: 0221-0008-0000,188 JONES AVE,487035,08178-0221-0008-0000,0221-0008-0000,3371.89614453279,33,180920,382863.673164255
Portsmouth,,105,0144-0044-0000,178,7,,11,178-34366,8,CamaID: 0144-0044-0000,179 MCDONOUGH ST,487036,08178-0144-0044-0000,0144-0044-0000,211.72023855526,11,180921,2719.58761129159
Portsmouth,,114,0268-0050-0000,178,14,,11,178-31571,8,CamaID: 0268-0050-0000,9 TAFT RD,487037,08178-0268-0050-0000,0268-0050-0000,568.517097250943,11,180922,18357.0370653317
Portsmouth,,114,0268-093A-0000,178,14,,22,178-31621,8,CamaID: 0268-093A-0000,TAFT RD,487038,08178-0268-093A-0000,0268-093A-0000,406.553649565945,22,180923,10321.5534338287
Portsmouth,,114,0268-0093-0000,178,14,,11,178-31614,8,CamaID: 0268-0093-0000,16 TAFT RD,487039,08178-0268-0093-0000,0268-0093-0000,606.736462603593,11,180924,20755.0063477162
Portsmouth,,114,0268-0094-0000,178,14,,11,178-31615,8,CamaID: 0268-0094-0000,14 TAFT RD,487040,08178-0268-0094-0000,0268-0094-0000,608.698721161595,11,180925,21002.9333963133
Portsmouth,,114,0268-0095-0000,178,14,,11,178-31616,8,CamaID: 0268-0095-0000,12 TAFT RD,487041,08178-0268-0095-0000,0268-0095-0000,556.990709840215,11,180926,18224.922165978
Portsmouth,,115,0249-0012-0000,178,15,,11,178-30915,8,CamaID: 0249-0012-0000,510 FW HARTFORD DR,487042,08178-0249-0012-0000,0249-0012-0000,817.817176645952,11,180927,27576.0858075449
Portsmouth,,115,0250-0092-0000,178,15,,11,178-31021,8,CamaID: 0250-0092-0000,530 FW HARTFORD DR,487043,08178-0250-0092-0000,0250-0092-0000,790.029080698612,11,180928,29643.3729816443
Portsmouth,,115,0250-0091-0000,178,15,,11,178-31020,8,CamaID: 0250-0091-0000,540 FW HARTFORD DR,487044,08178-0250-0091-0000,0250-0091-0000,784.575682721666,11,180929,29148.7493828218
Portsmouth,,115,0250-0090-0000,178,15,,22,178-31019,8,CamaID: 0250-0090-0000,550 FW HARTFORD DR,487045,08178-0250-0090-0000,0250-0090-0000,783.340193650697,22,180930,29266.2424969312
Portsmouth,,115,0250-0089-0000,178,15,,22,178-31018,8,CamaID: 0250-0089-0000,560 FW HARTFORD DR,487046,08178-0250-0089-0000,0250-0089-0000,781.308984321904,22,180931,29101.9438011965
Portsmouth,,115,0250-0099-0000,178,15,,11,178-31028,8,CamaID: 0250-0099-0000,565 FW HARTFORD DR,487047,08178-0250-0099-0000,0250-0099-0000,612.004735775736,11,180932,20770.9123922389
Portsmouth,,115,0250-0098-0000,178,15,,11,178-31027,8,CamaID: 0250-0098-0000,555 FW HARTFORD DR,487048,08178-0250-0098-0000,0250-0098-0000,653.040600305653,11,180933,21775.3780202107
Portsmouth,,115,0250-0097-0000,178,15,,11,178-31026,8,CamaID: 0250-0097-0000,545 FW HARTFORD DR,487049,08178-0250-0097-0000,0250-0097-0000,773.188310342424,11,180934,27891.2349598642
Portsmouth,,115,0250-0096-0000,178,15,,11,178-31025,8,CamaID: 0250-0096-0000,535 FW HARTFORD DR,487050,08178-0250-0096-0000,0250-0096-0000,813.265254168001,11,180935,30676.9906647424
Portsmouth,,115,0250-0095-0000,178,15,,11,178-31024,8,CamaID: 0250-0095-0000,525 FW HARTFORD DR,487051,08178-0250-0095-0000,0250-0095-0000,810.000593464105,11,180936,30459.6655918501
Portsmouth,,115,0270-0024-0000,178,15,,11,178-31698,8,CamaID: 0270-0024-0000,290 FW HARTFORD DR,487052,08178-0270-0024-0000,0270-0024-0000,802.957572109943,11,180937,30509.6372364717
Portsmouth,,115,0270-0025-0000,178,15,,11,178-31699,8,CamaID: 0270-0025-0000,280 FW HARTFORD DR,487053,08178-0270-0025-0000,0270-0025-0000,798.883436810169,11,180938,29973.4185856197
Portsmouth,,114,0268-0015-0000,178,14,,11,178-31536,8,CamaID: 0268-0015-0000,390 COOLIDGE DR,487054,08178-0268-0015-0000,0268-0015-0000,514.689268788432,11,180939,15108.5158036817
Portsmouth,,114,0268-0016-0000,178,14,,11,178-31537,8,CamaID: 0268-0016-0000,376 COOLIDGE DR,487055,08178-0268-0016-0000,0268-0016-0000,515.33740270728,11,180940,15127.4445597516
Portsmouth,,114,0268-0017-0000,178,14,,11,178-31538,8,CamaID: 0268-0017-0000,352 COOLIDGE DR,487056,08178-0268-0017-0000,0268-0017-0000,513.424696673474,11,180941,14932.7339724378
Portsmouth,,114,0268-0021-0000,178,14,,11,178-31542,8,CamaID: 0268-0021-0000,278 COOLIDGE DR,487057,08178-0268-0021-0000,0268-0021-0000,519.584358449683,11,180942,15307.7528299266
Portsmouth,,114,0268-0022-0000,178,14,,11,178-31543,8,CamaID: 0268-0022-0000,260 COOLIDGE DR,487058,08178-0268-0022-0000,0268-0022-0000,517.981892686565,11,180943,15135.3688708376
Portsmouth,,114,0268-0023-0000,178,14,,11,178-31544,8,CamaID: 0268-0023-0000,242 COOLIDGE DR,487059,08178-0268-0023-0000,0268-0023-0000,520.811234320189,11,180944,15339.2422861874
Portsmouth,,114,0268-0024-0000,178,14,,11,178-31545,8,CamaID: 0268-0024-0000,224 COOLIDGE DR,487060,08178-0268-0024-0000,0268-0024-0000,520.999921203411,11,180945,15318.3812886744
Portsmouth,,114,0268-0025-0000,178,14,,11,178-31546,8,CamaID: 0268-0025-0000,206 COOLIDGE DR,487061,08178-0268-0025-0000,0268-0025-0000,517.988105718845,11,180946,14244.9893970843
Portsmouth,,114,0251-0087-0000,178,14,,11,178-31133,8,CamaID: 0251-0087-0000,7 COOLIDGE DR,487062,08178-0251-0087-0000,0251-0087-0000,559.414787858258,11,180947,17999.6155395602
Portsmouth,,114,0251-0086-0000,178,14,,11,178-31132,8,CamaID: 0251-0086-0000,9 COOLIDGE DR,487063,08178-0251-0086-0000,0251-0086-0000,559.970870707867,11,180948,18090.9500190559
Portsmouth,,114,0251-0085-0000,178,14,,11,178-31131,8,CamaID: 0251-0085-0000,11 COOLIDGE DR,487064,08178-0251-0085-0000,0251-0085-0000,557.071860771954,11,180949,17873.4709356515
Portsmouth,,114,0251-0083-0000,178,14,,11,178-31129,8,CamaID: 0251-0083-0000,47 MCKINLEY RD,487065,08178-0251-0083-0000,0251-0083-0000,571.10710260815,11,180950,17971.090620461
Portsmouth,,114,0268-0037-0000,178,14,,11,178-31558,8,CamaID: 0268-0037-0000,320 GRANT AVE,487066,08178-0268-0037-0000,0268-0037-0000,451.148650521975,11,180951,12588.9386582844
Portsmouth,,114,0268-0036-0000,178,14,,11,178-31557,8,CamaID: 0268-0036-0000,346 GRANT AVE,487067,08178-0268-0036-0000,0268-0036-0000,450.951142200288,11,180952,12569.9106882747
Portsmouth,,114,0268-0045-0000,178,14,,11,178-31566,8,CamaID: 0268-0045-0000,394 GRANT AVE,487068,08178-0268-0045-0000,0268-0045-0000,396.319195950749,11,180953,9816.397703703
Portsmouth,,114,0268-0044-0000,178,14,,11,178-31565,8,CamaID: 0268-0044-0000,412 GRANT AVE,487069,08178-0268-0044-0000,0268-0044-0000,449.237579941741,11,180954,12430.8765388559
Portsmouth,,114,0268-0052-0000,178,14,,11,178-31573,8,CamaID: 0268-0052-0000,13 TAFT RD,487070,08178-0268-0052-0000,0268-0052-0000,569.241166980598,11,180955,18404.5668797281
Portsmouth,,114,0268-0053-0000,178,14,,11,178-31574,8,CamaID: 0268-0053-0000,15 TAFT RD,487071,08178-0268-0053-0000,0268-0053-0000,568.038409616803,11,180956,18283.3371139694
Portsmouth,,114,0268-0054-0000,178,14,,11,178-31575,8,CamaID: 0268-0054-0000,17 TAFT RD,487072,08178-0268-0054-0000,0268-0054-0000,574.685233565834,11,180957,18889.4312051928
Portsmouth,,114,0268-0055-0000,178,14,,11,178-31576,8,CamaID: 0268-0055-0000,19 TAFT RD,487073,08178-0268-0055-0000,0268-0055-0000,568.996008368508,11,180958,18352.4732165226
Portsmouth,,114,0268-0071-0000,178,14,,11,178-31592,8,CamaID: 0268-0071-0000,351 GRANT AVE,487074,08178-0268-0071-0000,0268-0071-0000,545.625486838049,11,180959,16537.7386547901
Portsmouth,,114,0268-0070-0000,178,14,,11,178-31591,8,CamaID: 0268-0070-0000,331 GRANT AVE,487075,08178-0268-0070-0000,0268-0070-0000,543.317808331209,11,180960,16314.6855636217
Portsmouth,,114,0268-0056-0000,178,14,,11,178-31577,8,CamaID: 0268-0056-0000,21 TAFT RD,487076,08178-0268-0056-0000,0268-0056-0000,549.052661075752,11,180961,16491.2465013286
Portsmouth,,114,0268-0057-0000,178,14,,11,178-31578,8,CamaID: 0268-0057-0000,23 TAFT RD,487077,08178-0268-0057-0000,0268-0057-0000,553.98871332319,11,180962,16939.7172996042
Portsmouth,,114,0268-0061-0000,178,14,,11,178-31582,8,CamaID: 0268-0061-0000,31 TAFT RD,487078,08178-0268-0061-0000,0268-0061-0000,416.580640887025,11,180963,10443.7091418651
Portsmouth,,114,0268-0062-0000,178,14,,11,178-31583,8,CamaID: 0268-0062-0000,33 TAFT RD,487079,08178-0268-0062-0000,0268-0062-0000,410.767058061834,11,180964,10371.1536627529
Portsmouth,,114,0268-0092-0000,178,14,,11,178-31613,8,CamaID: 0268-0092-0000,18 TAFT RD,487080,08178-0268-0092-0000,0268-0092-0000,413.519866119334,11,180965,10681.5576089273
Portsmouth,,114,0268-092A-0000,178,14,,22,178-31620,8,CamaID: 0268-092A-0000,TAFT RD,487081,08178-0268-092A-0000,0268-092A-0000,412.009875704873,22,180966,10597.2287663165
Portsmouth,,114,0268-0089-0000,178,14,,11,178-31610,8,CamaID: 0268-0089-0000,24 TAFT RD,487082,08178-0268-0089-0000,0268-0089-0000,385.20189642954,11,180967,9264.12470827511
Portsmouth,,114,0268-0088-0000,178,14,,11,178-31609,8,CamaID: 0268-0088-0000,26 TAFT RD,487083,08178-0268-0088-0000,0268-0088-0000,379.452321189133,11,180968,8978.31137323217
Portsmouth,,114,0268-0087-0000,178,14,,11,178-31608,8,CamaID: 0268-0087-0000,28 TAFT RD,487084,08178-0268-0087-0000,0268-0087-0000,379.320060740507,11,180969,8972.25373360117
Portsmouth,,114,0268-0086-0000,178,14,,11,178-31607,8,CamaID: 0268-0086-0000,30 GARFIELD RD,487085,08178-0268-0086-0000,0268-0086-0000,378.500859137186,11,180970,8927.44872364758
Portsmouth,,114,0268-0085-0000,178,14,,11,178-31606,8,CamaID: 0268-0085-0000,32 GARFIELD RD,487086,08178-0268-0085-0000,0268-0085-0000,374.68080402011,11,180971,8749.65643376308
Portsmouth,,114,0268-0084-0000,178,14,,11,178-31605,8,CamaID: 0268-0084-0000,34 GARFIELD RD,487087,08178-0268-0084-0000,0268-0084-0000,380.144916264364,11,180972,9017.85686940404
Portsmouth,,114,0268-0083-0000,178,14,,11,178-31604,8,CamaID: 0268-0083-0000,36 GARFIELD RD,487088,08178-0268-0083-0000,0268-0083-0000,379.238577309846,11,180973,8972.00813888853
Portsmouth,,114,0268-0081-0000,178,14,,11,178-31602,8,CamaID: 0268-0081-0000,32 TAFT RD,487089,08178-0268-0081-0000,0268-0081-0000,400.685344599597,11,180974,10020.2138913129
Portsmouth,,114,0268-0077-0000,178,14,,11,178-31598,8,CamaID: 0268-0077-0000,35 GARFIELD RD,487090,08178-0268-0077-0000,0268-0077-0000,519.312416643211,11,180975,15740.1434772157
Portsmouth,,115,0250-0086-0000,178,15,,11,178-31015,8,CamaID: 0250-0086-0000,590 FW HARTFORD DR,487091,08178-0250-0086-0000,0250-0086-0000,697.226801171221,11,180976,24159.6392979323
Portsmouth,,103B,0149-0024-0000,178,5,,11,178-34627,8,CamaID: 0149-0024-0000,9 WILLARD AVE,487092,08178-0149-0024-0000,0149-0024-0000,388.737269186648,11,180977,9393.56248700914
Portsmouth,,103B,0151-0002-0000,178,5,,11,178-34718,8,CamaID: 0151-0002-0000,1210 SOUTH ST,487093,08178-0151-0002-0000,0151-0002-0000,350.708170773742,11,180978,7504.98090824345
Portsmouth,,103B,0151-0001-0000,178,5,,11,178-34717,8,CamaID: 0151-0001-0000,1190 SOUTH ST,487094,08178-0151-0001-0000,0151-0001-0000,453.48335734521,11,180979,11290.1141182438
Portsmouth,,206,0151-0022-0000,178,36,,14,178-34745,8,CamaID: 0151-0022-0001,169 LAFAYETTE RD #1,487095,08178-0151-0022-0000,0151-0022-0001,544.181940376256,14,180980,14108.8616153956
Portsmouth,,206,0151-0021-0000,178,36,,14,178-34742,8,CamaID: 0151-0021-0001,151 LAFAYETTE RD #1,487096,08178-0151-0021-0000,0151-0021-0001,564.048289850483,14,180981,13315.2742931894
Portsmouth,,103B,0150-0025-0000,178,5,,11,178-34693,8,CamaID: 0150-0025-0000,1039 SOUTH ST,487097,08178-0150-0025-0000,0150-0025-0000,343.774468058516,11,180982,6898.32098526012
Portsmouth,,103B,0221-0090-0000,178,5,,11,178-29596,8,CamaID: 0221-0090-0000,962 SOUTH ST,487098,08178-0221-0090-0000,0221-0090-0000,2930.59002024613,11,180983,283121.543743213
Portsmouth,,103B,0150-0002-0000,178,5,,11,178-34671,8,CamaID: 0150-0002-0000,50 WILLARD AVE,487099,08178-0150-0002-0000,0150-0002-0000,318.726355271283,11,180984,5894.8679494884
Portsmouth,,104,0152-0014-0000,178,6,,11,178-34759,8,CamaID: 0152-0014-0000,41 KENSINGTON RD,487100,08178-0152-0014-0000,0152-0014-0000,351.463595720159,11,180985,7587.19486883694
Portsmouth,,104,0152-0047-0000,178,6,,11,178-34791,8,CamaID: 0152-0047-0000,9 MIDDLE RD,487101,08178-0152-0047-0000,0152-0047-0000,412.421862048766,11,180986,10107.0687202931
Portsmouth,,125,0231-0050-0000,178,22,,12,178-30138,8,CamaID: 0231-0050-0000,300 LAFAYETTE RD,487102,08178-0231-0050-0000,0231-0050-0000,383.74399792832,12,180987,8924.00606672861
Portsmouth,,104,0152-0044-0000,178,6,,11,178-34788,8,CamaID: 0152-0044-0000,816 MIDDLE ST,487103,08178-0152-0044-0000,0152-0044-0000,511.164799606555,11,180988,15046.1004603824
Portsmouth,,204,0153-0008-0000,178,34,,14,178-38438,8,CamaID: 0153-0008-0001,796 MIDDLE ST #1,487104,08178-0153-0008-0000,0153-0008-0001,623.783662731358,14,180989,21433.8070440089
Portsmouth,,104,0152-0050-0000,178,6,,11,178-38684,8,CamaID: 0152-0050-0000,35 LAWRENCE ST,487105,08178-0152-0050-0000,0152-0050-0000,405.968758302876,11,180990,10055.6672332036
Portsmouth,,103B,0149-0011-0000,178,5,,12,178-34614,8,CamaID: 0149-0011-0000,256 WIBIRD ST,487106,08178-0149-0011-0000,0149-0011-0000,320.396682233945,12,180991,6413.76404803865
Portsmouth,,103B,0133-0038-0000,178,5,,12,178-33932,8,CamaID: 0133-0038-0000,536 UNION ST,487107,08178-0133-0038-0000,0133-0038-0000,206.301983092434,12,180992,2651.39060598836
Portsmouth,,104,0148-0024-0000,178,6,,12,178-34559,8,CamaID: 0148-0024-0000,736 MIDDLE ST,487108,08178-0148-0024-0000,0148-0024-0000,801.246354894164,12,180993,11790.8205552759
Portsmouth,,206,0148-0041-0000,178,36,,14,178-50393,8,CamaID: 0148-0041-0002,605 LINCOLN AVE #2,487109,08178-0148-0041-0000,0148-0041-0002,521.008748199248,14,180994,11128.5448410403
Portsmouth,,304,0135-0001-0000,178,59,,33,178-38009,8,CamaID: 0135-0001-0000,381 MIDDLE ST,487110,08178-0135-0001-0000,0135-0001-0000,484.813242209428,33,180995,11040.2846777555
Portsmouth,,114,0250-0080-0000,178,14,,11,178-31009,8,CamaID: 0250-0080-0000,54 HARDING RD,487111,08178-0250-0080-0000,0250-0080-0000,393.114326134631,11,180996,9590.30932695913
Portsmouth,,114,0250-0079-0000,178,14,,11,178-31008,8,CamaID: 0250-0079-0000,52 HARDING RD,487112,08178-0250-0079-0000,0250-0079-0000,386.587733435534,11,180997,9267.65835264635
Portsmouth,,125,0232-0009-0000,178,22,,11,178-30162,8,CamaID: 0232-0009-0000,66 LOIS ST,487113,08178-0232-0009-0000,0232-0009-0000,796.282888202096,11,180998,32153.6894937288
Portsmouth,,302,0232-0004-0000,178,57,,27,178-35490,8,CamaID: 0232-0004-0000,US ROUTE 1 BYP,487114,08178-0232-0004-0000,0232-0004-0000,291.906982823732,27,180999,5136.37060628357
Portsmouth,,125,0232-0003-0000,178,22,,11,178-30157,8,CamaID: 0232-0003-0000,201 US ROUTE 1 BYP,487115,08178-0232-0003-0000,0232-0003-0000,385.958523775855,11,181000,9381.26424110067
Portsmouth,,104,0231-0053-0001,178,6,,11,178-30153,8,CamaID: 0231-0053-0001,300 MIDDLE RD,487116,08178-0231-0053-0001,0231-0053-0001,628.304368929043,11,181001,20243.7543725831
Portsmouth,,104,0231-0053-0000,178,6,,11,178-30139,8,CamaID: 0231-0053-0000,292 MIDDLE RD,487117,08178-0231-0053-0000,0231-0053-0000,753.542320779462,11,181002,33561.1164992342
Portsmouth,70,131,0158-002A-0000,178,27,,11,178-34895,8,CamaID: 0158-002A-0000,166 CLINTON ST,487118,08178-0158-002A-0000,0158-002A-0000,635.109994378788,11-70,181003,18194.5331362584
Portsmouth,,201,0138-0030-0000,178,31,,14,178-38401,8,CamaID: 0138-0030-0001,39 LANGDON ST #1,487119,08178-0138-0030-0000,0138-0030-0001,261.653267837248,14,181004,4045.37141836073
Portsmouth,,305A,0138-0012-0000,178,61,,57,178-37542,8,CamaID: 0138-0012-0000,171 ISLINGTON ST,487120,08178-0138-0012-0000,0138-0012-0000,307.742236223142,57,181005,5517.21153934361
Portsmouth,,305A,0138-0013-0000,178,61,,57,178-34172,8,CamaID: 0138-0013-0000,163 ISLINGTON ST,487121,08178-0138-0013-0000,0138-0013-0000,266.604107303556,57,181006,3546.52349053378
Portsmouth,,305A,0137-0024-0000,178,61,,57,178-37769,8,CamaID: 0137-0024-0000,96 ISLINGTON ST,487122,08178-0137-0024-0000,0137-0024-0000,495.217940964556,57,181007,11720.9977037301
Portsmouth,70,131,0159-0009-0000,178,27,,11,178-34904,8,CamaID: 0159-0009-0000,250 CLINTON ST,487123,08178-0159-0009-0000,0159-0009-0000,385.48131620746,11-70,181008,8599.90167303519
Portsmouth,,131,0159-0025-0000,178,27,,11,178-34920,8,CamaID: 0159-0025-0000,229 CLINTON ST,487124,08178-0159-0025-0000,0159-0025-0000,386.672754651271,11,181009,9127.93710901797
Portsmouth,,131,0159-0008-0000,178,27,,22,178-34903,8,CamaID: 0159-0008-0000,SPARHAWK ST,487125,08178-0159-0008-0000,0159-0008-0000,154.278018413802,22,181010,835.91535131127
Portsmouth,70,131,0159-0007-0000,178,27,,11,178-34902,8,CamaID: 0159-0007-0000,163 SPARHAWK ST,487126,08178-0159-0007-0000,0159-0007-0000,239.189733252241,11-70,181011,3332.19855304763
Portsmouth,,304,0126-0030-0000,178,59,,57,178-33648,8,CamaID: 0126-0030-0000,45 PEARL ST,487127,08178-0126-0030-0000,0126-0030-0000,232.239072730056,57,181012,3337.93450768056
Portsmouth,70,131,0159-0006-0000,178,27,,11,178-34901,8,CamaID: 0159-0006-0000,149 SPARHAWK ST,487128,08178-0159-0006-0000,0159-0006-0000,386.79659820312,11-70,181013,9258.95360792309
Portsmouth,,112,0222-0068-0000,178,12,,11,178-29660,8,CamaID: 0222-0068-0000,209 JONES AVE,487129,08178-0222-0068-0000,0222-0068-0000,1494.46751267768,11,181014,90035.3791177055
Portsmouth,,112,0222-0044-0000,178,12,,11,178-29638,8,CamaID: 0222-0044-0000,101 MARNE AVE,487130,08178-0222-0044-0000,0222-0044-0000,385.29762509416,11,181015,6566.00586694098
Portsmouth,,112,0222-0061-0000,178,12,,11,178-29654,8,CamaID: 0222-0061-0000,29 VERSAILLES AVE,487131,08178-0222-0061-0000,0222-0061-0000,503.880629332249,11,181016,15235.5214686741
Portsmouth,,112,0222-0053-0000,178,12,,11,178-29647,8,CamaID: 0222-0053-0000,9 LENS AVE,487132,08178-0222-0053-0000,0222-0053-0000,401.067189895317,11,181017,10052.2324016659
Portsmouth,,112,0222-0060-0000,178,12,,11,178-29653,8,CamaID: 0222-0060-0000,179 JONES AVE,487133,08178-0222-0060-0000,0222-0060-0000,275.913630511772,11,181018,4354.86273156525
Portsmouth,,112,0222-0045-0000,178,12,,11,178-29639,8,CamaID: 0222-0045-0000,99 MARNE AVE,487134,08178-0222-0045-0000,0222-0045-0000,501.66690550827,11,181019,15104.1138665434
Portsmouth,,112,0222-0052-0000,178,12,,11,178-29646,8,CamaID: 0222-0052-0000,5 LENS AVE,487135,08178-0222-0052-0000,0222-0052-0000,399.776804941109,11,181020,9988.70489363889
Portsmouth,,112,0221-0007-0000,178,12,,11,178-29516,8,CamaID: 0221-0007-0000,216 JONES AVE,487136,08178-0221-0007-0000,0221-0007-0000,426.138195563031,11,181021,10499.078905556
Portsmouth,,112,0222-0059-0000,178,12,,11,178-29652,8,CamaID: 0222-0059-0000,171 JONES AVE,487137,08178-0222-0059-0000,0222-0059-0000,497.050990532944,11,181022,14434.7850160745
Portsmouth,,112,0221-0006-0000,178,12,,57,178-29515,8,CamaID: 0221-0006-0000,246 JONES AVE,487138,08178-0221-0006-0000,0221-0006-0000,2578.84941640934,57,181023,357810.501265854
Portsmouth,,112,0222-0070-0000,178,12,,11,178-29662,8,CamaID: 0222-0070-0000,215 JONES AVE,487139,08178-0222-0070-0000,0222-0070-0000,1327.05428546357,11,181024,98838.0577213386
Portsmouth,,119,0289-0010-0000,178,18,,11,178-35966,8,CamaID: 0289-0010-0000,328 LANG RD,487140,08178-0289-0010-0000,0289-0010-0000,1991.97948432831,11,181025,134780.647520444
Portsmouth,,119,0289-0010-0001,178,18,,11,178-32252,8,CamaID: 0289-0010-0001,312 LANG RD,487141,08178-0289-0010-0001,0289-0010-0001,1925.21160204412,11,181026,106361.8317089
Portsmouth,,119,0287-0004-0001,178,18,,57,178-52279,8,CamaID: 0287-0004-0001,252 LANG RD,487142,08178-0287-0004-0001,0287-0004-0001,3503.12357079281,57,181027,521414.080266307
Portsmouth,,119,0287-0004-0003,178,18,,11,178-52277,8,CamaID: 0287-0004-0003,214 LANG RD,487143,08178-0287-0004-0003,0287-0004-0003,1105.34968902171,11,181028,61336.307452987
Portsmouth,,119,0287-0004-0002,178,18,,11,178-52278,8,CamaID: 0287-0004-0002,230 LANG RD,487144,08178-0287-0004-0002,0287-0004-0002,1018.81340200513,11,181029,54965.0483546244
Portsmouth,,119,0287-0004-0000,178,18,,11,178-32214,8,CamaID: 0287-0004-0000,292 LANG RD,487145,08178-0287-0004-0000,0287-0004-0000,1257.74216874537,11,181030,87819.0017648456
Portsmouth,,117,0290-0002-0000,178,16,,22,178-51784,8,CamaID: 0290-0002-0000,LANG RD,487146,08178-0290-0002-0000,0290-0002-0000,12286.9879635273,22,181031,5493616.63739477
Portsmouth,,118,0292-0163-0000,178,17,,11,178-32622,8,CamaID: 0292-0163-0000,3334 LAFAYETTE RD,487147,08178-0292-0163-0000,0292-0163-0000,856.805796053868,11,181032,45555.7121288806
Portsmouth,,301,0291-0005-0000,178,56,,33,178-35970,8,CamaID: 0291-0005-0000,20 LONGMEADOW RD,487148,08178-0291-0005-0000,0291-0005-0000,891.301375325913,33,181033,44304.3816052774
Portsmouth,,118,0292-0141-0000,178,17,,11,178-32603,8,CamaID: 0292-0141-0000,7 WINCHESTER ST,487149,08178-0292-0141-0000,0292-0141-0000,384.617662830378,11,181034,8241.73634096374
Portsmouth,,118,0292-0158-0000,178,17,,11,178-32617,8,CamaID: 0292-0158-0000,6 WINCHESTER ST,487150,08178-0292-0158-0000,0292-0158-0000,359.995638146455,11,181035,8389.5173422365
Portsmouth,,302,0291-0006-0000,178,57,,57,178-35971,8,CamaID: 0291-0006-0000,3131 LAFAYETTE RD,487151,08178-0291-0006-0000,0291-0006-0000,822.764625957514,57,181036,42816.2695876087
Portsmouth,,118,0292-0159-0000,178,17,,11,178-32618,8,CamaID: 0292-0159-0000,8 WINCHESTER ST,487152,08178-0292-0159-0000,0292-0159-0000,349.410933343718,11,181037,7905.84144090502
Portsmouth,,118,0292-0138-0000,178,17,,11,178-32600,8,CamaID: 0292-0138-0000,45 WINCHESTER ST,487153,08178-0292-0138-0000,0292-0138-0000,371.73154106001,11,181038,8629.33319291566
Portsmouth,,118,0292-0137-0000,178,17,,11,178-32599,8,CamaID: 0292-0137-0000,35 WINCHESTER ST,487154,08178-0292-0137-0000,0292-0137-0000,355.474483063836,11,181039,7967.48348991624
Portsmouth,,118,0292-0136-0000,178,17,,11,178-32598,8,CamaID: 0292-0136-0000,25 WINCHESTER ST,487155,08178-0292-0136-0000,0292-0136-0000,370.53433877992,11,181040,7910.80788455139
Portsmouth,,118,0292-0110-0000,178,17,,11,178-32572,8,CamaID: 0292-0110-0000,36 WINCHESTER ST,487156,08178-0292-0110-0000,0292-0110-0000,465.498075352144,11,181041,12809.3067482272
Portsmouth,,118,0292-0111-0000,178,17,,11,178-32573,8,CamaID: 0292-0111-0000,26 WINCHESTER ST,487157,08178-0292-0111-0000,0292-0111-0000,506.019734509588,11,181042,13937.1499901828
Portsmouth,,118,0292-0101-0000,178,17,,11,178-32563,8,CamaID: 0292-0101-0000,5 MARIETTE DR,487158,08178-0292-0101-0000,0292-0101-0000,539.347185542849,11,181043,13933.5983240741
Portsmouth,,118,0292-0007-0000,178,17,,11,178-32476,8,CamaID: 0292-0007-0000,74 SUZANNE DR,487159,08178-0292-0007-0000,0292-0007-0000,532.667471479848,11,181044,17818.0433109247
Portsmouth,,302,0287-0001-0000,178,57,,13,178-32213,8,CamaID: 0287-0001-0000,145 LANG RD,487160,08178-0287-0001-0000,0287-0001-0000,7682.43210517815,13,181045,1539340.67768554
Portsmouth,,118,0292-0100-0000,178,17,,11,178-32562,8,CamaID: 0292-0100-0000,3 MARIETTE DR,487161,08178-0292-0100-0000,0292-0100-0000,548.273261239497,11,181046,15286.9861263591
Portsmouth,,118,0292-0096-0000,178,17,,11,178-32558,8,CamaID: 0292-0096-0000,175 OCEAN RD,487162,08178-0292-0096-0000,0292-0096-0000,391.950365713226,11,181047,9558.94706598747
Portsmouth,,114,0247-0052-0000,178,14,,11,178-30867,8,CamaID: 0247-0052-0000,72 TAFT RD,487163,08178-0247-0052-0000,0247-0052-0000,448.675618339685,11,181048,12156.2723469448
Portsmouth,,114,0247-0053-0000,178,14,,11,178-30868,8,CamaID: 0247-0053-0000,70 TAFT RD,487164,08178-0247-0053-0000,0247-0053-0000,446.032313458361,11,181049,11969.396184432
Portsmouth,,114,0247-0055-0000,178,14,,11,178-30870,8,CamaID: 0247-0055-0000,8 ARTHUR RD,487165,08178-0247-0055-0000,0247-0055-0000,667.844867740453,11,181050,23533.4056128151
Portsmouth,,114,0247-0073-0000,178,14,,11,178-30888,8,CamaID: 0247-0073-0000,7 CLEVELAND DR,487166,08178-0247-0073-0000,0247-0073-0000,536.442997551694,11,181051,16049.7407487166
Portsmouth,,114,0247-0075-0000,178,14,,11,178-30890,8,CamaID: 0247-0075-0000,62 TAFT RD,487167,08178-0247-0075-0000,0247-0075-0000,419.79526987095,11,181052,10752.6303943629
Portsmouth,,133,0247-0046-0000,178,29,,11,178-30861,8,CamaID: 0247-0046-0000,264 ELWYN RD,487168,08178-0247-0046-0000,0247-0046-0000,627.775273765661,11,181053,24144.3013889988
Portsmouth,,133,0247-0047-0000,178,29,,11,178-30862,8,CamaID: 0247-0047-0000,250 ELWYN RD,487169,08178-0247-0047-0000,0247-0047-0000,557.995987734843,11,181054,17536.6758375323
Portsmouth,,114,0247-0050-0000,178,14,,11,178-30865,8,CamaID: 0247-0050-0000,76 TAFT RD,487170,08178-0247-0050-0000,0247-0050-0000,445.307216482672,11,181055,11953.5197223345
Portsmouth,,114,0247-0051-0000,178,14,,11,178-30866,8,CamaID: 0247-0051-0000,74 TAFT RD,487171,08178-0247-0051-0000,0247-0051-0000,442.868015833398,11,181056,11780.4694376971
Portsmouth,,114,0247-0081-0000,178,14,,11,178-30896,8,CamaID: 0247-0081-0000,69 TAFT RD,487172,08178-0247-0081-0000,0247-0081-0000,442.430454071114,11,181057,12319.0021339521
Portsmouth,,114,0247-0080-0000,178,14,,11,178-30895,8,CamaID: 0247-0080-0000,67 TAFT RD,487173,08178-0247-0080-0000,0247-0080-0000,440.841007785995,11,181058,11710.2500036212
Portsmouth,,114,0247-0079-0000,178,14,,11,178-30894,8,CamaID: 0247-0079-0000,65 TAFT RD,487174,08178-0247-0079-0000,0247-0079-0000,450.719424246894,11,181059,12095.8849421943
Portsmouth,,114,0251-0009-0000,178,14,,11,178-31055,8,CamaID: 0251-0009-0000,49 WILSON RD,487175,08178-0251-0009-0000,0251-0009-0000,573.106389861504,11,181060,17724.2295511342
Portsmouth,,133,0251-0004-0000,178,29,,11,178-31050,8,CamaID: 0251-0004-0000,46 ELWYN RD,487176,08178-0251-0004-0000,0251-0004-0000,566.710348648277,11,181061,16040.8057613477
Portsmouth,,133,0251-0003-0000,178,29,,11,178-31049,8,CamaID: 0251-0003-0000,50 ELWYN RD,487177,08178-0251-0003-0000,0251-0003-0000,587.894608736686,11,181062,18694.5090365393
Portsmouth,,304,0247-0091-0000,178,59,,57,178-35667,8,CamaID: 0247-0091-0000,ELWYN RD,487178,08178-0247-0091-0000,0247-0091-0000,1000.90605608983,57,181063,60292.9076908846
Portsmouth,,133,0251-0002-0000,178,29,,11,178-31048,8,CamaID: 0251-0002-0000,69 ELWYN RD,487179,08178-0251-0002-0000,0251-0002-0000,1749.78857831517,11,181064,194377.235310709
Portsmouth,,133,0251-0113-0000,178,29,,11,178-31159,8,CamaID: 0251-0113-0000,27 EDGEWOOD RD,487180,08178-0251-0113-0000,0251-0113-0000,344.556550675261,11,181065,7309.2710226849
Portsmouth,,133,0251-0116-0000,178,29,,11,178-31162,8,CamaID: 0251-0116-0000,34 ELWYN RD,487181,08178-0251-0116-0000,0251-0116-0000,356.09336980452,11,181066,7756.72950277466
Portsmouth,,133,0251-0117-0000,178,29,,11,178-31163,8,CamaID: 0251-0117-0000,30 ELWYN RD,487182,08178-0251-0117-0000,0251-0117-0000,350.83938500445,11,181067,7534.2947073548
Portsmouth,,133,0251-0112-0000,178,29,,11,178-31158,8,CamaID: 0251-0112-0000,23 EDGEWOOD RD,487183,08178-0251-0112-0000,0251-0112-0000,343.200325377771,11,181068,7239.66692836563
Portsmouth,,133,0251-0111-0000,178,29,,11,178-31157,8,CamaID: 0251-0111-0000,19 EDGEWOOD RD,487184,08178-0251-0111-0000,0251-0111-0000,343.928549625323,11,181069,7270.73940660333
Portsmouth,,133,0251-0118-0000,178,29,,11,178-31164,8,CamaID: 0251-0118-0000,26 ELWYN RD,487185,08178-0251-0118-0000,0251-0118-0000,347.442968625932,11,181070,7406.2079858877
Portsmouth,,133,0251-0119-0000,178,29,,11,178-31165,8,CamaID: 0251-0119-0000,22 ELWYN RD,487186,08178-0251-0119-0000,0251-0119-0000,344.637364467932,11,181071,7306.55210190452
Portsmouth,,133,0251-0110-0000,178,29,,11,178-31156,8,CamaID: 0251-0110-0000,15 EDGEWOOD RD,487187,08178-0251-0110-0000,0251-0110-0000,345.880083796146,11,181072,7361.30615227745
Portsmouth,,133,0251-0120-0000,178,29,,11,178-31166,8,CamaID: 0251-0120-0000,18 ELWYN RD,487188,08178-0251-0120-0000,0251-0120-0000,339.323774914291,11,181073,7086.40399668346
Portsmouth,,133,0251-0121-0000,178,29,,11,178-31167,8,CamaID: 0251-0121-0000,14 ELWYN RD,487189,08178-0251-0121-0000,0251-0121-0000,335.028197810698,11,181074,6917.08743997751
Portsmouth,,133,0251-0108-0000,178,29,,11,178-31154,8,CamaID: 0251-0108-0000,7 EDGEWOOD RD,487190,08178-0251-0108-0000,0251-0108-0000,342.938290835454,11,181075,7209.38223962422
Portsmouth,,133,0251-0109-0000,178,29,,11,178-31155,8,CamaID: 0251-0109-0000,11 EDGEWOOD RD,487191,08178-0251-0109-0000,0251-0109-0000,342.964314699415,11,181076,7215.15999897387
Portsmouth,,133,0225-0039-0000,178,29,,11,178-30032,8,CamaID: 0225-0039-0000,892 ELWYN RD,487192,08178-0225-0039-0000,0225-0039-0000,998.371457577859,11,181077,43813.1611958693
Portsmouth,,133,0225-0041-0000,178,29,,11,178-30033,8,CamaID: 0225-0041-0000,828 ELWYN RD,487193,08178-0225-0041-0000,0225-0041-0000,905.731391918545,11,181078,38067.300226133
Portsmouth,,133,0225-0003-0000,178,29,,11,178-29999,8,CamaID: 0225-0003-0000,891 ELWYN RD,487194,08178-0225-0003-0000,0225-0003-0000,753.567899713185,11,181079,35170.3609472311
Portsmouth,,133,0225-0004-0000,178,29,,11,178-30000,8,CamaID: 0225-0004-0000,893 ELWYN RD,487195,08178-0225-0004-0000,0225-0004-0000,581.171631011843,11,181080,18013.6690271098
Portsmouth,,110,0225-0031-0000,178,10,,11,178-30026,8,CamaID: 0225-0031-0000,3 REGINA RD,487196,08178-0225-0031-0000,0225-0031-0000,962.494755776146,11,181081,51123.9926758282
Portsmouth,,133,0225-0007-0000,178,29,,11,178-30003,8,CamaID: 0225-0007-0000,915 ELWYN RD,487197,08178-0225-0007-0000,0225-0007-0000,699.789315786999,11,181082,14821.7253774725
Portsmouth,,133,0225-0008-0000,178,29,,27,178-35454,8,CamaID: 0225-0008-0000,ELWYN RD,487198,08178-0225-0008-0000,0225-0008-0000,739.770255192541,27,181083,17195.2029410536
Portsmouth,,133,0225-0009-0000,178,29,,11,178-30004,8,CamaID: 0225-0009-0000,1375 ELWYN RD,487199,08178-0225-0009-0000,0225-0009-0000,384.190480595393,11,181084,9162.48410892969
Portsmouth,,133,0225-0010-0000,178,29,,11,178-30005,8,CamaID: 0225-0010-0000,1381 ELWYN RD,487200,08178-0225-0010-0000,0225-0010-0000,818.846287553797,11,181085,37406.3900850225
Portsmouth,,133,0225-0011-0000,178,29,,12,178-30006,8,CamaID: 0225-0011-0000,1395 ELWYN RD,487201,08178-0225-0011-0000,0225-0011-0000,795.868062616473,12,181086,39740.4632844148
Portsmouth,,133,0225-0020-0000,178,29,,11,178-30015,8,CamaID: 0225-0020-0000,1566 ELWYN RD,487202,08178-0225-0020-0000,0225-0020-0000,667.670894861692,11,181087,17517.7846491532
Portsmouth,,133,0225-0021-0000,178,29,,11,178-30016,8,CamaID: 0225-0021-0000,1562 ELWYN RD,487203,08178-0225-0021-0000,0225-0021-0000,601.45901961617,11,181088,22427.4396966102
Portsmouth,,133,0225-0022-0000,178,29,,11,178-30017,8,CamaID: 0225-0022-0000,1530 ELWYN RD,487204,08178-0225-0022-0000,0225-0022-0000,667.692581645576,11,181089,27333.7719874171
Portsmouth,,133,0225-0023-0000,178,29,,11,178-30018,8,CamaID: 0225-0023-0000,1510 ELWYN RD,487205,08178-0225-0023-0000,0225-0023-0000,625.975915557074,11,181090,25152.3812279318
Portsmouth,,133,0225-0017-0000,178,29,,11,178-30012,8,CamaID: 0225-0017-0000,1550 ELWYN RD,487206,08178-0225-0017-0000,0225-0017-0000,902.302771941072,11,181091,49792.1035907011
Portsmouth,,133,0225-0016-0000,178,29,,11,178-30011,8,CamaID: 0225-0016-0000,1531 ELWYN RD,487207,08178-0225-0016-0000,0225-0016-0000,522.019580150453,11,181092,15635.1535667389
Portsmouth,,133,0225-0015-0000,178,29,,11,178-30010,8,CamaID: 0225-0015-0000,1521 ELWYN RD,487208,08178-0225-0015-0000,0225-0015-0000,490.173240456623,11,181093,14260.7216735478
Portsmouth,,133,0225-0014-0000,178,29,,11,178-30009,8,CamaID: 0225-0014-0000,1511 ELWYN RD,487209,08178-0225-0014-0000,0225-0014-0000,447.584351142638,11,181094,11488.9890525137
Portsmouth,,113,0225-0013-0011,178,13,,27,178-35449,8,CamaID: 0225-0013-0011,91 GOSPORT RD,487210,08178-0225-0013-0011,0225-0013-0011,359.418656289809,27,181095,7278.46747705052
Portsmouth,,113,0224-0010-0033,178,13,,11,178-35438,8,CamaID: 0224-0010-0033,149 ODIORNE POINT RD,487211,08178-0224-0010-0033,0224-0010-0033,941.129341913327,11,181096,44524.8201935895
Portsmouth,,113,0224-0010-0034,178,13,,11,178-35439,8,CamaID: 0224-0010-0034,129 ODIORNE POINT RD,487212,08178-0224-0010-0034,0224-0010-0034,872.69896740762,11,181097,43899.7857836542
Portsmouth,,113,0224-0010-0035,178,13,,11,178-35440,8,CamaID: 0224-0010-0035,115 ODIORNE POINT RD,487213,08178-0224-0010-0035,0224-0010-0035,1165.04849864901,11,181098,47444.4978334309
Portsmouth,,133,0224-0005-0000,178,29,,22,178-29971,8,CamaID: 0224-0005-0000,ELWYN RD,487214,08178-0224-0005-0000,0224-0005-0000,474.777138454609,22,181099,9669.49609423909
Portsmouth,,113,0224-0010-0020,178,13,,11,178-29990,8,CamaID: 0224-0010-0020,119 GOSPORT RD,487215,08178-0224-0010-0020,0224-0010-0020,1116.96933761679,11,181100,55395.0835487823
Portsmouth,70,113,0224-0001-0000,178,13,,11,178-29967,8,CamaID: 0224-0001-0000,175 GOSPORT RD,487216,08178-0224-0001-0000,0224-0001-0000,1953.69909629094,11-70,181101,176655.221944357
Portsmouth,,103B,0206-0031-0000,178,5,,11,178-28654,8,CamaID: 0206-0031-0000,52 HAVEN RD,487217,08178-0206-0031-0000,0206-0031-0000,450.458196900657,11,181102,9915.0966858185
Portsmouth,,103B,0206-0032-0000,178,5,,11,178-28655,8,CamaID: 0206-0032-0000,38 HAVEN RD,487218,08178-0206-0032-0000,0206-0032-0000,468.064596647527,11,181103,9366.8301670142
Portsmouth,,204,0137-0015-0000,178,34,,14,178-54220,8,CamaID: 0137-0015-000A,649 STATE ST UNIT #A,487219,08178-0137-0015-0000,0137-0015-000A,394.969659803623,14,181104,7923.40470655702
Portsmouth,,304,0127-0020-0000,178,59,,44,178-37514,8,CamaID: 0127-0020-000A,600 STATE ST #A,487220,08178-0127-0020-0000,0127-0020-000A,736.618399838061,44,181105,35380.3065280184
Portsmouth,,204,0137-0020-0000,178,34,,14,178-51646,8,CamaID: 0137-0020-0003,198 ISLINGTON ST #3,487221,08178-0137-0020-0000,0137-0020-0003,454.419747667093,14,181106,11284.6954650531
Portsmouth,,105,0137-0017-0000,178,7,,11,178-34133,8,CamaID: 0137-0017-0000,202 SUMMER ST,487222,08178-0137-0017-0000,0137-0017-0000,256.255531272086,11,181107,3197.03900850406
Portsmouth,,105,0127-0019-0000,178,7,,11,178-33686,8,CamaID: 0127-0019-0000,552 STATE ST,487223,08178-0127-0019-0000,0127-0019-0000,342.941254532485,11,181108,5128.71771233189
Portsmouth,,204,0137-0028-0000,178,34,,14,178-34139,8,CamaID: 0137-0028-0002,201 SUMMER ST #1,487224,08178-0137-0028-0000,0137-0028-0002,249.613912441264,14,181109,3763.6986517938
Portsmouth,,105,0127-0018-0000,178,7,,11,178-33685,8,CamaID: 0127-0018-0000,542 STATE ST,487225,08178-0127-0018-0000,0127-0018-0000,298.122225214264,11,181110,4689.31704195049
Portsmouth,,305A,0137-0019-0000,178,61,,57,178-37533,8,CamaID: 0137-0019-0000,180 ISLINGTON ST,487226,08178-0137-0019-0000,0137-0019-0000,282.214852656226,57,181111,3944.49030930803
Portsmouth,,304,0137-0027-0000,178,59,,57,178-34138,8,CamaID: 0137-0027-0000,211 SUMMER ST,487227,08178-0137-0027-0000,0137-0027-0000,211.890551929371,57,181112,2737.81021122934
Portsmouth,,201,0137-0030-0000,178,31,,14,178-34152,8,CamaID: 0137-0030-0001,609 STATE ST #1,487228,08178-0137-0030-0000,0137-0030-0001,773.550876628151,14,181113,28511.0594771902
Portsmouth,,105,0137-0018-0000,178,7,,12,178-34134,8,CamaID: 0137-0018-0000,212 SUMMER ST,487229,08178-0137-0018-0000,0137-0018-0000,268.024220769211,12,181114,4067.83871060984
Portsmouth,,204,0138-0032-0000,178,34,,14,178-54244,8,CamaID: 0138-0032-0001,21 LANGDON ST,487230,08178-0138-0032-0000,0138-0032-0001,270.605661476676,14,181115,3816.76813371453
Portsmouth,,305A,0138-0033-0000,178,61,,33,178-38015,8,CamaID: 0138-0033-0000,201 ISLINGTON ST,487231,08178-0138-0033-0000,0138-0033-0000,548.698737420875,33,181116,14507.5878508045
Portsmouth,,105,0138-0031-0000,178,7,,11,178-34188,8,CamaID: 0138-0031-0000,25 LANGDON ST,487232,08178-0138-0031-0000,0138-0031-0000,231.301864977074,11,181117,1873.6617269604
Portsmouth,,304,0137-0031-0000,178,59,,57,178-34140,8,CamaID: 0137-0031-0000,579 STATE ST,487233,08178-0137-0031-0000,0137-0031-0000,407.18840374304,57,181118,8070.0380182806
Portsmouth,,105,0137-0026-0000,178,7,,11,178-34137,8,CamaID: 0137-0026-0000,221 SUMMER ST,487234,08178-0137-0026-0000,0137-0026-0000,212.421138920306,11,181119,2568.27313848507
Portsmouth,,123,0233-0074-0000,178,21,,11,178-30440,8,CamaID: 0233-0074-0000,80 SIMS AVE,487235,08178-0233-0074-0000,0233-0074-0000,401.871184237072,11,181120,10074.1592613675
Portsmouth,,121,0259-0011-0000,178,20,,11,178-31240,8,CamaID: 0259-0011-0000,911 GREENLAND RD,487236,08178-0259-0011-0000,0259-0011-0000,682.181056185367,11,181121,28198.8438098485
Portsmouth,,105,0146-0003-0000,178,7,,12,178-34484,8,CamaID: 0146-0003-0000,968 STATE ST,487237,08178-0146-0003-0000,0146-0003-0000,241.570852973972,12,181122,3233.9525649687
Portsmouth,,121,0262-0008-0000,178,20,,11,178-31507,8,CamaID: 0262-0008-0000,1004 GREENLAND RD,487238,08178-0262-0008-0000,0262-0008-0000,851.60666506425,11,181123,28532.96582536
Portsmouth,,121,0262-0007-0000,178,20,,11,178-31506,8,CamaID: 0262-0007-0000,1000 GREENLAND RD,487239,08178-0262-0007-0000,0262-0007-0000,455.004152149912,11,181124,11011.2264740459
Portsmouth,,121,0262-0006-0000,178,20,,11,178-31505,8,CamaID: 0262-0006-0000,1002 GREENLAND RD,487240,08178-0262-0006-0000,0262-0006-0000,888.953196115144,11,181125,42541.269126296
Portsmouth,,121,0262-0005-0000,178,20,,11,178-31504,8,CamaID: 0262-0005-0000,962 GREENLAND RD,487241,08178-0262-0005-0000,0262-0005-0000,741.027718285848,11,181126,21181.9323271883
Portsmouth,,121,0262-0004-0000,178,20,,11,178-31503,8,CamaID: 0262-0004-0000,946 GREENLAND RD,487242,08178-0262-0004-0000,0262-0004-0000,754.303359906941,11,181127,23973.5175392247
Portsmouth,,121,0262-0003-0000,178,20,,11,178-31502,8,CamaID: 0262-0003-0000,930 GREENLAND RD,487243,08178-0262-0003-0000,0262-0003-0000,730.645301986346,11,181128,21303.2208882991
Portsmouth,,121,0262-0002-0000,178,20,,11,178-31501,8,CamaID: 0262-0002-0000,922 GREENLAND RD,487244,08178-0262-0002-0000,0262-0002-0000,722.048213299961,11,181129,20810.202883177
Portsmouth,,121,0259-0003-0000,178,20,,11,178-31235,8,CamaID: 0259-0003-0000,888 GREENLAND RD,487245,08178-0259-0003-0000,0259-0003-0000,643.147579135825,11,181130,22471.9432031513
Portsmouth,,121,0259-0008-0000,178,20,,12,178-35729,8,CamaID: 0259-0008-0000,38 SHERBURNE RD,487246,08178-0259-0008-0000,0259-0008-0000,329.3040185236,12,181131,6767.11196204799
Portsmouth,,121,0259-0006-0000,178,20,,11,178-31238,8,CamaID: 0259-0006-0000,921 GREENLAND RD,487247,08178-0259-0006-0000,0259-0006-0000,435.576526313109,11,181132,11655.7299712928
Portsmouth,,121,0261-0039-0000,178,20,,11,178-31459,8,CamaID: 0261-0039-0000,515 SHERBURNE RD,487248,08178-0261-0039-0000,0261-0039-0000,498.549929875618,11,181133,14962.7575405363
Portsmouth,,121,0261-0040-0000,178,20,,11,178-31460,8,CamaID: 0261-0040-0000,507 SHERBURNE RD,487249,08178-0261-0040-0000,0261-0040-0000,498.098429235313,11,181134,14880.9611721895
Portsmouth,,121,0261-0041-0000,178,20,,11,178-31461,8,CamaID: 0261-0041-0000,497 SHERBURNE RD,487250,08178-0261-0041-0000,0261-0041-0000,871.854230875137,11,181135,43113.6448109923
Portsmouth,,121,0261-0042-0000,178,20,,11,178-31462,8,CamaID: 0261-0042-0000,469 SHERBURNE RD,487251,08178-0261-0042-0000,0261-0042-0000,501.848901507013,11,181136,15102.12163622
Portsmouth,,121,0261-0043-0000,178,20,,11,178-31463,8,CamaID: 0261-0043-0000,443 SHERBURNE RD,487252,08178-0261-0043-0000,0261-0043-0000,494.913475139695,11,181137,14637.2436359201
Portsmouth,,121,0261-0054-0000,178,20,,11,178-31474,8,CamaID: 0261-0054-0000,182 HOLLY LN,487253,08178-0261-0054-0000,0261-0054-0000,371.134409130118,11,181138,8360.75034043205
Portsmouth,,121,0261-0059-0000,178,20,,11,178-31479,8,CamaID: 0261-0059-0000,118 HOLLY LN,487254,08178-0261-0059-0000,0261-0059-0000,362.645597331617,11,181139,7992.77901725517
Portsmouth,,121,0261-0075-0000,178,20,,11,178-38166,8,CamaID: 0261-0075-0000,50 HOLLY LN,487255,08178-0261-0075-0000,0261-0075-0000,555.720844979163,11,181140,16328.3239565882
Portsmouth,,121,0261-0074-0000,178,20,,11,178-31494,8,CamaID: 0261-0074-0000,395 SHERBURNE RD,487256,08178-0261-0074-0000,0261-0074-0000,685.334687294893,11,181141,21810.230572619
Portsmouth,,121,0260-0007-0000,178,20,,11,178-31262,8,CamaID: 0260-0007-0000,379 SHERBURNE RD,487257,08178-0260-0007-0000,0260-0007-0000,487.262926147733,11,181142,11234.6681589078
Portsmouth,,121,0260-0042-0000,178,20,,11,178-31297,8,CamaID: 0260-0042-0000,435 COLONIAL DR,487258,08178-0260-0042-0000,0260-0042-0000,333.868865241592,11,181143,6724.44364937919
Portsmouth,,121,0260-0046-0000,178,20,,11,178-31301,8,CamaID: 0260-0046-0000,391 COLONIAL DR,487259,08178-0260-0046-0000,0260-0046-0000,330.152163031449,11,181144,6533.15134613849
Portsmouth,,121,0260-0047-0000,178,20,,11,178-31302,8,CamaID: 0260-0047-0000,379 COLONIAL DR,487260,08178-0260-0047-0000,0260-0047-0000,326.823469003855,11,181145,6363.84355108372
Portsmouth,,121,0260-0048-0000,178,20,,11,178-31303,8,CamaID: 0260-0048-0000,367 COLONIAL DR,487261,08178-0260-0048-0000,0260-0048-0000,330.287239657664,11,181146,6526.07600193329
Portsmouth,,121,0260-0050-0000,178,20,,11,178-31305,8,CamaID: 0260-0050-0000,337 COLONIAL DR,487262,08178-0260-0050-0000,0260-0050-0000,367.011425359626,11,181147,7642.99894370342
Portsmouth,,121,0260-0026-0000,178,20,,11,178-31281,8,CamaID: 0260-0026-0000,607 COLONIAL DR,487263,08178-0260-0026-0000,0260-0026-0000,344.921907602339,11,181148,7245.35420301275
Portsmouth,,121,0260-0092-0000,178,20,,11,178-31347,8,CamaID: 0260-0092-0000,93 COLONIAL DR,487264,08178-0260-0092-0000,0260-0092-0000,315.610178414286,11,181149,6033.44364001354
Portsmouth,,121,0260-0090-0000,178,20,,11,178-31345,8,CamaID: 0260-0090-0000,61 COLONIAL DR,487265,08178-0260-0090-0000,0260-0090-0000,326.205823822854,11,181150,5936.50922051327
Portsmouth,,111,0223-0008-0000,178,11,,11,178-29821,8,CamaID: 0223-0008-0000,131 CLIFF RD,487266,08178-0223-0008-0000,0223-0008-0000,555.958276074225,11,181151,18953.9235686541
Portsmouth,,306,0227-0001-0000,178,62,,33,178-35456,8,CamaID: 0227-0001-0000,500 JONES AVE,487267,08178-0227-0001-0000,0227-0001-0000,1344.26122491194,33,181152,110541.775999845
Portsmouth,,,0,178,,,,,,,,487268,08178-0,,393.120924204925,,181153,9632.84546973906
Portsmouth,,301,0223-0029-0000,178,56,,33,178-29840,8,CamaID: 0223-0029-0000,919 SAGAMORE AVE,487269,08178-0223-0029-0000,0223-0029-0000,745.831760254045,33,181154,32622.9224671054
Portsmouth,,306,0223-0028-0000,178,62,,34,178-35419,8,CamaID: 0223-0028-0000,929 SAGAMORE AVE,487270,08178-0223-0028-0000,0223-0028-0000,1094.49858812559,34,181155,49812.4071100929
Portsmouth,,112,0223-0027-0000,178,12,,57,178-29839,8,CamaID: 0223-0027-0000,913 SAGAMORE AVE,487271,08178-0223-0027-0000,0223-0027-0000,2141.97735786578,57,181156,144948.759863996
Portsmouth,73,111,0201-0020-0000,178,11,,11,178-28577,8,CamaID: 0201-0020-0000,74 WENTWORTH HOUSE RD,487272,08178-0201-0020-0000,0201-0020-0000,505.029427968518,11-73,181157,15861.2429515287
Portsmouth,,306,0201-0018-0000,178,62,,23,178-28575,8,CamaID: 0201-0018-0000,WENTWORTH HOUSE RD,487273,08178-0201-0018-0000,0201-0018-0000,1292.80717817835,23,181158,68285.4128356292
Portsmouth,,112,0223-0033-0000,178,12,,11,178-29842,8,CamaID: 0223-0033-0000,911 SAGAMORE AVE,487274,08178-0223-0033-0000,0223-0033-0000,466.79154338165,11,181159,12652.0363455187
Portsmouth,,123,0233-0066-0000,178,21,,11,178-30432,8,CamaID: 0233-0066-0000,122 ESSEX AVE,487275,08178-0233-0066-0000,0233-0066-0000,502.643453302517,11,181160,15245.9289221859
Portsmouth,,123,0233-0081-0000,178,21,,12,178-30447,8,CamaID: 0233-0081-0000,206 MELBOURNE ST,487276,08178-0233-0081-0000,0233-0081-0000,470.08477287375,12,181161,13609.3496839083
Portsmouth,,123,0233-0077-0000,178,21,,11,178-30443,8,CamaID: 0233-0077-0000,2 FLETCHER ST,487277,08178-0233-0077-0000,0233-0077-0000,401.620467500204,11,181162,10076.0429548014
Portsmouth,70,131,0158-0007-0000,178,27,,11,178-34889,8,CamaID: 0158-0007-0000,48 CLINTON ST,487286,08178-0158-0007-0000,0158-0007-0000,968.723946445485,11-70,181163,35529.6559755986
Portsmouth,,305A,0157-0002-0000,178,61,,33,178-37599,8,CamaID: 0157-0002-0000,105 BARTLETT ST,487287,08178-0157-0002-0000,0157-0002-0000,1777.01521891269,33,181164,102008.960000809
Portsmouth,,301,0158-0013-0000,178,56,,57,178-34894,8,CamaID: 0158-0013-0000,127 BARTLETT ST,487278,08178-0158-0013-0000,0158-0013-0000,658.364183710533,57,181165,23854.1062805179
Portsmouth,,105,0145-0083-0000,178,7,,12,178-34443,8,CamaID: 0145-0083-0000,820 STATE ST,487279,08178-0145-0083-0000,0145-0083-0000,273.538308259271,12,181166,3667.42113481971
Portsmouth,,105,0145-0038-0000,178,7,,12,178-34403,8,CamaID: 0145-0038-0000,452 ISLINGTON ST,487280,08178-0145-0038-0000,0145-0038-0000,279.130468960032,12,181167,4163.40106248747
Portsmouth,,131,0158-0011-0000,178,27,,11,178-34892,8,CamaID: 0158-0011-0000,155 BARTLETT ST,487281,08178-0158-0011-0000,0158-0011-0000,421.703929847814,11,181168,7590.75415669004
Portsmouth,,131,0158-0012-0000,178,27,,11,178-34893,8,CamaID: 0158-0012-0000,147 BARTLETT ST,487282,08178-0158-0012-0000,0158-0012-0000,599.246306694195,11,181169,18654.6972779718
Portsmouth,,131,0158-0010-0000,178,27,,11,178-34891,8,CamaID: 0158-0010-0000,165 BARTLETT ST,487283,08178-0158-0010-0000,0158-0010-0000,444.619632037071,11,181170,8394.85896504644
Portsmouth,,302,0162-0033-0000,178,57,,57,178-35061,8,CamaID: 0162-0033-0000,205 BARTLETT ST,487284,08178-0162-0033-0000,0162-0033-0000,255.529814791941,57,181171,2498.17191907471
Portsmouth,,302,0158-0009-0000,178,57,,57,178-34890,8,CamaID: 0158-0009-0000,177 BARTLETT ST,487285,08178-0158-0009-0000,0158-0009-0000,567.29099794721,57,181172,18849.774214384
Portsmouth,70,131,0158-0006-0000,178,27,,11,178-34888,8,CamaID: 0158-0006-0000,56 CLINTON ST,487288,08178-0158-0006-0000,0158-0006-0000,811.675303118696,11-70,181173,28298.674206668
Portsmouth,70,131,0158-0005-0000,178,27,,11,178-34887,8,CamaID: 0158-0005-0000,90 CLINTON ST,487289,08178-0158-0005-0000,0158-0005-0000,831.097452842797,11-70,181174,30103.1348670556
Portsmouth,,118,0292-0008-0000,178,17,,11,178-32477,8,CamaID: 0292-0008-0000,76 SUZANNE DR,487290,08178-0292-0008-0000,0292-0008-0000,440.350723842927,11,181175,12165.546470226
Portsmouth,,118,0292-0097-0000,178,17,,11,178-32559,8,CamaID: 0292-0097-0000,191 OCEAN RD,487291,08178-0292-0097-0000,0292-0097-0000,396.079301643455,11,181176,9804.11210121257
Portsmouth,,302,0286-022A-0000,178,57,,27,178-35957,8,CamaID: 0286-022A-0000,35 LANG RD,487292,08178-0286-022A-0000,0286-022A-0000,996.100471324529,27,181177,59434.805946964
Portsmouth,,118,0292-0098-0000,178,17,,11,178-32560,8,CamaID: 0292-0098-0000,215 OCEAN RD,487293,08178-0292-0098-0000,0292-0098-0000,389.960607050376,11,181178,9923.50944942918
Portsmouth,,118,0292-0005-0000,178,17,,11,178-32474,8,CamaID: 0292-0005-0000,70 SUZANNE DR,487294,08178-0292-0005-0000,0292-0005-0000,489.524970313975,11,181179,12638.1870551358
Portsmouth,,118,0292-0069-0000,178,17,,11,178-32532,8,CamaID: 0292-0069-0000,45 SUZANNE DR,487295,08178-0292-0069-0000,0292-0069-0000,428.234489005766,11,181180,11547.932760944
Portsmouth,,118,0292-0083-0000,178,17,,11,178-32546,8,CamaID: 0292-0083-0000,4 SUZANNE DR,487296,08178-0292-0083-0000,0292-0083-0000,435.957694372556,11,181181,9563.69441146044
Portsmouth,,118,0292-0084-0000,178,17,,11,178-32547,8,CamaID: 0292-0084-0000,6 SUZANNE DR,487297,08178-0292-0084-0000,0292-0084-0000,389.159529599724,11,181182,9361.66559082589
Portsmouth,,302,0286-0015-0000,178,57,,57,178-32209,8,CamaID: 0286-0015-0000,42 JOAN AVE,487298,08178-0286-0015-0000,0286-0015-0000,507.62014991393,57,181183,15948.6031127378
Portsmouth,,118,0292-0068-0000,178,17,,11,178-32531,8,CamaID: 0292-0068-0000,47 SUZANNE DR,487299,08178-0292-0068-0000,0292-0068-0000,378.587387656797,11,181184,9128.54616604207
Portsmouth,,129,0220-0033-0000,178,25,,11,178-29445,8,CamaID: 0220-0033-0000,29 ONYX LN,487300,08178-0220-0033-0000,0220-0033-0000,404.706594873295,11,181185,10229.6998997616
Portsmouth,,302,0286-0024-0000,178,57,,13,178-32212,8,CamaID: 0286-0024-0000,99 LANG RD,487301,08178-0286-0024-0000,0286-0024-0000,2248.35360407079,13,181186,316278.023550416
Portsmouth,,118,0292-0004-0000,178,17,,11,178-32473,8,CamaID: 0292-0004-0000,68 SUZANNE DR,487302,08178-0292-0004-0000,0292-0004-0000,408.053717491186,11,181187,10732.4806189691
Portsmouth,,118,0292-0070-0000,178,17,,11,178-32533,8,CamaID: 0292-0070-0000,43 SUZANNE DR,487303,08178-0292-0070-0000,0292-0070-0000,408.242890752735,11,181188,10140.1387915548
Portsmouth,,302,0286-0016-0000,178,57,,57,178-32210,8,CamaID: 0286-0016-0000,12 JOAN AVE,487304,08178-0286-0016-0000,0286-0016-0000,484.757964943256,57,181189,15076.552174749
Portsmouth,,118,0292-0067-0000,178,17,,11,178-32530,8,CamaID: 0292-0067-0000,14 WALLIS RD,487305,08178-0292-0067-0000,0292-0067-0000,464.883539456075,11,181190,9770.47862755247
Portsmouth,,118,0292-0002-0000,178,17,,11,178-32471,8,CamaID: 0292-0002-0000,64 SUZANNE DR,487306,08178-0292-0002-0000,0292-0002-0000,511.713123583123,11,181191,13247.9496630773
Portsmouth,,123,0232-0132-0000,178,21,,11,178-30271,8,CamaID: 0232-0132-0000,5 BENSON ST,487307,08178-0232-0132-0000,0232-0132-0000,449.349238633814,11,181192,11918.1878866217
Portsmouth,,123,0232-0130-0000,178,21,,11,178-30269,8,CamaID: 0232-0130-0000,87 SIMS AVE,487308,08178-0232-0130-0000,0232-0130-0000,437.917154007497,11,181193,12167.7829944561
Portsmouth,,123,0233-0063-0000,178,21,,11,178-30429,8,CamaID: 0233-0063-0000,160 ESSEX AVE,487309,08178-0233-0063-0000,0233-0063-0000,401.413936298775,11,181194,10068.9966618889
Portsmouth,,123,0233-0064-0000,178,21,,11,178-30430,8,CamaID: 0233-0064-0000,152 ESSEX AVE,487310,08178-0233-0064-0000,0233-0064-0000,500.121500906371,11,181195,9946.71381797025
Portsmouth,,123,0233-0083-0000,178,21,,11,178-30449,8,CamaID: 0233-0083-0000,258 MELBOURNE ST,487311,08178-0233-0083-0000,0233-0083-0000,345.363499929777,11,181196,7018.56094904652
Portsmouth,,123,0233-0071-0000,178,21,,11,178-30437,8,CamaID: 0233-0071-0000,25 SIMS AVE,487312,08178-0233-0071-0000,0233-0071-0000,492.938168330597,11,181197,14529.7748975268
Portsmouth,,123,0233-0078-0000,178,21,,11,178-30444,8,CamaID: 0233-0078-0000,10 FLETCHER ST,487313,08178-0233-0078-0000,0233-0078-0000,444.74791728234,11,181198,12231.5916921419
Portsmouth,,112,0222-0072-0000,178,12,,11,178-29663,8,CamaID: 0222-0072-0000,323 JONES AVE,487314,08178-0222-0072-0000,0222-0072-0000,543.174224154905,11,181199,18811.8902635398
Portsmouth,,112,0222-0073-0000,178,12,,27,178-35417,8,CamaID: 0222-0073-0000,JONES AVE,487315,08178-0222-0073-0000,0222-0073-0000,1897.13642454305,27,181200,157579.070587565
Portsmouth,,112,0222-0062-0000,178,12,,22,178-29655,8,CamaID: 0222-0062-0000,VERSAILLES AVE,487316,08178-0222-0062-0000,0222-0062-0000,393.120924336194,22,181201,9632.84740799694
Portsmouth,,112,0222-0055-0000,178,12,,11,178-29649,8,CamaID: 0222-0055-0000,12 LENS AVE,487317,08178-0222-0055-0000,0222-0055-0000,668.350001123839,11,181202,18551.4182598304
Portsmouth,,112,0222-0058-0000,178,12,,11,178-29651,8,CamaID: 0222-0058-0000,8 LENS AVE,487318,08178-0222-0058-0000,0222-0058-0000,598.447277558758,11,181203,19932.2132442252
Portsmouth,,112,0222-0054-0000,178,12,,11,178-29648,8,CamaID: 0222-0054-0000,11 LENS AVE,487319,08178-0222-0054-0000,0222-0054-0000,439.480408268056,11,181204,11983.0679178847
Portsmouth,,112,0222-0069-0000,178,12,,11,178-29661,8,CamaID: 0222-0069-0000,213 JONES AVE,487320,08178-0222-0069-0000,0222-0069-0000,1119.66730504581,11,181205,62539.3073750481
Portsmouth,,118,0292-0006-0000,178,17,,11,178-32475,8,CamaID: 0292-0006-0000,72 SUZANNE DR,487321,08178-0292-0006-0000,0292-0006-0000,481.13628308433,11,181206,12817.524396145
Portsmouth,,121,0260-0161-0000,178,20,,11,178-31414,8,CamaID: 0260-0161-0000,4 SCHURMAN AVE,487322,08178-0260-0161-0000,0260-0161-0000,360.634721497518,11,181207,7053.92934438784
Portsmouth,,121,0260-0158-0000,178,20,,11,178-31412,8,CamaID: 0260-0158-0000,9 SCHURMAN AVE,487323,08178-0260-0158-0000,0260-0158-0000,393.748507342498,11,181208,9077.91946884685
Portsmouth,,121,0260-0164-0000,178,20,,11,178-31417,8,CamaID: 0260-0164-0000,10 COLONIAL DR,487324,08178-0260-0164-0000,0260-0164-0000,314.169921758296,11,181209,6344.615891773
Portsmouth,,121,0260-0163-0000,178,20,,11,178-31416,8,CamaID: 0260-0163-0000,22 COLONIAL DR,487325,08178-0260-0163-0000,0260-0163-0000,347.861693821129,11,181210,7725.3463406526
Portsmouth,,121,0260-0156-0000,178,20,,11,178-31410,8,CamaID: 0260-0156-0000,100 COLONIAL DR,487326,08178-0260-0156-0000,0260-0156-0000,457.291931355288,11,181211,10423.2809144715
Portsmouth,,121,0260-0154-0000,178,20,,11,178-31408,8,CamaID: 0260-0154-0000,130 COLONIAL DR,487327,08178-0260-0154-0000,0260-0154-0000,419.18671009325,11,181212,8767.34885871131
Portsmouth,,121,0260-0155-0000,178,20,,11,178-31409,8,CamaID: 0260-0155-0000,114 COLONIAL DR,487328,08178-0260-0155-0000,0260-0155-0000,462.360129655429,11,181213,10707.9928642369
Portsmouth,,121,0260-0153-0000,178,20,,11,178-31407,8,CamaID: 0260-0153-0000,144 COLONIAL DR,487329,08178-0260-0153-0000,0260-0153-0000,398.626371282405,11,181214,8694.32847904811
Portsmouth,,121,0261-0004-0004,178,20,,11,178-31499,8,CamaID: 0261-0004-0004,406 GREENSIDE AVE,487330,08178-0261-0004-0004,0261-0004-0004,1004.15463649722,11,181215,63915.0346102535
Portsmouth,,121,0260-0152-0000,178,20,,11,178-31406,8,CamaID: 0260-0152-0000,156 COLONIAL DR,487331,08178-0260-0152-0000,0260-0152-0000,390.992987330378,11,181216,8507.42942649377
Portsmouth,,121,0261-0004-0003,178,20,,11,178-31498,8,CamaID: 0261-0004-0003,392 GREENSIDE AVE,487332,08178-0261-0004-0003,0261-0004-0003,586.199865265115,11,181217,20249.3793184141
Portsmouth,,121,0260-0091-0000,178,20,,11,178-31346,8,CamaID: 0260-0091-0000,77 COLONIAL DR,487333,08178-0260-0091-0000,0260-0091-0000,337.991830255984,11,181218,7067.31454207674
Portsmouth,,121,0260-0014-0000,178,20,,11,178-31269,8,CamaID: 0260-0014-0000,725 COLONIAL DR,487334,08178-0260-0014-0000,0260-0014-0000,327.370501433596,11,181219,6740.10480037832
Portsmouth,,121,0260-0093-0000,178,20,,11,178-31348,8,CamaID: 0260-0093-0000,107 COLONIAL DR,487335,08178-0260-0093-0000,0260-0093-0000,327.898073784602,11,181220,6629.4820646472
Portsmouth,,121,0260-0089-0000,178,20,,11,178-31344,8,CamaID: 0260-0089-0000,45 COLONIAL DR,487336,08178-0260-0089-0000,0260-0089-0000,329.485462838038,11,181221,6202.20450800441
Portsmouth,,121,0261-0004-0001,178,20,,11,178-31496,8,CamaID: 0261-0004-0001,368 GREENSIDE AVE,487337,08178-0261-0004-0001,0261-0004-0001,562.65136410238,11,181222,19912.2504520855
Portsmouth,,118,0292-0198-0000,178,17,,11,178-32657,8,CamaID: 0292-0198-0000,11 DENISE ST,487338,08178-0292-0198-0000,0292-0198-0000,386.618482657741,11,181223,9365.11861797823
Portsmouth,,301,0165-0014-0000,178,56,,57,178-38066,8,CamaID: 0165-0014-0000,BARTLETT ST,487339,08178-0165-0014-0000,0165-0014-0000,1619.39446470585,57,181224,71808.6998937732
Portsmouth,,301,0165-0014-0000,178,56,,57,178-38066,8,CamaID: 0165-0014-0000,BARTLETT ST,487340,08178-0165-0014-0000,0165-0014-0000,721.43713978914,57,181225,39.5305299968175
Portsmouth,,301,0165-0014-0000,178,56,,57,178-38066,8,CamaID: 0165-0014-0000,BARTLETT ST,487341,08178-0165-0014-0000,0165-0014-0000,12599.2598885583,57,181226,428571.235564346
Portsmouth,,301,0165-0014-0000,178,56,,57,178-38066,8,CamaID: 0165-0014-0000,BARTLETT ST,487342,08178-0165-0014-0000,0165-0014-0000,6230.63873683631,57,181227,225335.657994724
Portsmouth,,301,0234-002A-0000,178,56,,60,178-35510,8,CamaID: 0234-002A-0000,435 US ROUTE 1 BYP,487343,08178-0234-002A-0000,0234-002A-0000,2667.53515031342,60,181228,78842.6644033438
Portsmouth,,,,178,,,,,,,,487344,08178-,,7149.72615812712,,181229,72280.4807055812
Portsmouth,70,128,0209-0051-0000,178,24,,11,178-28774,8,CamaID: 0209-0051-0000,258 LESLIE DR,487345,08178-0209-0051-0000,0209-0051-0000,644.321359535213,11-70,181230,21015.794662316
Portsmouth,70,128,0209-0050-0000,178,24,,11,178-28773,8,CamaID: 0209-0050-0000,264 LESLIE DR,487346,08178-0209-0050-0000,0209-0050-0000,546.871874331636,11-70,181231,16782.8257779366
Portsmouth,,118,0292-0207-0000,178,17,,11,178-32666,8,CamaID: 0292-0207-0000,4 PAMELA ST,487347,08178-0292-0207-0000,0292-0207-0000,386.730988852191,11,181232,9151.39934471973
Portsmouth,,118,0292-0177-0000,178,17,,11,178-32636,8,CamaID: 0292-0177-0000,26 MARIETTE DR,487348,08178-0292-0177-0000,0292-0177-0000,393.590090116508,11,181233,10181.9671979044
Portsmouth,,118,0292-0208-0000,178,17,,11,178-32667,8,CamaID: 0292-0208-0000,6 PAMELA ST,487349,08178-0292-0208-0000,0292-0208-0000,395.352053611096,11,181234,9552.42155196951
Portsmouth,,301,0165-0014-0000,178,56,,57,178-38066,8,CamaID: 0165-0014-0000,BARTLETT ST,487350,08178-0165-0014-0000,0165-0014-0000,1347.38513091313,57,181235,38680.1951743293
Portsmouth,,131,0162-0015-0000,178,27,,11,178-35045,8,CamaID: 0162-0015-0000,97 MEREDITH WAY,487351,08178-0162-0015-0000,0162-0015-0000,501.256404989571,11,181236,15057.6266742969
Portsmouth,,204,0231-0058-0000,178,34,,14,178-53542,8,CamaID: 0231-0058-0204,150 US ROUTE 1 BYP #204,487357,08178-0231-0058-0000,0231-0058-0204,1796.73733654916,14,181237,130201.281523903
Portsmouth,70,112,0223-0026-0000,178,12,,11,178-29838,8,CamaID: 0223-0026-0000,912 SAGAMORE AVE,487352,08178-0223-0026-0000,0223-0026-0000,1824.88092385125,11-70,181238,54038.0987297763
Portsmouth,,111,0202-0015-0000,178,11,,11,178-28591,8,CamaID: 0202-0015-0000,40 MARTINE COTTAGE RD,487353,08178-0202-0015-0000,0202-0015-0000,1828.86284010181,11,181239,193456.571218135
Portsmouth,,302,0229-0008-0000,178,57,,33,178-35462,8,CamaID: 0229-0008-0000,599 LAFAYETTE RD,487354,08178-0229-0008-0000,0229-0008-0000,2601.80127541477,33,181240,204334.183691415
Portsmouth,,217,0232-0121-0000,178,46,,14,178-30338,8,CamaID: 0232-0121-0048,777 MIDDLE RD #48,487355,08178-0232-0121-0000,0232-0121-0048,3709.71924987077,14,181241,791299.540934063
Portsmouth,,304,0232-0120-0000,178,59,,57,178-35494,8,CamaID: 0232-0120-0000,861 MIDDLE RD,487356,08178-0232-0120-0000,0232-0120-0000,1097.8061266064,57,181242,73819.335798916
Portsmouth,,304,0209-0087-0000,178,59,,44,178-35327,8,CamaID: 0209-0087-0000,569 SUBMARINE WAY,487358,08178-0209-0087-0000,0209-0087-0000,3926.78898171588,44,181243,403727.924810909
Portsmouth,,130,0212-0063-0001,178,26,,11,178-54384,8,CamaID: 0212-0063-0001,69 PORPOISE WAY,487359,08178-0212-0063-0001,0212-0063-0001,220.949247545148,11,181244,2187.73064683889
Portsmouth,,304,0212-0143-0000,178,59,,27,178-35344,8,CamaID: 0212-0143-0000,SARATOGA WAY,487360,08178-0212-0143-0000,0212-0143-0000,378.584872386459,27,181245,7148.69391113517
Portsmouth,,130,0212-0019-0000,178,26,,11,178-28855,8,CamaID: 0212-0019-0000,62 RALEIGH WAY,487361,08178-0212-0019-0000,0212-0019-0000,264.54790386596,11,181246,4373.01638076474
Portsmouth,,130,0212-0012-0000,178,26,,11,178-28848,8,CamaID: 0212-0012-0000,13 CONCORD WAY,487362,08178-0212-0012-0000,0212-0012-0000,377.742298001086,11,181247,8457.14315776123
Portsmouth,,130,0212-0013-0000,178,26,,11,178-28849,8,CamaID: 0212-0013-0000,23 CONCORD WAY,487363,08178-0212-0013-0000,0212-0013-0000,224.377244578956,11,181248,2325.58076192317
Portsmouth,,130,0212-0021-0001,178,26,,11,178-38780,8,CamaID: 0212-0021-0001,40 RALEIGH WAY,487364,08178-0212-0021-0001,0212-0021-0001,222.176913147911,11,181249,2124.54016246469
Portsmouth,,130,0212-0021-0000,178,26,,11,178-28857,8,CamaID: 0212-0021-0000,38 RALEIGH WAY,487365,08178-0212-0021-0000,0212-0021-0000,231.502611901656,11,181250,2571.34173427933
Portsmouth,,130,0212-0022-0000,178,26,,11,178-28858,8,CamaID: 0212-0022-0000,18 RALEIGH WAY,487366,08178-0212-0022-0000,0212-0022-0000,320.52872670914,11,181251,6271.1605804519
Portsmouth,,130,0212-0023-0001,178,26,,11,178-38872,8,CamaID: 0212-0023-0001,8 RALEIGH WAY,487367,08178-0212-0023-0001,0212-0023-0001,259.27942344697,11,181252,3235.66679828965
Portsmouth,,130,0212-0023-0000,178,26,,11,178-28859,8,CamaID: 0212-0023-0000,6 RALEIGH WAY,487368,08178-0212-0023-0000,0212-0023-0000,255.58659789357,11,181253,3059.44656261282
Portsmouth,,130,0212-0025-0002,178,26,,11,178-29004,8,CamaID: 0212-0025-0002,592 KEARSARGE WAY,487369,08178-0212-0025-0002,0212-0025-0002,168.000764406237,11,181254,980.237134909069
Portsmouth,,130,0212-0025-0003,178,26,,11,178-29005,8,CamaID: 0212-0025-0003,594 KEARSARGE WAY,487370,08178-0212-0025-0003,0212-0025-0003,167.982827383578,11,181255,979.609354363108
Portsmouth,,130,0212-0025-0004,178,26,,11,178-29006,8,CamaID: 0212-0025-0004,596 KEARSARGE WAY,487371,08178-0212-0025-0004,0212-0025-0004,168.006523564581,11,181256,980.175588534789
Portsmouth,,130,0212-0025-0005,178,26,,11,178-29007,8,CamaID: 0212-0025-0005,598 KEARSARGE WAY,487372,08178-0212-0025-0005,0212-0025-0005,167.995687595099,11,181257,979.792727387614
Portsmouth,70,128,0209-0049-0000,178,24,,11,178-28772,8,CamaID: 0209-0049-0000,280 LESLIE DR,487373,08178-0209-0049-0000,0209-0049-0000,440.053734356588,11-70,181258,10392.1177981505
Portsmouth,,304,0123-0009-000A,178,59,,27,178-37748,8,CamaID: 0123-0009-000A,MAPLEWOOD AVE,487374,08178-0123-0009-000A,0123-0009-000A,80.0038176567303,27,181259,300.024968129928
Portsmouth,,131,0143-0002-0000,178,27,,11,178-34302,8,CamaID: 0143-0002-0000,188 DENNETT ST,487375,08178-0143-0002-0000,0143-0002-0000,341.629649962311,11,181260,6030.25239625818
Portsmouth,,204,0143-0001-0000,178,34,,14,178-34327,8,CamaID: 0143-0001-0001,170 DENNETT ST #1,487376,08178-0143-0001-0000,0143-0001-0001,698.488082306536,14,181261,23761.4590822386
Portsmouth,,206,0140-0019-0000,178,36,,14,178-38169,8,CamaID: 0140-0019-0003,152 DENNETT ST #C,487377,08178-0140-0019-0000,0140-0019-0003,596.292527396246,14,181262,11633.5397123421
Portsmouth,,202,0118-0029-0000,178,32,,14,178-38642,8,CamaID: 0118-0029-0001,77 HANOVER ST #1,487378,08178-0118-0029-0000,0118-0029-0001,425.381941724835,14,181263,10076.6479705205
Portsmouth,,,0118-0000-0000,178,,,,,,,,487379,08178-0118-0000-0000,,107.393762832499,,181264,496.270464784944
Portsmouth,,305,0118-0024-0001,178,60,,57,178-33549,8,CamaID: 0118-0024-0001,51 HANOVER ST,487380,08178-0118-0024-0001,0118-0024-0001,264.730349784058,57,181265,2629.02072234572
Portsmouth,,305,0118-0024-0000,178,60,,57,178-33540,8,CamaID: 0118-0024-0000,37 HANOVER ST,487381,08178-0118-0024-0000,0118-0024-0000,359.823682016011,57,181266,7724.9390372315
Portsmouth,,305,0117-0047-0000,178,60,,23,178-33460,8,CamaID: 0117-0047-0000,MARKET ST,487382,08178-0117-0047-0000,0117-0047-0000,123.261908556796,23,181267,876.228712065754
Portsmouth,,305,0117-0011-0000,178,60,,57,178-37367,8,CamaID: 0117-0011-0000,29 CONGRESS ST,487383,08178-0117-0011-0000,0117-0011-0000,186.519502874167,57,181268,1244.10317420614
Portsmouth,,305,0117-0010-0000,178,60,,57,178-33454,8,CamaID: 0117-0010-0000,35 CONGRESS ST,487384,08178-0117-0010-0000,0117-0010-0000,233.111862374961,57,181269,2994.65615998358
Portsmouth,,305,0117-020B-0000,178,60,,57,178-37332,8,CamaID: 0117-020B-0000,6 LADD ST,487385,08178-0117-020B-0000,0117-020B-0000,157.597116137263,57,181270,1319.7687441388
Portsmouth,,305,0117-020A-0000,178,60,,57,178-37333,8,CamaID: 0117-020A-0000,6 LADD ST,487386,08178-0117-020A-0000,0117-020A-0000,140.41553465163,57,181271,705.879848551714
Portsmouth,,305,0117-0020-0000,178,60,,57,178-37370,8,CamaID: 0117-0020-0003,6 MARKET SQ #3,487387,08178-0117-0020-0000,0117-0020-0003,166.447136261019,57,181272,1527.65435654301
Portsmouth,,305,0106-0006-0000,178,60,,33,178-37955,8,CamaID: 0106-0006-0000,132 CHAPEL ST,487388,08178-0106-0006-0000,0106-0006-0000,225.563294006022,33,181273,2223.69832425377
Portsmouth,,301,0106-0002-0000,178,56,,57,178-37709,8,CamaID: 0106-0002-0000,100 CHAPEL ST,487389,08178-0106-0002-0000,0106-0002-0000,255.662760779509,57,181274,3343.36553626134
Portsmouth,,305,0106-0018-0000,178,60,,33,178-37510,8,CamaID: 0106-0018-0000,88 PENHALLOW ST,487390,08178-0106-0018-0000,0106-0018-0000,179.309883074859,33,181275,1430.09438915795
Portsmouth,,102,0107-0023-0000,178,3,,19,178-33146,8,CamaID: 0107-0023-0000,59 SHEAFE ST,487391,08178-0107-0023-0000,0107-0023-0000,157.25275865189,19,181276,1185.27839556372
Portsmouth,,305,0117-0044-0000,178,60,,33,178-37986,8,CamaID: 0117-0044-0000,76 CONGRESS ST,487392,08178-0117-0044-0000,0117-0044-0000,186.95562327953,33,181277,1587.98152826451
Portsmouth,,305,0104-0008-0000,178,60,,33,178-38433,8,CamaID: 0104-0008-0001,60-62 MARCY ST,487393,08178-0104-0008-0000,0104-0008-0001,189.771553524662,33,181278,2196.26340005772
Portsmouth,,305,0104-0010-0000,178,60,,57,178-37196,8,CamaID: 0104-0010-0000,55 ATKINSON ST,487394,08178-0104-0010-0000,0104-0010-0000,224.820575968249,57,181279,3137.41480419675
Portsmouth,,305,0108-0001-0000,178,60,,57,178-37721,8,CamaID: 0108-0001-0000,2 ATKINSON ST,487395,08178-0108-0001-0000,0108-0001-0000,423.548345816426,57,181280,5219.71114829041
Portsmouth,,102,0117-0051-0000,178,3,,11,178-38365,8,CamaID: 0117-0051-0000,24 PORTER ST,487396,08178-0117-0051-0000,0117-0051-0000,195.945020937541,11,181281,1540.74890865138
Portsmouth,,102,0117-0052-0000,178,3,,11,178-38366,8,CamaID: 0117-0052-0000,22 PORTER ST,487397,08178-0117-0052-0000,0117-0052-0000,195.992948143132,11,181282,1502.98261746383
Portsmouth,,102,0117-0053-0000,178,3,,11,178-38367,8,CamaID: 0117-0053-0000,20 PORTER ST,487398,08178-0117-0053-0000,0117-0053-0000,185.018055408564,11,181283,1432.20560657264
Portsmouth,,102,0117-0055-0000,178,3,,11,178-38369,8,CamaID: 0117-0055-0000,16 PORTER ST,487399,08178-0117-0055-0000,0117-0055-0000,166.833947636165,11,181284,1253.83848411437
Portsmouth,,305,0107-0079-0000,178,60,,23,178-33166,8,CamaID: 0107-0079-0000,270 STATE ST,487400,08178-0107-0079-0000,0107-0079-0000,159.949428433332,23,181285,1245.28088204327
Portsmouth,,121,0261-0033-0000,178,20,,11,178-31454,8,CamaID: 0261-0033-0000,29 DORIS AVE,487401,08178-0261-0033-0000,0261-0033-0000,434.86911337903,11,181286,11212.537563528
Portsmouth,,105,0147-0004-0000,178,7,,11,178-34509,8,CamaID: 0147-0004-0000,239 CASS ST,487402,08178-0147-0004-0000,0147-0004-0000,282.203347438356,11,181287,4102.53071555841
Portsmouth,,103B,0135-0014-0000,178,5,,11,178-34025,8,CamaID: 0135-0014-0000,305 UNION ST,487403,08178-0135-0014-0000,0135-0014-0000,375.793068931794,11,181288,8786.71857299413
Portsmouth,,103B,0135-0018-0000,178,5,,12,178-34029,8,CamaID: 0135-0018-0000,526 MIDDLE ST,487404,08178-0135-0018-0000,0135-0018-0000,283.023234298789,12,181289,4950.67725774081
Portsmouth,,304,0135-0009-0000,178,59,,57,178-34020,8,CamaID: 0135-0009-0000,52 HIGHLAND ST,487405,08178-0135-0009-0000,0135-0009-0000,323.299517464785,57,181290,6629.81179084017
Portsmouth,,121,0261-0029-0000,178,20,,11,178-31450,8,CamaID: 0261-0029-0000,576 GREENSIDE AVE,487406,08178-0261-0029-0000,0261-0029-0000,609.386719078939,11,181291,13431.0513280002
Portsmouth,,121,0261-0028-0000,178,20,,11,178-31449,8,CamaID: 0261-0028-0000,540 GREENSIDE AVE,487407,08178-0261-0028-0000,0261-0028-0000,617.682615025999,11,181292,21575.7646421878
Portsmouth,,121,0261-0027-0000,178,20,,11,178-31448,8,CamaID: 0261-0027-0000,516 GREENSIDE AVE,487408,08178-0261-0027-0000,0261-0027-0000,649.697229655036,11,181293,19001.4904773404
Portsmouth,,121,0261-0016-0000,178,20,,11,178-31437,8,CamaID: 0261-0016-0000,470 GREENSIDE AVE,487409,08178-0261-0016-0000,0261-0016-0000,463.089867556479,11,181294,13396.5110634546
Portsmouth,,121,0261-0015-0000,178,20,,11,178-31436,8,CamaID: 0261-0015-0000,450 GREENSIDE AVE,487410,08178-0261-0015-0000,0261-0015-0000,414.059135794978,11,181295,10518.6371263697
Portsmouth,,121,0261-0017-0000,178,20,,11,178-31438,8,CamaID: 0261-0017-0000,24 SUTTON AVE,487411,08178-0261-0017-0000,0261-0017-0000,565.774217106197,11,181296,18520.0617540525
Portsmouth,,121,0261-0006-0000,178,20,,11,178-31427,8,CamaID: 0261-0006-0000,418 SHERBURNE RD,487412,08178-0261-0006-0000,0261-0006-0000,529.970650507705,11,181297,16489.8375169064
Portsmouth,,121,0261-0007-0000,178,20,,11,178-31428,8,CamaID: 0261-0007-0000,420 SHERBURNE RD,487413,08178-0261-0007-0000,0261-0007-0000,530.433038368851,11,181298,16541.1637718364
Portsmouth,,121,0261-0008-0000,178,20,,11,178-31429,8,CamaID: 0261-0008-0000,422 SHERBURNE RD,487414,08178-0261-0008-0000,0261-0008-0000,658.646594404701,11,181299,22976.4715617939
Portsmouth,,121,0261-0010-0000,178,20,,11,178-31431,8,CamaID: 0261-0010-0000,455 GREENSIDE AVE,487415,08178-0261-0010-0000,0261-0010-0000,460.392424844334,11,181300,10678.9891330284
Portsmouth,,121,0261-0011-0000,178,20,,11,178-31432,8,CamaID: 0261-0011-0000,445 GREENSIDE AVE,487416,08178-0261-0011-0000,0261-0011-0000,470.862600675762,11,181301,11559.2967487201
Portsmouth,,121,0261-0012-0000,178,20,,11,178-31433,8,CamaID: 0261-0012-0000,435 GREENSIDE AVE,487417,08178-0261-0012-0000,0261-0012-0000,464.031233539217,11,181302,11006.64996334
Portsmouth,,121,0261-0020-0000,178,20,,11,178-31441,8,CamaID: 0261-0020-0000,456 SHERBURNE RD,487418,08178-0261-0020-0000,0261-0020-0000,529.208495536674,11,181303,16482.4356229452
Portsmouth,,121,0261-0021-0000,178,20,,11,178-31442,8,CamaID: 0261-0021-0000,460 SHERBURNE RD,487419,08178-0261-0021-0000,0261-0021-0000,505.785461071068,11,181304,14612.2617694095
Portsmouth,,121,0261-0022-0000,178,20,,11,178-31443,8,CamaID: 0261-0022-0000,20 DORIS AVE,487420,08178-0261-0022-0000,0261-0022-0000,442.713369293213,11,181305,11436.2174231191
Portsmouth,,121,0261-0018-0000,178,20,,11,178-31439,8,CamaID: 0261-0018-0000,27 SUTTON AVE,487421,08178-0261-0018-0000,0261-0018-0000,460.437137165749,11,181306,12068.6187754547
Portsmouth,,121,0261-0024-0000,178,20,,11,178-31445,8,CamaID: 0261-0024-0000,29 SUTTON AVE,487422,08178-0261-0024-0000,0261-0024-0000,466.806285228375,11,181307,12544.2068751026
Portsmouth,,121,0260-0002-0000,178,20,,11,178-31257,8,CamaID: 0260-0002-0000,130 SHERBURNE RD,487423,08178-0260-0002-0000,0260-0002-0000,532.45445030971,11,181308,16619.2068607581
Portsmouth,,121,0260-0143-0000,178,20,,11,178-31397,8,CamaID: 0260-0143-0000,272 COLONIAL DR,487424,08178-0260-0143-0000,0260-0143-0000,354.527264951291,11,181309,7187.99385966806
Portsmouth,,121,0260-0142-0000,178,20,,11,178-31396,8,CamaID: 0260-0142-0000,284 COLONIAL DR,487425,08178-0260-0142-0000,0260-0142-0000,377.965997693012,11,181310,8250.90278437066
Portsmouth,,121,0260-0124-0000,178,20,,11,178-31379,8,CamaID: 0260-0124-0000,165 COLONIAL DR,487426,08178-0260-0124-0000,0260-0124-0000,399.399716228721,11,181311,8780.77921687711
Portsmouth,,121,0260-0125-0000,178,20,,11,178-31380,8,CamaID: 0260-0125-0000,177 COLONIAL DR,487427,08178-0260-0125-0000,0260-0125-0000,388.157159990201,11,181312,8357.8906558782
Portsmouth,,121,0260-0126-0000,178,20,,11,178-31381,8,CamaID: 0260-0126-0000,189 COLONIAL DR,487428,08178-0260-0126-0000,0260-0126-0000,378.922589035279,11,181313,8065.83373260292
Portsmouth,,121,0260-0127-0000,178,20,,11,178-31382,8,CamaID: 0260-0127-0000,201 COLONIAL DR,487429,08178-0260-0127-0000,0260-0127-0000,368.815586930491,11,181314,7711.68346439384
Portsmouth,,121,0260-0128-0000,178,20,,11,178-31383,8,CamaID: 0260-0128-0000,213 COLONIAL DR,487430,08178-0260-0128-0000,0260-0128-0000,380.676386347226,11,181315,8227.54466520409
Portsmouth,,121,0260-0129-0000,178,20,,11,178-31384,8,CamaID: 0260-0129-0000,225 COLONIAL DR,487431,08178-0260-0129-0000,0260-0129-0000,398.844357518312,11,181316,8739.98580517671
Portsmouth,,121,0260-0132-0000,178,20,,11,178-31387,8,CamaID: 0260-0132-0000,265 COLONIAL DR,487432,08178-0260-0132-0000,0260-0132-0000,387.422044056311,11,181317,8297.42651295745
Portsmouth,,121,0260-0133-0000,178,20,,11,178-31388,8,CamaID: 0260-0133-0000,277 COLONIAL DR,487433,08178-0260-0133-0000,0260-0133-0000,376.646146091696,11,181318,7929.36634958721
Portsmouth,,301,0259-0013-0000,178,56,,34,178-35731,8,CamaID: 0259-0013-0000,50 BORTHWICK AVE,487434,08178-0259-0013-0000,0259-0013-0000,1228.80662498805,34,181319,54542.822758148
Portsmouth,,103B,0129-0010-0000,178,5,,11,178-33710,8,CamaID: 0129-0010-0000,300 ROCKLAND ST,487435,08178-0129-0010-0000,0129-0010-0000,401.040314529288,11,181320,10050.5791434251
Portsmouth,,204,0129-0006-0000,178,34,,14,178-38677,8,CamaID: 0129-0006-0004,234 ROCKLAND ST #4,487436,08178-0129-0006-0000,0129-0006-0004,416.542209997764,14,181321,10824.3190253764
Portsmouth,,103A,0129-0002-0000,178,4,,12,178-33704,8,CamaID: 0129-0002-0000,247 RICHARDS AVE,487437,08178-0129-0002-0000,0129-0002-0000,309.744761327633,12,181322,5546.36904055816
Portsmouth,,204,0129-0039-0000,178,34,,14,178-51366,8,CamaID: 0129-0039-0001,157 RICHARDS AVE #1,487438,08178-0129-0039-0000,0129-0039-0001,300.995313625611,14,181323,5061.39002959629
Portsmouth,,104,0168-0002-0000,178,6,,11,178-35196,8,CamaID: 0168-0002-0000,187 MONROE ST EXT,487439,08178-0168-0002-0000,0168-0002-0000,396.239383673448,11,181324,9591.07682386119
Portsmouth,,104,0168-0007-0000,178,6,,12,178-35201,8,CamaID: 0168-0007-0000,1 SHERIDAN AVE,487440,08178-0168-0007-0000,0168-0007-0000,467.205833860252,12,181325,12850.5639420814
Portsmouth,,129,0236-0030-0000,178,25,,11,178-30587,8,CamaID: 0236-0030-0000,32 CLOVER LN,487441,08178-0236-0030-0000,0236-0030-0000,591.009498581698,11,181326,15057.8059265339
Portsmouth,,129,0236-0043-0000,178,25,,11,178-30594,8,CamaID: 0236-0043-0000,7 CLOVER LN,487442,08178-0236-0043-0000,0236-0043-0000,393.909177948745,11,181327,9040.42448177642
Portsmouth,,129,0236-0040-0000,178,25,,11,178-30591,8,CamaID: 0236-0040-0000,45 CLOVER LN,487443,08178-0236-0040-0000,0236-0040-0000,568.945860267844,11,181328,17599.7560302784
Portsmouth,,129,0236-0012-0000,178,25,,11,178-30569,8,CamaID: 0236-0012-0000,190 MEADOW RD,487444,08178-0236-0012-0000,0236-0012-0000,346.947336547065,11,181329,7357.66801857759
Portsmouth,,129,0236-0066-0000,178,25,,11,178-30617,8,CamaID: 0236-0066-0000,159 MEADOW RD,487445,08178-0236-0066-0000,0236-0066-0000,410.539406276653,11,181330,9966.91483256911
Portsmouth,,129,0236-0049-0000,178,25,,12,178-30600,8,CamaID: 0236-0049-0000,864 WOODBURY AVE,487446,08178-0236-0049-0000,0236-0049-0000,408.718427119444,12,181331,9692.69998756585
Portsmouth,,129,0236-0073-0000,178,25,,22,178-30624,8,CamaID: 0236-0073-0000,LONGMEADOW LN,487447,08178-0236-0073-0000,0236-0073-0000,909.72303425553,22,181332,46013.4204959303
Portsmouth,,129,0236-0072-0000,178,25,,11,178-30623,8,CamaID: 0236-0072-0000,55 MEADOW RD,487448,08178-0236-0072-0000,0236-0072-0000,453.059258934894,11,181333,12690.2557424511
Portsmouth,,129,0236-0079-0000,178,25,,11,178-30629,8,CamaID: 0236-0079-0000,5 MEADOW RD,487449,08178-0236-0079-0000,0236-0079-0000,402.516315857137,11,181334,9307.28545883395
Portsmouth,,129,0236-0058-0000,178,25,,11,178-30609,8,CamaID: 0236-0058-0000,8 MEADOW RD,487450,08178-0236-0058-0000,0236-0058-0000,358.713323249427,11,181335,7882.98528076044
Portsmouth,,129,0237-0001-0000,178,25,,11,178-30632,8,CamaID: 0237-0001-0000,22 MAPLE ST,487451,08178-0237-0001-0000,0237-0001-0000,610.616771386459,11,181336,18350.9648393192
Portsmouth,73,129,0219-0021-0000,178,25,,11,178-38168,8,CamaID: 0219-0021-0000,16 FAIRVIEW DR,487452,08178-0219-0021-0000,0219-0021-0000,647.402531522442,11-73,181337,19337.9808729118
Portsmouth,,129,0219-0049-0000,178,25,,11,178-29341,8,CamaID: 0219-0049-0000,1079 MAPLEWOOD AVE,487453,08178-0219-0049-0000,0219-0049-0000,418.387294178626,11,181338,9494.5874818804
Portsmouth,,,0217-0005-000A,178,,,,,,,,487454,08178-0217-0005-000A,,87.4854717364716,,181339,267.937366564674
Portsmouth,,303,0216-0004-A000,178,58,,57,178-38301,8,CamaID: 0216-0004-A000,MARKET ST,487455,08178-0216-0004-A000,0216-0004-A000,377.405954701413,57,181340,817.295425783953
Portsmouth,,130,0212-0123-0000,178,26,,11,178-28947,8,CamaID: 0212-0123-0000,45 ALBACORE WAY,487456,08178-0212-0123-0000,0212-0123-0000,614.111107068338,11,181341,21368.6975353314
Portsmouth,,204,0212-0167-0000,178,34,,14,178-38907,8,CamaID: 0212-0167-0001,57 ALBACORE WAY A #57A,487457,08178-0212-0167-0000,0212-0167-0001,575.524709893361,14,181342,20041.3442138989
Portsmouth,,101,0207-0041-0000,178,2,,11,178-28696,8,CamaID: 0207-0041-0000,45 DRIFTWOOD LN,487458,08178-0207-0041-0000,0207-0041-0000,770.18107090789,11,181343,34144.6486004621
Portsmouth,73,101,0207-0073-0000,178,2,,11,178-38167,8,CamaID: 0207-0073-0000,284 NEW CASTLE AVE,487459,08178-0207-0073-0000,0207-0073-0000,413.432841980662,11-73,181344,9230.1370277559
Portsmouth,70,109,0207-0006-0000,178,9,,11,178-28662,8,CamaID: 0207-0006-0000,390 NEW CASTLE AVE,487460,08178-0207-0006-0000,0207-0006-0000,257.797646643225,11-70,181345,3568.90455922904
Portsmouth,,307,0313-0003-0000,178,63,,45,178-37893,8,CamaID: 0313-0003-0000,164-166 CORPORATE DR,487461,08178-0313-0003-0000,0313-0003-0000,4533.97953033439,45,181346,938721.496511807
Portsmouth,,307,0315-0002-0000,178,63,,44,178-37904,8,CamaID: 0315-0002-0000,282 CORPORATE DR,487462,08178-0315-0002-0000,0315-0002-0000,1924.55204260118,44,181347,226360.537445149
Portsmouth,,307,0316-0001-0000,178,63,,44,178-37907,8,CamaID: 0316-0001-0000,359 CORPORATE DR,487463,08178-0316-0001-0000,0316-0001-0000,2888.87816346869,44,181348,435713.237802344
Portsmouth,,307,0311-0003-0000,178,63,,45,178-37889,8,CamaID: 0311-0003-0000,20 DURHAM ST,487464,08178-0311-0003-0000,0311-0003-0000,3324.41683479385,45,181349,435601.591940069
Portsmouth,,307,0314-0002-0000,178,63,,44,178-38491,8,CamaID: 0314-0002-0000,231 CORPORATE DR,487465,08178-0314-0002-0000,0314-0002-0000,2388.25456917725,44,181350,335347.602709021
Portsmouth,,103B,0149-0063-0000,178,5,,11,178-34664,8,CamaID: 0149-0063-0000,903 MIDDLE ST,487466,08178-0149-0063-0000,0149-0063-0000,503.344979800691,11,181351,15461.5972204381
Portsmouth,,121,0260-0039-0000,178,20,,11,178-31294,8,CamaID: 0260-0039-0000,481 COLONIAL DR,487467,08178-0260-0039-0000,0260-0039-0000,382.500523633701,11,181352,8965.85196318218
Portsmouth,,307,0312-0003-0000,178,63,,44,178-38114,8,CamaID: 0312-0003-0000,200 INTERNATIONAL DR,487468,08178-0312-0003-0000,0312-0003-0000,3896.27627956957,44,181353,887315.612160202
Portsmouth,,307,0315-0001-0000,178,63,,44,178-37903,8,CamaID: 0315-0001-0000,207 INTERNATIONAL DR,487469,08178-0315-0001-0000,0315-0001-0000,5429.46436660044,44,181354,959155.536021334
Portsmouth,,128,0209-0057-0000,178,24,,11,178-28780,8,CamaID: 0209-0057-0000,174 LESLIE DR,487470,08178-0209-0057-0000,0209-0057-0000,343.60808079949,11,181355,7160.69626763278
Portsmouth,,128,0209-0056-0000,178,24,,11,178-28779,8,CamaID: 0209-0056-0000,186 LESLIE DR,487471,08178-0209-0056-0000,0209-0056-0000,339.993284030462,11,181356,6994.61204240013
Portsmouth,,128,0209-0066-0000,178,24,,11,178-28789,8,CamaID: 0209-0066-0000,73 LESLIE DR,487472,08178-0209-0066-0000,0209-0066-0000,357.936176961404,11,181357,7102.23203420711
Portsmouth,,128,0209-0055-0000,178,24,,11,178-28778,8,CamaID: 0209-0055-0000,202 LESLIE DR,487473,08178-0209-0055-0000,0209-0055-0000,341.546582785395,11,181358,7058.89183624557
Portsmouth,,128,0209-0080-0000,178,24,,11,178-28803,8,CamaID: 0209-0080-0000,395 LESLIE DR,487474,08178-0209-0080-0000,0209-0080-0000,365.812423266979,11,181359,7280.00316632345
Portsmouth,,128,0209-0054-0000,178,24,,11,178-28777,8,CamaID: 0209-0054-0000,214 LESLIE DR,487475,08178-0209-0054-0000,0209-0054-0000,342.496968834129,11,181360,7093.1801172277
Portsmouth,,128,0209-0079-0000,178,24,,11,178-28802,8,CamaID: 0209-0079-0000,377 LESLIE DR,487476,08178-0209-0079-0000,0209-0079-0000,366.9926810066,11,181361,7917.56761236516
Portsmouth,,128,0209-0078-0000,178,24,,11,178-28801,8,CamaID: 0209-0078-0000,361 LESLIE DR,487477,08178-0209-0078-0000,0209-0078-0000,352.68675436947,11,181362,7427.00703466852
Portsmouth,,128,0209-0053-0000,178,24,,11,178-28776,8,CamaID: 0209-0053-0000,230 LESLIE DR,487478,08178-0209-0053-0000,0209-0053-0000,341.69708965355,11,181363,7038.65725844867
Portsmouth,,128,0209-0077-0000,178,24,,11,178-28800,8,CamaID: 0209-0077-0000,345 LESLIE DR,487479,08178-0209-0077-0000,0209-0077-0000,350.092536694462,11,181364,7508.88612246003
Portsmouth,,128,0209-0052-0000,178,24,,11,178-28775,8,CamaID: 0209-0052-0000,242 LESLIE DR,487480,08178-0209-0052-0000,0209-0052-0000,343.675569011156,11,181365,7123.49264642994
Portsmouth,,,0209-0085-0012,178,,,,,,,,487481,08178-0209-0085-0012,,795.493237587396,,181366,35627.891759491
Portsmouth,,128,0209-0062-0000,178,24,,11,178-28785,8,CamaID: 0209-0062-0000,110 LESLIE DR,487482,08178-0209-0062-0000,0209-0062-0000,437.940492565423,11,181367,10793.5796543094
Portsmouth,73,112,0223-026A-0000,178,12,,11,178-29857,8,CamaID: 0223-026A-0000,910 SAGAMORE AVE,487483,08178-0223-026A-0000,0223-026A-0000,692.469836211887,11-73,181368,26692.465606263
Portsmouth,,306,0223-0031-0000,178,62,,33,178-35420,8,CamaID: 0223-0031-0000,915 SAGAMORE AVE,487484,08178-0223-0031-0000,0223-0031-0000,994.759496736787,33,181369,41052.0627615188
Portsmouth,,306,0224-0018-0000,178,62,,57,178-35426,8,CamaID: 0224-0018-0000,1155 SAGAMORE AVE,487485,08178-0224-0018-0000,0224-0018-0000,800.731359035426,57,181370,29532.8055939162
Portsmouth,,306,0224-0019-0000,178,62,,33,178-29981,8,CamaID: 0224-0019-0000,1151 SAGAMORE AVE,487486,08178-0224-0019-0000,0224-0019-0000,798.703954187943,33,181371,29210.6102677893
Portsmouth,,,0224-0014-0000,178,,,,,,,,487487,08178-0224-0014-0000,,820.970937320752,,181372,32343.1078110636
Portsmouth,,201,0105-0014-0000,178,31,,14,178-53389,8,CamaID: 0105-0014-0203,80 STATE ST #203,487488,08178-0105-0014-0000,0105-0014-0203,298.254500623792,14,181373,5581.39308457327
Portsmouth,,201,0105-0013-0000,178,31,,14,178-50645,8,CamaID: 0105-0013-0302,66 STATE ST #302,487489,08178-0105-0013-0000,0105-0013-0302,402.631033395712,14,181374,8292.42907214707
Portsmouth,,305,0105-0012-0000,178,60,,57,178-37226,8,CamaID: 0105-0012-0000,58 STATE ST,487490,08178-0105-0012-0000,0105-0012-0000,235.899172213225,57,181375,3305.77304486946
Portsmouth,,305,0107-0024-0000,178,60,,57,178-33147,8,CamaID: 0107-0024-0000,20 CHAPEL ST,487491,08178-0107-0024-0000,0107-0024-0000,153.637430269261,57,181376,1474.5219339669
Portsmouth,73,108,0105-0011-0000,178,8,,11,178-33059,8,CamaID: 0105-0011-0000,46 STATE ST,487492,08178-0105-0011-0000,0105-0011-0000,219.422743655784,11-73,181377,2731.57406221974
Portsmouth,,108,0105-0020-0000,178,8,,11,178-37953,8,CamaID: 0105-0020-0000,93 STATE ST,487493,08178-0105-0020-0000,0105-0020-0000,318.658088343298,11,181378,6213.58338905959
Portsmouth,,305,0106-0013-0000,178,60,,44,178-37193,8,CamaID: 0106-0013-0001,11 MARKET ST,487494,08178-0106-0013-0000,0106-0013-0001,331.015023860127,44,181379,3403.00289182611
Portsmouth,,305,0106-0016-0000,178,60,,57,178-33091,8,CamaID: 0106-0016-0000,30 DANIEL ST,487495,08178-0106-0016-0000,0106-0016-0000,421.006381303528,57,181380,6240.51495884191
Portsmouth,,108,0107-0045-0000,178,8,,11,178-33154,8,CamaID: 0107-0045-0000,175 STATE ST,487496,08178-0107-0045-0000,0107-0045-0000,285.951959242116,11,181381,3156.83588805888
Portsmouth,,305,0107-0083-0000,178,60,,57,178-37720,8,CamaID: 0107-0083-0000,2 CONGRESS ST,487497,08178-0107-0083-0000,0107-0083-0000,349.712705100461,57,181382,7337.32696717225
Portsmouth,,305,0107-0030-0000,178,60,,44,178-50620,8,CamaID: 0107-0030-000B,22  MARKET SQ  #2,487498,08178-0107-0030-0000,0107-0030-000B,279.930070086102,44,181383,4531.85448130469
Portsmouth,,129,0173-0004-0000,178,25,,11,178-35261,8,CamaID: 0173-0004-0000,236 CATE ST,487499,08178-0173-0004-0000,0173-0004-0000,596.33306036716,11,181384,22544.8719484625
Portsmouth,,129,0173-0003-0000,178,25,,11,178-35260,8,CamaID: 0173-0003-0000,224 CATE ST,487500,08178-0173-0003-0000,0173-0003-0000,593.518930828277,11,181385,22060.6880431291
Portsmouth,,302,0165-0003-0000,178,57,,33,178-37634,8,CamaID: 0165-0003-0000,875 ISLINGTON ST,487501,08178-0165-0003-0000,0165-0003-0000,744.479679744525,33,181386,14372.7737438657
Portsmouth,,302,0172-0011-0000,178,57,,34,178-37654,8,CamaID: 0172-0011-0000,865 ISLINGTON ST,487502,08178-0172-0011-0000,0172-0011-0000,947.827085440926,34,181387,25880.393804668
Portsmouth,,305A,0155-0008-0000,178,61,,34,178-37569,8,CamaID: 0155-0008-0000,68 ALBANY ST,487503,08178-0155-0008-0000,0155-0008-0000,744.718594991936,34,181388,32021.6896796498
Portsmouth,,104,0153-0029-0000,178,6,,11,178-34825,8,CamaID: 0153-0029-0000,191 ALDRICH RD,487504,08178-0153-0029-0000,0153-0029-0000,456.447791026281,11,181389,8874.04173561573
Portsmouth,,104,0166-0050-0000,178,6,,11,178-35183,8,CamaID: 0166-0050-0000,344 ALDRICH RD,487505,08178-0166-0050-0000,0166-0050-0000,457.657512359214,11,181390,11930.0753275668
Portsmouth,,104,0153-0030-0000,178,6,,11,178-34826,8,CamaID: 0153-0030-0000,181 ALDRICH RD,487506,08178-0153-0030-0000,0153-0030-0000,462.355662782988,11,181391,8984.37548026363
Portsmouth,,104,0153-0031-0000,178,6,,11,178-34827,8,CamaID: 0153-0031-0000,171 ALDRICH RD,487507,08178-0153-0031-0000,0153-0031-0000,470.678269388112,11,181392,9260.5890877657
Portsmouth,,301,0234-0003-0000,178,56,,60,178-35506,8,CamaID: 0234-0003-0000,445 US ROUTE 1 BYP,487508,08178-0234-0003-0000,0234-0003-0000,1989.94920454601,60,181393,223359.983785244
Portsmouth,,302,0234-0007-0006,178,57,,33,178-35513,8,CamaID: 0234-0007-0006,650 BORTHWICK AVE,487509,08178-0234-0007-0006,0234-0007-0006,2106.78682733888,33,181394,129259.999665871
Portsmouth,,105,0156-0028-0000,178,7,,11,178-34867,8,CamaID: 0156-0028-0000,82 CASS ST,487510,08178-0156-0028-0000,0156-0028-0000,238.761515044047,11,181395,2662.38874634702
Portsmouth,,105,0156-0029-0000,178,7,,11,178-34868,8,CamaID: 0156-0029-0000,74 CASS ST,487511,08178-0156-0029-0000,0156-0029-0000,209.357510544137,11,181396,2473.63366184319
Portsmouth,,114,0268-0074-0000,178,14,,11,178-31595,8,CamaID: 0268-0074-0000,395 GRANT AVE,487512,08178-0268-0074-0000,0268-0074-0000,541.899310954375,11,181397,16254.798165697
Portsmouth,,204,0268-0097-0000,178,34,,14,178-53866,8,CamaID: 0268-0097-0B38,2075 LAFAYETTE RD #B38,487513,08178-0268-0097-0000,0268-0097-0B38,1766.66639229427,14,181398,180898.988866611
Portsmouth,,114,0268-0014-0000,178,14,,11,178-31535,8,CamaID: 0268-0014-0000,400 COOLIDGE DR,487514,08178-0268-0014-0000,0268-0014-0000,491.727890432913,11,181399,14405.4315952418
Portsmouth,,114,0268-0041-0000,178,14,,11,178-31562,8,CamaID: 0268-0041-0000,375 COOLIDGE DR,487515,08178-0268-0041-0000,0268-0041-0000,452.876613295648,11,181400,12664.6637774393
Portsmouth,,114,0268-0073-0000,178,14,,11,178-31594,8,CamaID: 0268-0073-0000,383 GRANT AVE,487516,08178-0268-0073-0000,0268-0073-0000,544.558551943837,11,181401,16482.2207419128
Portsmouth,,302,0268-0013-0000,178,57,,57,178-35847,8,CamaID: 0268-0013-0000,2059 LAFAYETTE RD,487517,08178-0268-0013-0000,0268-0013-0000,475.863686703763,57,181402,13383.5889167595
Portsmouth,,114,0268-0046-0000,178,14,,11,178-31567,8,CamaID: 0268-0046-0000,380 GRANT AVE,487518,08178-0268-0046-0000,0268-0046-0000,399.4243546368,11,181403,9970.94579270092
Portsmouth,,114,0268-0040-0000,178,14,,11,178-31561,8,CamaID: 0268-0040-0000,315 COOLIDGE DR,487519,08178-0268-0040-0000,0268-0040-0000,598.663001059726,11,181404,20068.6362747824
Portsmouth,,114,0268-0072-0000,178,14,,11,178-31593,8,CamaID: 0268-0072-0000,375 GRANT AVE,487520,08178-0268-0072-0000,0268-0072-0000,723.742386930558,11,181405,32736.2261884037
Portsmouth,,130,0212-0088-0001,178,26,,11,178-28919,8,CamaID: 0212-0088-0001,221 CONCORD WAY,487521,08178-0212-0088-0001,0212-0088-0001,216.106330563188,11,181406,2076.89653143312
Portsmouth,70,109,0207-0015-0000,178,9,,11,178-28671,8,CamaID: 0207-0015-0000,70 PLEASANT POINT DR,487522,08178-0207-0015-0000,0207-0015-0000,878.183000218244,11-70,181407,27686.8091450979
Portsmouth,,129,0234-0049-0000,178,25,,11,178-30552,8,CamaID: 0234-0049-0000,3 COAKLEY RD,487523,08178-0234-0049-0000,0234-0049-0000,339.921951616816,11,181408,7411.51173033722
Portsmouth,73,109,0207-0016-0000,178,9,,11,178-28672,8,CamaID: 0207-0016-0000,65 PLEASANT POINT DR,487524,08178-0207-0016-0000,0207-0016-0000,433.085181196709,11-73,181409,10754.2918453679
Portsmouth,70,109,0207-0023-0000,178,9,,11,178-28678,8,CamaID: 0207-0023-0000,8 MOEBUS TER,487525,08178-0207-0023-0000,0207-0023-0000,844.776476765326,11-70,181410,28300.3116657247
Portsmouth,70,109,0207-0010-0000,178,9,,11,178-28666,8,CamaID: 0207-0010-0000,4 ROBIN LN,487526,08178-0207-0010-0000,0207-0010-0000,1156.06669699979,11-70,181411,51587.3422877066
Portsmouth,,129,0234-0021-0000,178,25,,11,178-30524,8,CamaID: 0234-0021-0000,34 COAKLEY RD,487527,08178-0234-0021-0000,0234-0021-0000,372.617904781634,11,181412,8145.28002561358
Portsmouth,,109,0207-0030-0000,178,9,,11,178-28685,8,CamaID: 0207-0030-0000,3 BOYAN PL,487528,08178-0207-0030-0000,0207-0030-0000,452.097234939994,11,181413,10742.841342091
Portsmouth,,304,0129-0016-0000,178,59,,13,178-33715,8,CamaID: 0129-0016-0000,96 MILLER AVE,487529,08178-0129-0016-0000,0129-0016-0000,467.355019223977,13,181414,12432.7433711125
Portsmouth,,131,0162-0063-0000,178,27,,11,178-35090,8,CamaID: 0162-0063-0000,83 WOODBURY AVE,487530,08178-0162-0063-0000,0162-0063-0000,457.135053425973,11,181415,12839.0796497752
Portsmouth,,304,0102-0025-0000,178,59,,57,178-32901,8,CamaID: 0102-0025-0000,41 PICKERING AVE,487531,08178-0102-0025-0000,0102-0025-0000,505.961082493879,57,181416,10955.6822733622
Portsmouth,,302,0220-0003-0000,178,57,,33,178-35406,8,CamaID: 0220-0003-0000,417 WOODBURY AVE,487532,08178-0220-0003-0000,0220-0003-0000,1168.48983580477,33,181417,86616.8676477981
Portsmouth,,129,0220-0020-0000,178,25,,11,178-29432,8,CamaID: 0220-0020-0000,47 EDMOND AVE,487533,08178-0220-0020-0000,0220-0020-0000,408.100149275455,11,181418,10825.3418040832
Portsmouth,,129,0220-0084-0000,178,25,,11,178-29492,8,CamaID: 0220-0084-0000,90 EDMOND AVE,487534,08178-0220-0084-0000,0220-0084-0000,591.505805925273,11,181419,15356.0407339412
Portsmouth,,201,0105-0004-0000,178,31,,14,178-52846,8,CamaID: 0105-0004-0004,10 STATE ST #D,487535,08178-0105-0004-0000,0105-0004-0004,497.149615306228,14,181420,10797.2363799896
Portsmouth,,129,0220-0054-0000,178,25,,11,178-29466,8,CamaID: 0220-0054-0000,107 EDMOND AVE,487536,08178-0220-0054-0000,0220-0054-0000,493.490022427171,11,181421,14161.7114349505
Portsmouth,,129,0220-0023-0000,178,25,,11,178-29435,8,CamaID: 0220-0023-0000,75 RUBY RD,487537,08178-0220-0023-0000,0220-0023-0000,413.657882668925,11,181422,10551.8987055601
Portsmouth,,305,0106-0007-0000,178,60,,57,178-37956,8,CamaID: 0106-0007-0000,76-82 BOW ST,487538,08178-0106-0007-0000,0106-0007-0000,453.648762156909,57,181423,9835.63591977526
Portsmouth,,129,0220-0049-0000,178,25,,11,178-29461,8,CamaID: 0220-0049-0000,76 RUBY RD,487539,08178-0220-0049-0000,0220-0049-0000,389.876331274348,11,181424,9963.57101120462
Portsmouth,,129,0220-0048-0000,178,25,,11,178-29460,8,CamaID: 0220-0048-0000,81 SAPPHIRE ST,487540,08178-0220-0048-0000,0220-0048-0000,391.001643912909,11,181425,10027.8435467033
Portsmouth,,129,0220-0025-0000,178,25,,11,178-29437,8,CamaID: 0220-0025-0000,9 DIAMOND DR,487541,08178-0220-0025-0000,0220-0025-0000,440.928502848383,11,181426,11474.8038742737
Portsmouth,,129,0234-0007-005C,178,25,,11,178-30556,8,CamaID: 0234-0007-005C,94 COAKLEY RD,487542,08178-0234-0007-005C,0234-0007-005C,665.52878872075,11,181427,25463.7685579363
Portsmouth,,129,0217-0002-000B,178,25,,27,178-54241,8,CamaID: 0217-0002-000B,MARKET ST,487543,08178-0217-0002-000B,0217-0002-000B,557.272064572407,27,181428,7834.29653241648
Portsmouth,,119,0218-0053-0000,178,18,,11,178-29298,8,CamaID: 0218-0053-0000,6 SHEARWATER DR,487544,08178-0218-0053-0000,0218-0053-0000,441.532259911066,11,181429,8911.09667702851
Portsmouth,,119,0218-0051-0000,178,18,,11,178-29296,8,CamaID: 0218-0051-0000,4 BLUE HERON DR,487545,08178-0218-0051-0000,0218-0051-0000,360.31565891507,11,181430,7942.76169182143
Portsmouth,,208,0106-0056-0000,178,38,,14,178-33119,8,CamaID: 0106-0056-0001,113 BOW ST #1,487546,08178-0106-0056-0000,0106-0056-0001,458.455452843847,14,181431,13115.9370611668
Portsmouth,,129,0237-0048-0000,178,25,,11,178-30677,8,CamaID: 0237-0048-0000,155 WOODLAWN CIR,487547,08178-0237-0048-0000,0237-0048-0000,397.10725611705,11,181432,9506.31249202213
Portsmouth,,129,0237-0050-0000,178,25,,11,178-30679,8,CamaID: 0237-0050-0000,175 WOODLAWN CIR,487548,08178-0237-0050-0000,0237-0050-0000,461.409180196388,11,181433,11724.1544092758
Portsmouth,,129,0237-0005-0000,178,25,,11,178-30636,8,CamaID: 0237-0005-0000,103 WOODLAWN CIR,487549,08178-0237-0005-0000,0237-0005-0000,441.542680007775,11,181434,11054.7584306539
Portsmouth,,129,0237-0003-0000,178,25,,11,178-30634,8,CamaID: 0237-0003-0000,91 WOODLAWN CIR,487550,08178-0237-0003-0000,0237-0003-0000,399.719779038707,11,181435,9337.47236571697
Portsmouth,,129,0237-0045-0000,178,25,,11,178-30674,8,CamaID: 0237-0045-0000,140 WOODLAWN CIR,487551,08178-0237-0045-0000,0237-0045-0000,380.284165650443,11,181436,8542.98546694701
Portsmouth,,129,0237-0046-0000,178,25,,11,178-30675,8,CamaID: 0237-0046-0000,124 WOODLAWN CIR,487552,08178-0237-0046-0000,0237-0046-0000,399.732726419793,11,181437,9412.87718426301
Portsmouth,,129,0237-0007-0000,178,25,,11,178-30637,8,CamaID: 0237-0007-0000,96 WOODLAWN CIR,487553,08178-0237-0007-0000,0237-0007-0000,453.8949333501,11,181438,12124.3556942298
Portsmouth,,129,0237-0008-0000,178,25,,11,178-30638,8,CamaID: 0237-0008-0000,80 WOODLAWN CIR,487554,08178-0237-0008-0000,0237-0008-0000,530.488823706907,11,181439,16987.5839885636
Portsmouth,,129,0237-0009-0000,178,25,,11,178-30639,8,CamaID: 0237-0009-0000,1010 WOODBURY AVE,487555,08178-0237-0009-0000,0237-0009-0000,675.712294597841,11,181440,22850.0168474974
Portsmouth,,304,0219-0030-0000,178,59,,27,178-35398,8,CamaID: 0219-0030-0000,WOODBURY AVE,487556,08178-0219-0030-0000,0219-0030-0000,335.622154097483,27,181441,6408.61405561297
Portsmouth,,129,0237-0025-0000,178,25,,11,178-30655,8,CamaID: 0237-0025-0000,90 HILLCREST DR,487557,08178-0237-0025-0000,0237-0025-0000,468.205505475635,11,181442,11765.2247092859
Portsmouth,,129,0237-0035-0000,178,25,,11,178-30665,8,CamaID: 0237-0035-0000,105 HILLCREST DR,487558,08178-0237-0035-0000,0237-0035-0000,688.740266844552,11,181443,28293.8150632207
Portsmouth,,129,0237-0024-0000,178,25,,11,178-30654,8,CamaID: 0237-0024-0000,100 HILLCREST DR,487559,08178-0237-0024-0000,0237-0024-0000,419.469931579482,11,181444,9976.33229363836
Portsmouth,,130,0212-0017-0000,178,26,,11,178-28853,8,CamaID: 0212-0017-0000,648 KEARSARGE WAY,487560,08178-0212-0017-0000,0212-0017-0000,281.402767901666,11,181445,4819.85403271929
Portsmouth,,131,0161-0013-0000,178,27,,11,178-34999,8,CamaID: 0161-0013-0000,340 THORNTON ST,487561,08178-0161-0013-0000,0161-0013-0000,317.500774397298,11,181446,5484.91828353419
Portsmouth,,301,0296-0012-0000,178,56,,27,178-36005,8,CamaID: 0296-0012-0000,LAFAYETTE RD,487562,08178-0296-0012-0000,0296-0012-0000,1236.13666154278,27,181447,94484.2898743386
Portsmouth,,115,0270-0015-0000,178,15,,11,178-31691,8,CamaID: 0270-0015-0000,370 FW HARTFORD DR,487563,08178-0270-0015-0000,0270-0015-0000,859.461342139415,11,181448,38257.1131464543
Portsmouth,,115,0270-0032-0000,178,15,,11,178-31706,8,CamaID: 0270-0032-0000,210 FW HARTFORD DR,487564,08178-0270-0032-0000,0270-0032-0000,799.212265240511,11,181449,30283.0222610941
Portsmouth,,115,0270-0014-0000,178,15,,11,178-31690,8,CamaID: 0270-0014-0000,375 FW HARTFORD DR,487565,08178-0270-0014-0000,0270-0014-0000,812.817969261471,11,181450,30617.4083381104
Portsmouth,,206,0148-0015-0000,178,36,,14,178-54061,8,CamaID: 0148-0015-0001,604 LINCOLN AVE #1,487566,08178-0148-0015-0000,0148-0015-0001,298.521772625868,14,181451,5280.67645372315
Portsmouth,,118,0293-0005-0002,178,17,,11,178-32737,8,CamaID: 0293-0005-0002,379 OCEAN RD,487567,08178-0293-0005-0002,0293-0005-0002,1157.59110548172,11,181452,53657.0088159438
Portsmouth,70,102,0110-0012-0000,178,3,,11,178-33232,8,CamaID: 0110-0012-0000,33 JOHNSON CT,487568,08178-0110-0012-0000,0110-0012-0000,722.620446698338,11-70,181453,23151.2646119207
Portsmouth,,105,0137-0016-0000,178,7,,12,178-34132,8,CamaID: 0137-0016-0000,188 SUMMER ST,487569,08178-0137-0016-0000,0137-0016-0000,308.796454427901,12,181454,5377.94896153706
Portsmouth,,131,0161-0021-0000,178,27,,12,178-35007,8,CamaID: 0161-0021-0000,413 BARTLETT ST,487570,08178-0161-0021-0000,0161-0021-0000,222.691180471026,12,181455,2979.13456097042
Portsmouth,,131,0161-0046-0000,178,27,,12,178-51465,8,CamaID: 0161-0046-0000,677  DENNETT ST,487571,08178-0161-0046-0000,0161-0046-0000,666.780057586477,12,181456,26418.9769268134
Portsmouth,,131,0161-0033-0000,178,27,,11,178-35019,8,CamaID: 0161-0033-0000,443 BARTLETT ST,487572,08178-0161-0033-0000,0161-0033-0000,476.6086948705,11,181457,10820.5621414912
Portsmouth,,201,0116-0032-0000,178,31,,14,178-54563,8,CamaID: 0116-0032-0001,232 COURT ST #1,487573,08178-0116-0032-0000,0116-0032-0001,248.518153449383,14,181458,3595.7212179621
Portsmouth,,302,0220-0001-0000,178,57,,33,178-35404,8,CamaID: 0220-0001-0000,383 WOODBURY AVE,487574,08178-0220-0001-0000,0220-0001-0000,737.112567208691,33,181459,29915.674607009
Portsmouth,,131,0161-0038-0000,178,27,,11,178-35024,8,CamaID: 0161-0038-0000,571 DENNETT ST,487575,08178-0161-0038-0000,0161-0038-0000,559.760370542719,11,181460,19457.145523821
Portsmouth,,305,0116-0008-0000,178,60,,57,178-37734,8,CamaID: 0116-0008-0000,292 STATE ST,487576,08178-0116-0008-0000,0116-0008-0000,508.949248006419,57,181461,15737.470656664
Portsmouth,,131,0161-0040-0000,178,27,,11,178-35026,8,CamaID: 0161-0040-0000,523 DENNETT ST,487577,08178-0161-0040-0000,0161-0040-0000,274.895691297099,11,181462,4645.90458062604
Portsmouth,,131,0160-0021-0000,178,27,,12,178-34966,8,CamaID: 0160-0021-0000,162 THORNTON ST,487578,08178-0160-0021-0000,0160-0021-0000,262.336192000191,12,181463,4228.14410218656
Portsmouth,,131,0161-0041-0000,178,27,,11,178-35027,8,CamaID: 0161-0041-0000,2 STARK ST,487579,08178-0161-0041-0000,0161-0041-0000,626.804894336263,11,181464,12387.3259525603
Portsmouth,,302,0161-0042-0000,178,57,,33,178-38034,8,CamaID: 0161-0042-0000,786 US ROUTE 1 BYP,487580,08178-0161-0042-0000,0161-0042-0000,653.611527978529,33,181465,21257.3656750575
Portsmouth,,131,0160-0011-0000,178,27,,11,178-34957,8,CamaID: 0160-0011-0000,104 THORNTON ST,487581,08178-0160-0011-0000,0160-0011-0000,231.44649300072,11,181466,3343.10673893214
Portsmouth,,131,0160-0017-0000,178,27,,12,178-34962,8,CamaID: 0160-0017-0000,436 DENNETT ST,487582,08178-0160-0017-0000,0160-0017-0000,419.783968179036,12,181467,7542.59784358309
Portsmouth,,131,0160-0028-0000,178,27,,11,178-34973,8,CamaID: 0160-0028-0000,475 DENNETT ST,487583,08178-0160-0028-0000,0160-0028-0000,329.354511416355,11,181468,6657.81657012176
Portsmouth,,302,0161-0043-0000,178,57,,33,178-37616,8,CamaID: 0161-0043-0000,806 US ROUTE 1 BYP,487584,08178-0161-0043-0000,0161-0043-0000,611.704692388421,33,181469,21657.2406123593
Portsmouth,,305,0106-0011-0000,178,60,,57,178-33090,8,CamaID: 0106-0011-0000,31 MARKET ST,487585,08178-0106-0011-0000,0106-0011-0000,218.283447618107,57,181470,1784.56143788471
Portsmouth,,305,0117-0030-0000,178,60,,57,178-33457,8,CamaID: 0117-0030-0000,40 MARKET ST,487586,08178-0117-0030-0000,0117-0030-0000,124.589565366523,57,181471,917.142764092732
Portsmouth,,305,0106-0029-0000,178,60,,57,178-33094,8,CamaID: 0106-0029-0000,41 MARKET ST,487587,08178-0106-0029-0000,0106-0029-0000,162.164188854371,57,181472,1620.43994651746
Portsmouth,,305,0106-0033-0000,178,60,,33,178-37240,8,CamaID: 0106-0033-0000,106 PENHALLOW ST,487588,08178-0106-0033-0000,0106-0033-0000,142.882860638778,33,181473,1258.48796432376
Portsmouth,,305,0106-0028-0000,178,60,,57,178-37258,8,CamaID: 0106-0028-0000,45 MARKET ST,487589,08178-0106-0028-0000,0106-0028-0000,178.425168418427,57,181474,1482.68646565691
Portsmouth,,305,0117-0031-0000,178,60,,57,178-37350,8,CamaID: 0117-0031-0000,44 MARKET ST,487590,08178-0117-0031-0000,0117-0031-0000,349.700255745034,57,181475,3866.17448414082
Portsmouth,,305,0117-0032-0000,178,60,,57,178-33458,8,CamaID: 0117-0032-0000,48 MARKET ST,487591,08178-0117-0032-0000,0117-0032-0000,167.341668412053,57,181476,1387.44986256746
Portsmouth,,305,0106-0027-0000,178,60,,57,178-37957,8,CamaID: 0106-0027-0000,49 MARKET ST,487592,08178-0106-0027-0000,0106-0027-0000,201.159286036107,57,181477,1426.37833674806
Portsmouth,,305,0117-0033-0000,178,60,,57,178-37349,8,CamaID: 0117-0033-0000,56 MARKET ST,487593,08178-0117-0033-0000,0117-0033-0000,346.35009936351,57,181478,4883.66286455662
Portsmouth,,302,0220-0002-0000,178,57,,57,178-35405,8,CamaID: 0220-0002-0000,1 FRANKLIN DR,487594,08178-0220-0002-0000,0220-0002-0000,3501.782851865,57,181479,536486.778362343
Portsmouth,,131,0161-0031-0000,178,27,,12,178-35017,8,CamaID: 0161-0031-0000,659 DENNETT ST,487595,08178-0161-0031-0000,0161-0031-0000,641.238516248697,12,181480,22852.9575935874
Portsmouth,73,102,0102-0047-0000,178,3,,11,178-32921,8,CamaID: 0102-0047-0000,24 JOHNSON CT,487596,08178-0102-0047-0000,0102-0047-0000,373.652936050192,11-73,181481,8536.00620557567
Portsmouth,,102,0102-0058-0000,178,3,,12,178-32931,8,CamaID: 0102-0058-0000,28 FRANKLIN ST,487597,08178-0102-0058-0000,0102-0058-0000,356.904084785741,12,181482,7495.90533260215
Portsmouth,,305,0106-0026-0000,178,60,,33,178-37235,8,CamaID: 0106-0026-0000,53 MARKET ST,487598,08178-0106-0026-0000,0106-0026-0000,314.75849754691,33,181483,2707.96765046956
Portsmouth,,130,0212-0032-0000,178,26,,11,178-28864,8,CamaID: 0212-0032-0000,121 RALEIGH WAY,487599,08178-0212-0032-0000,0212-0032-0000,288.105995812507,11,181484,4575.61767610779
Portsmouth,,201,0106-0025-0000,178,31,,14,178-37946,8,CamaID: 0106-0025-0003,55C MARKET ST #3,487600,08178-0106-0025-0000,0106-0025-0003,188.799901438643,14,181485,1562.98635616201
Portsmouth,,305,0117-0034-0000,178,60,,57,178-37345,8,CamaID: 0117-0034-0000,60 MARKET ST,487601,08178-0117-0034-0000,0117-0034-0000,230.827949867172,57,181486,1385.76946709818
Portsmouth,,305,0106-0024-0000,178,60,,33,178-37234,8,CamaID: 0106-0024-0000,61 MARKET ST,487602,08178-0106-0024-0000,0106-0024-0000,165.256752221719,33,181487,1504.73079378638
Portsmouth,,305,0117-0035-0000,178,60,,33,178-37681,8,CamaID: 0117-0035-0000,64 MARKET ST,487603,08178-0117-0035-0000,0117-0035-0000,375.884973445018,33,181488,6325.30558771431
Portsmouth,,220,0217-0002-0000,178,49,,14,178-29131,8,CamaID: 0217-0002-0036,87 SPINNAKER WAY #87,487604,08178-0217-0002-0000,0217-0002-0036,1158.39892391732,14,181489,47805.4327871911
Portsmouth,,304,0212-0116-0000,178,59,,44,178-35342,8,CamaID: 0212-0116-0000,RANGER WAY,487605,08178-0212-0116-0000,0212-0116-0000,558.453378244507,44,181490,18586.0078774711
Portsmouth,,304,0212-0115-0000,178,59,,44,178-35341,8,CamaID: 0212-0115-0000,FALKLAND PL,487606,08178-0212-0115-0000,0212-0115-0000,387.480766731015,44,181491,6425.63119150635
Portsmouth,,304,0212-0114-0000,178,59,,27,178-35340,8,CamaID: 0212-0114-0000,KEARSARGE WAY,487607,08178-0212-0114-0000,0212-0114-0000,558.917735974944,27,181492,19906.5408389285
Portsmouth,,301,0211-0005-0000,178,56,,34,178-35334,8,CamaID: 0211-0005-0000,20 RANGER WAY,487608,08178-0211-0005-0000,0211-0005-0000,2669.77822689916,34,181493,224759.33617517
Portsmouth,,130,0212-0122-0000,178,26,,27,178-28996,8,CamaID: 0212-0122-0000,LAUREL COURT,487609,08178-0212-0122-0000,0212-0122-0000,2109.76093612978,27,181494,54857.0483554819
Portsmouth,,130,0212-0029-0000,178,26,,11,178-28861,8,CamaID: 0212-0029-0000,593 KEARSARGE WAY,487610,08178-0212-0029-0000,0212-0029-0000,205.807336501339,11,181495,2043.96628184297
Portsmouth,,130,0212-0038-0000,178,26,,19,178-28869,8,CamaID: 0212-0038-0000,FALKLAND WAY,487611,08178-0212-0038-0000,0212-0038-0000,171.867913771904,19,181496,1522.9308299729
Portsmouth,,119,0213-0005-0000,178,18,,11,178-29292,8,CamaID: 0213-0005-0000,13 DUNLIN WAY,487612,08178-0213-0005-0000,0213-0005-0000,543.739812819938,11,181497,18562.7477029699
Portsmouth,,301,0211-0008-0000,178,56,,60,178-35336,8,CamaID: 0211-0008-0000,50 PREBLE WAY,487613,08178-0211-0008-0000,0211-0008-0000,1246.40232939224,60,181498,101074.758099732
Portsmouth,,130,0212-0030-0000,178,26,,11,178-28862,8,CamaID: 0212-0030-0000,101 RALEIGH WAY,487614,08178-0212-0030-0000,0212-0030-0000,293.357941390198,11,181499,4912.16798642415
Portsmouth,,130,0212-0015-0000,178,26,,11,178-28851,8,CamaID: 0212-0015-0000,47 CONCORD WAY,487615,08178-0212-0015-0000,0212-0015-0000,239.434945771233,11,181500,3153.96076355708
Portsmouth,,130,0212-0016-0000,178,26,,11,178-28852,8,CamaID: 0212-0016-0000,55 CONCORD WAY,487616,08178-0212-0016-0000,0212-0016-0000,346.491440530052,11,181501,7100.56821183195
Portsmouth,,103B,0129-0021-0000,178,5,,11,178-33718,8,CamaID: 0129-0021-0000,45 MILLER AVE,487617,08178-0129-0021-0000,0129-0021-0000,372.011066064496,11,181502,7357.24495850138
Portsmouth,,304,0129-0022-0000,178,59,,57,178-33719,8,CamaID: 0129-0022-0000,55 MILLER AVE,487618,08178-0129-0022-0000,0129-0022-0000,369.081047709474,57,181503,7124.62909544594
Portsmouth,,103B,0129-0023-0000,178,5,,11,178-33720,8,CamaID: 0129-0023-0000,67 MILLER AVE,487619,08178-0129-0023-0000,0129-0023-0000,370.550710339704,11,181504,7186.18013876797
Portsmouth,,304,0129-0024-0000,178,59,,27,178-37762,8,CamaID: 0129-0024-0000,MILLER AVE,487620,08178-0129-0024-0000,0129-0024-0000,381.822757117098,27,181505,7881.28067140353
Portsmouth,,304,0129-0025-0000,178,59,,57,178-37764,8,CamaID: 0129-0025-0000,129 MILLER AVE,487621,08178-0129-0025-0000,0129-0025-0000,723.910702767545,57,181506,32639.798188466
Portsmouth,,103B,0129-0026-0000,178,5,,11,178-33721,8,CamaID: 0129-0026-0000,133 MILLER AVE,487622,08178-0129-0026-0000,0129-0026-0000,501.928079955198,11,181507,15117.4026624515
Portsmouth,,103B,0129-0011-0000,178,5,,11,178-33711,8,CamaID: 0129-0011-0000,65 BROAD ST,487623,08178-0129-0011-0000,0129-0011-0000,482.028628528222,11,181508,11764.6295540906
Portsmouth,70,131,0158-0001-0000,178,27,,11,178-34883,8,CamaID: 0158-0001-0000,210 CLINTON ST,487624,08178-0158-0001-0000,0158-0001-0000,668.974209609045,11-70,181509,22582.3123639801
Portsmouth,70,131,0159-0010-0000,178,27,,11,178-34905,8,CamaID: 0159-0010-0000,179 BURKITT ST,487625,08178-0159-0010-0000,0159-0010-0000,509.142966678746,11-70,181510,14213.8596995244
Portsmouth,,131,0159-0043-0000,178,27,,11,178-34938,8,CamaID: 0159-0043-0000,151 STARK ST,487626,08178-0159-0043-0000,0159-0043-0000,510.572986312157,11,181511,15559.4323622022
Portsmouth,,131,0159-0042-0000,178,27,,11,178-34937,8,CamaID: 0159-0042-0000,145 STARK ST,487627,08178-0159-0042-0000,0159-0042-0000,388.25110694669,11,181512,6170.23760347099
Portsmouth,,305A,0164-0004-0002,178,61,,33,178-53630,8,CamaID: 0164-0004-0002,105 BARTLETT ST,487628,08178-0164-0004-0002,0164-0004-0002,3875.28713224574,33,181513,240591.623359616
Portsmouth,,130,0212-0039-0001,178,26,,11,178-38765,8,CamaID: 0212-0039-0001,623 KEARSARGE WAY,487629,08178-0212-0039-0001,0212-0039-0001,206.590342527308,11,181514,2121.68347597685
Portsmouth,,130,0212-0050-0001,178,26,,11,178-38781,8,CamaID: 0212-0050-0001,114 RALEIGH WAY,487630,08178-0212-0050-0001,0212-0050-0001,245.708658087872,11,181515,2431.08396357766
Portsmouth,,130,0212-0051-0001,178,26,,11,178-54063,8,CamaID: 0212-0051-0001,104 RALEIGH WAY,487631,08178-0212-0051-0001,0212-0051-0001,247.278089868025,11,181516,2541.3585256533
Portsmouth,,118,0292-0155-0000,178,17,,11,178-32614,8,CamaID: 0292-0155-0000,135 OCEAN RD,487632,08178-0292-0155-0000,0292-0155-0000,337.795888854271,11,181517,7158.09553805467
Portsmouth,,118,0292-0113-0000,178,17,,11,178-32575,8,CamaID: 0292-0113-0000,163 OCEAN RD,487633,08178-0292-0113-0000,0292-0113-0000,592.636248545292,11,181518,21181.9365401609
Portsmouth,,130,0212-0042-0000,178,26,,11,178-28873,8,CamaID: 0212-0042-0000,115 CONCORD WAY,487634,08178-0212-0042-0000,0212-0042-0000,249.000708717193,11,181519,2808.52038229884
Portsmouth,,130,0212-0042-0001,178,26,,11,178-38461,8,CamaID: 0212-0042-0001,117 CONCORD WAY,487635,08178-0212-0042-0001,0212-0042-0001,241.061606198356,11,181520,2652.34818831724
Portsmouth,,131,0162-0020-0000,178,27,,11,178-35049,8,CamaID: 0162-0020-0000,14 PINE ST,487636,08178-0162-0020-0000,0162-0020-0000,376.335599145157,11,181521,7839.91537242734
Portsmouth,,131,0162-0021-0000,178,27,,11,178-35050,8,CamaID: 0162-0021-0000,30 PINE ST,487637,08178-0162-0021-0000,0162-0021-0000,383.613114564585,11,181522,8239.73191643087
Portsmouth,,103B,0129-0012-0000,178,5,,11,178-33712,8,CamaID: 0129-0012-0000,69 BROAD ST,487638,08178-0129-0012-0000,0129-0012-0000,320.939477775647,11,181523,6073.68031873981
Portsmouth,,103B,0129-0013-0000,178,5,,11,178-33713,8,CamaID: 0129-0013-0000,293 ROCKLAND ST,487639,08178-0129-0013-0000,0129-0013-0000,394.923756842877,11,181524,9747.09606985886
Portsmouth,,103B,0130-0039-0000,178,5,,11,178-33789,8,CamaID: 0130-0039-0000,99 BROAD ST,487640,08178-0130-0039-0000,0130-0039-0000,398.472654944156,11,181525,9923.35633057428
Portsmouth,,103B,0130-0040-0000,178,5,,11,178-33790,8,CamaID: 0130-0040-0000,245 HIGHLAND ST,487641,08178-0130-0040-0000,0130-0040-0000,398.827925500467,11,181526,9939.81051717327
Portsmouth,,103B,0130-0042-0000,178,5,,11,178-33792,8,CamaID: 0130-0042-0000,183 MILLER AVE,487642,08178-0130-0042-0000,0130-0042-0000,433.115607284517,11,181527,11681.5260892771
Portsmouth,,103B,0130-0043-0000,178,5,,12,178-33793,8,CamaID: 0130-0043-0000,197 MILLER AVE,487643,08178-0130-0043-0000,0130-0043-0000,330.402513376404,12,181528,5793.26868888253
Portsmouth,,103B,0130-0044-0000,178,5,,11,178-33794,8,CamaID: 0130-0044-0000,209 MILLER AVE,487644,08178-0130-0044-0000,0130-0044-0000,385.421240299963,11,181529,8874.58745525992
Portsmouth,,304,0130-0045-0000,178,59,,57,178-33795,8,CamaID: 0130-0045-0000,229 MILLER AVE,487645,08178-0130-0045-0000,0130-0045-0000,424.71431382716,57,181530,11172.3449465141
Portsmouth,,103B,0130-0046-0000,178,5,,12,178-33796,8,CamaID: 0130-0046-0000,245 LINCOLN AVE,487646,08178-0130-0046-0000,0130-0046-0000,320.75109191508,12,181531,5936.41029821921
Portsmouth,,103B,0130-0032-0000,178,5,,11,178-33782,8,CamaID: 0130-0032-0000,301 LINCOLN AVE,487647,08178-0130-0032-0000,0130-0032-0000,357.540851062065,11,181532,7847.10042740577
Portsmouth,,103B,0130-0029-0000,178,5,,12,178-33779,8,CamaID: 0130-0029-0000,355 LINCOLN AVE,487648,08178-0130-0029-0000,0130-0029-0000,368.872160151371,12,181533,8408.0185667039
Portsmouth,,103B,0130-0030-0000,178,5,,12,178-33780,8,CamaID: 0130-0030-0000,329 LINCOLN AVE,487649,08178-0130-0030-0000,0130-0030-0000,286.154074688166,12,181534,4630.67346973813
Portsmouth,,103B,0130-0031-0000,178,5,,11,178-33781,8,CamaID: 0130-0031-0000,319 LINCOLN AVE,487650,08178-0130-0031-0000,0130-0031-0000,295.320341326298,11,181535,4903.5491179379
Portsmouth,,103B,0134-0020-0000,178,5,,11,178-33975,8,CamaID: 0134-0020-0000,208 HIGHLAND ST,487651,08178-0134-0020-0000,0134-0020-0000,320.127401338242,11,181536,6017.53220463023
Portsmouth,,103B,0134-0021-0000,178,5,,11,178-33976,8,CamaID: 0134-0021-0000,202 HIGHLAND ST,487652,08178-0134-0021-0000,0134-0021-0000,355.065003411118,11,181537,5272.58584605775
Portsmouth,,103B,0134-0019-0000,178,5,,11,178-33974,8,CamaID: 0134-0019-0000,124 BROAD ST,487653,08178-0134-0019-0000,0134-0019-0000,302.852651023893,11,181538,4550.6017260612
Portsmouth,,103B,0134-0017-0000,178,5,,11,178-33972,8,CamaID: 0134-0017-0000,389 LINCOLN AVE,487654,08178-0134-0017-0000,0134-0017-0000,371.2211203131,11,181539,8446.02651346952
Portsmouth,,103B,0134-0022-0000,178,5,,11,178-33977,8,CamaID: 0134-0022-0000,178 HIGHLAND ST,487655,08178-0134-0022-0000,0134-0022-0000,479.23875348523,11,181540,12784.8365435056
Portsmouth,,103B,0134-0016-0000,178,5,,11,178-33971,8,CamaID: 0134-0016-0000,409 LINCOLN AVE,487656,08178-0134-0016-0000,0134-0016-0000,293.966811649907,11,181541,4922.21176722532
Portsmouth,,103B,0134-0015-0000,178,5,,12,178-33970,8,CamaID: 0134-0015-0000,419 LINCOLN AVE,487657,08178-0134-0015-0000,0134-0015-0000,272.614446527928,12,181542,3914.9899833972
Portsmouth,70,111,0204-0014-0000,178,11,,11,178-28615,8,CamaID: 0204-0014-0000,5 CURRIERS CV,487658,08178-0204-0014-0000,0204-0014-0000,994.136140989938,11-70,181543,51831.3305979623
Portsmouth,,121,0260-0101-0000,178,20,,11,178-31356,8,CamaID: 0260-0101-0000,53 DECATUR RD,487659,08178-0260-0101-0000,0260-0101-0000,351.330794911341,11,181544,7515.51904672482
Portsmouth,,121,0260-0113-0000,178,20,,11,178-31368,8,CamaID: 0260-0113-0000,128 DECATUR RD,487660,08178-0260-0113-0000,0260-0113-0000,400.049116920844,11,181545,9359.00277249537
Portsmouth,,121,0260-0084-0000,178,20,,11,178-31339,8,CamaID: 0260-0084-0000,660 COLONIAL DR,487661,08178-0260-0084-0000,0260-0084-0000,371.595793920595,11,181546,8007.6908011945
Portsmouth,,130,0212-0060-0000,178,26,,11,178-28891,8,CamaID: 0212-0060-0000,116 CONCORD WAY,487662,08178-0212-0060-0000,0212-0060-0000,256.153933134323,11,181547,2589.6941410838
Portsmouth,,130,0212-0100-0001,178,26,,11,178-28987,8,CamaID: 0212-0100-0001,184 RALEIGH WAY,487663,08178-0212-0100-0001,0212-0100-0001,216.591987317194,11,181548,2047.66160973722
Portsmouth,,130,0212-0100-0000,178,26,,11,178-28930,8,CamaID: 0212-0100-0000,182 RALEIGH WAY,487664,08178-0212-0100-0000,0212-0100-0000,217.153980219501,11,181549,2129.69991346841
Portsmouth,,,0259-0014-0001,178,,,,,,,,487665,08178-0259-0014-0001,,2664.7740703302,,181550,319158.112202743
Portsmouth,,121,0260-0112-0000,178,20,,11,178-31367,8,CamaID: 0260-0112-0000,140 DECATUR RD,487666,08178-0260-0112-0000,0260-0112-0000,409.650839667629,11,181551,9526.63567737634
Portsmouth,,121,0260-0102-0000,178,20,,11,178-31357,8,CamaID: 0260-0102-0000,67 DECATUR RD,487667,08178-0260-0102-0000,0260-0102-0000,354.442236171475,11,181552,7500.87170864123
Portsmouth,,121,0260-0081-0000,178,20,,11,178-31336,8,CamaID: 0260-0081-0000,618 COLONIAL DR,487668,08178-0260-0081-0000,0260-0081-0000,366.097879494123,11,181553,7972.40956992696
Portsmouth,,121,0260-0134-0000,178,20,,11,178-31389,8,CamaID: 0260-0134-0000,291 COLONIAL DR,487669,08178-0260-0134-0000,0260-0134-0000,361.070609686592,11,181554,7223.22865400438
Portsmouth,,121,0260-0103-0000,178,20,,11,178-31358,8,CamaID: 0260-0103-0000,81 DECATUR RD,487670,08178-0260-0103-0000,0260-0103-0000,367.678205334618,11,181555,8066.73126815838
Portsmouth,,121,0260-0104-0000,178,20,,11,178-31359,8,CamaID: 0260-0104-0000,95 DECATUR RD,487671,08178-0260-0104-0000,0260-0104-0000,372.122506978648,11,181556,8014.96142928044
Portsmouth,,301,0218-0033-0000,178,56,,23,178-35393,8,CamaID: 0218-0033-0000,MAGNOLIA ST,487672,08178-0218-0033-0000,0218-0033-0000,570.924142250598,23,181557,20240.994755632
Portsmouth,,301,0218-0034-0000,178,56,,23,178-35394,8,CamaID: 0218-0034-0000,KEARSARGE WAY,487673,08178-0218-0034-0000,0218-0034-0000,609.889302973559,23,181558,23025.0310054147
Portsmouth,,128,0218-0002-0000,178,24,,11,178-29260,8,CamaID: 0218-0002-0000,181 KEARSARGE WAY,487674,08178-0218-0002-0000,0218-0002-0000,398.10672439783,11,181559,9978.02101845118
Portsmouth,,128,0218-0003-0000,178,24,,11,178-29261,8,CamaID: 0218-0003-0000,182 BIRCH ST,487675,08178-0218-0003-0000,0218-0003-0000,534.249241515237,11,181560,17416.0107581145
Portsmouth,,128,0218-0037-0000,178,24,,11,178-29284,8,CamaID: 0218-0037-0000,156 KEARSARGE WAY,487676,08178-0218-0037-0000,0218-0037-0000,549.020005974865,11,181561,11168.6661107359
Portsmouth,,128,0218-0036-0000,178,24,,11,178-29283,8,CamaID: 0218-0036-0000,180 KEARSARGE WAY,487677,08178-0218-0036-0000,0218-0036-0000,416.841336454387,11,181562,10356.053991411
Portsmouth,,128,0218-0035-0000,178,24,,11,178-29282,8,CamaID: 0218-0035-0000,220 KEARSARGE WAY,487678,08178-0218-0035-0000,0218-0035-0000,515.540663854762,11,181563,13266.2395445588
Portsmouth,,128,0218-0011-0000,178,24,,11,178-29269,8,CamaID: 0218-0011-0000,11 OAK ST,487679,08178-0218-0011-0000,0218-0011-0000,414.89163503533,11,181564,10089.145733402
Portsmouth,,128,0218-0027-0000,178,24,,11,178-29280,8,CamaID: 0218-0027-0000,322 KEARSARGE WAY,487680,08178-0218-0027-0000,0218-0027-0000,653.362206041454,11,181565,26486.2546065979
Portsmouth,,128,0218-0018-0000,178,24,,11,178-29276,8,CamaID: 0218-0018-0000,333 KEARSARGE WAY,487681,08178-0218-0018-0000,0218-0018-0000,524.770892048514,11,181566,15864.2630073925
Portsmouth,,301,0218-0025-0000,178,56,,23,178-35388,8,CamaID: 0218-0025-0000,MAGNOLIA ST,487682,08178-0218-0025-0000,0218-0025-0000,671.326990774645,23,181567,28098.7066894531
Portsmouth,,301,0218-0028-0000,178,56,,23,178-35389,8,CamaID: 0218-0028-0000,MAGNOLIA ST,487683,08178-0218-0028-0000,0218-0028-0000,550.763208412209,23,181568,18513.9827934068
Portsmouth,,301,0218-0029-0000,178,56,,23,178-35390,8,CamaID: 0218-0029-0000,MAGNOLIA ST,487684,08178-0218-0029-0000,0218-0029-0000,501.021287434411,23,181569,6181.53470278053
Portsmouth,,128,0218-0005-0000,178,24,,11,178-29263,8,CamaID: 0218-0005-0000,201 KEARSARGE WAY,487685,08178-0218-0005-0000,0218-0005-0000,868.763141683939,11,181570,47084.294277817
Portsmouth,,204,0134-0014-0000,178,34,,14,178-37201,8,CamaID: 0134-0014-0001,433 LINCOLN AVE #1,487686,08178-0134-0014-0000,0134-0014-0001,347.99777429477,14,181571,7489.73274655746
Portsmouth,,103B,0134-0012-0000,178,5,,11,178-33967,8,CamaID: 0134-0012-0000,443 UNION ST,487687,08178-0134-0012-0000,0134-0012-0000,322.02944715003,11,181572,6038.89977973359
Portsmouth,,103B,0134-0011-0000,178,5,,11,178-33966,8,CamaID: 0134-0011-0000,433 UNION ST,487688,08178-0134-0011-0000,0134-0011-0000,303.955432052523,11,181573,5082.73299730853
Portsmouth,,103B,0134-0013-0000,178,5,,11,178-33968,8,CamaID: 0134-0013-0000,443 LINCOLN AVE,487689,08178-0134-0013-0000,0134-0013-0000,317.9877220755,11,181574,5265.35089853422
Portsmouth,,206,0134-0010-0000,178,36,,14,178-52886,8,CamaID: 0134-0010-0003,425 UNION ST #3,487690,08178-0134-0010-0000,0134-0010-0003,393.355753754436,14,181575,7355.50207195183
Portsmouth,,103B,0134-0009-0000,178,5,,11,178-33964,8,CamaID: 0134-0009-0000,415 UNION ST,487691,08178-0134-0009-0000,0134-0009-0000,384.448612008967,11,181576,7236.8346993282
Portsmouth,,103B,0134-0007-0000,178,5,,11,178-33962,8,CamaID: 0134-0007-0000,393 UNION ST,487692,08178-0134-0007-0000,0134-0007-0000,360.160449478856,11,181577,6531.29816237583
Portsmouth,,103B,0134-0006-0000,178,5,,11,178-33961,8,CamaID: 0134-0006-0000,383 UNION ST,487693,08178-0134-0006-0000,0134-0006-0000,350.364823592439,11,181578,6327.3473355703
Portsmouth,,103B,0136-0043-0000,178,5,,11,178-38783,8,CamaID: 0136-0043-0000,35 MERRIMAC ST,487694,08178-0136-0043-0000,0136-0043-0000,458.082467964626,11,181579,12473.5891783131
Portsmouth,,103B,0135-0008-0000,178,5,,11,178-34019,8,CamaID: 0135-0008-0000,75 MERRIMAC ST,487695,08178-0135-0008-0000,0135-0008-0000,359.156333837261,11,181580,6919.40115859368
Portsmouth,,204,0135-0007-0000,178,34,,14,178-34082,8,CamaID: 0135-0007-0003,77 MERRIMAC ST #3,487696,08178-0135-0007-0000,0135-0007-0003,725.732230960185,14,181581,26934.7205505505
Portsmouth,,105,0136-0041-0000,178,7,,11,178-34118,8,CamaID: 0136-0041-0000,33 CABOT ST,487697,08178-0136-0041-0000,0136-0041-0000,227.202226103646,11,181582,3150.887018925
Portsmouth,,103B,0134-0031-0000,178,5,,11,178-33984,8,CamaID: 0134-0031-0000,39 CHAUNCEY ST,487698,08178-0134-0031-0000,0134-0031-0000,235.577239164522,11,181583,3296.0989228441
Portsmouth,,103B,0128-0004-0000,178,5,,11,178-33695,8,CamaID: 0128-0004-0000,51 RICHARDS AVE,487699,08178-0128-0004-0000,0128-0004-0000,279.578664136206,11,181584,4772.365902012
Portsmouth,,103B,0128-0005-0000,178,5,,11,178-37221,8,CamaID: 0128-0005-0000,69 RICHARDS AVE,487700,08178-0128-0005-0000,0128-0005-0000,363.076952664514,11,181585,8123.12723198374
Portsmouth,,304,0136-0009-0000,178,59,,33,178-34092,8,CamaID: 0136-0009-0000,266 MIDDLE ST,487701,08178-0136-0009-0000,0136-0009-0000,334.991611530482,33,181586,6943.70733842506
Portsmouth,,105,0127-0026-0000,178,7,,11,178-33690,8,CamaID: 0127-0026-0000,53 AUSTIN ST,487702,08178-0127-0026-0000,0127-0026-0000,528.044061649999,11,181587,17608.5791527317
Portsmouth,,105,0135-0055-0000,178,7,,12,178-34063,8,CamaID: 0135-0055-0000,45 COFFINS CT,487703,08178-0135-0055-0000,0135-0055-0000,134.80870420733,12,181588,1098.93955683887
Portsmouth,,105,0135-0056-0000,178,7,,11,178-34064,8,CamaID: 0135-0056-0000,37 COFFINS CT,487704,08178-0135-0056-0000,0135-0056-0000,210.060386456925,11,181589,2195.64224302619
Portsmouth,,105,0136-0034-0000,178,7,,12,178-34112,8,CamaID: 0136-0034-0000,83 CABOT ST,487705,08178-0136-0034-0000,0136-0034-0000,369.949259274043,12,181590,6763.48711124771
Portsmouth,,105,0136-0033-0000,178,7,,11,178-34111,8,CamaID: 0136-0033-0000,87 CABOT ST,487706,08178-0136-0033-0000,0136-0033-0000,221.997558062662,11,181591,2773.34324732683
Portsmouth,,204,0136-0035-0000,178,34,,14,178-38307,8,CamaID: 0136-0035-0001,67 CABOT ST #1,487707,08178-0136-0035-0000,0136-0035-0001,356.896057528107,14,181592,5940.59971824773
Portsmouth,,105,0146-0015-0000,178,7,,11,178-34496,8,CamaID: 0146-0015-0000,39 LOVELL ST,487708,08178-0146-0015-0000,0146-0015-0000,321.686298772333,11,181593,4834.1057108907
Portsmouth,,105,0145-0058-0000,178,7,,11,178-34420,8,CamaID: 0145-0058-0000,287 AUSTIN ST,487709,08178-0145-0058-0000,0145-0058-0000,177.766512187901,11,181594,1947.82393350027
Portsmouth,,105,0145-0057-0000,178,7,,11,178-34419,8,CamaID: 0145-0057-0000,293 AUSTIN ST,487710,08178-0145-0057-0000,0145-0057-0000,213.1429656095,11,181595,2114.58565466345
Portsmouth,,121,0260-0024-0000,178,20,,11,178-31279,8,CamaID: 0260-0024-0000,627 COLONIAL DR,487711,08178-0260-0024-0000,0260-0024-0000,381.934238196446,11,181596,8514.08075853532
Portsmouth,,121,0260-0135-0000,178,20,,11,178-31390,8,CamaID: 0260-0135-0000,303 COLONIAL DR,487712,08178-0260-0135-0000,0260-0135-0000,341.229773464667,11,181597,6709.4565722739
Portsmouth,,121,0260-0079-0000,178,20,,11,178-31334,8,CamaID: 0260-0079-0000,594 COLONIAL DR,487713,08178-0260-0079-0000,0260-0079-0000,355.495596872791,11,181598,7404.62062360588
Portsmouth,,121,0260-0022-0000,178,20,,11,178-31277,8,CamaID: 0260-0022-0000,19 HALL CT,487714,08178-0260-0022-0000,0260-0022-0000,361.166587756301,11,181599,7444.35013278361
Portsmouth,,121,0260-0107-0000,178,20,,11,178-31362,8,CamaID: 0260-0107-0000,137 DECATUR RD,487715,08178-0260-0107-0000,0260-0107-0000,374.560895719715,11,181600,8367.1588796698
Portsmouth,,123,0233-0041-0000,178,21,,11,178-30408,8,CamaID: 0233-0041-0000,35 HAMPSHIRE RD,487716,08178-0233-0041-0000,0233-0041-0000,420.342586700257,11,181601,10181.5372807255
Portsmouth,,123,0233-0052-0000,178,21,,11,178-30418,8,CamaID: 0233-0052-0000,24 SHEFFIELD RD,487717,08178-0233-0052-0000,0233-0052-0000,373.583057706651,11,181602,8552.97209557613
Portsmouth,,121,0260-0138-0000,178,20,,11,178-31393,8,CamaID: 0260-0138-0000,328 COLONIAL DR,487718,08178-0260-0138-0000,0260-0138-0000,340.978550510819,11,181603,6433.15260071399
Portsmouth,,121,0260-0027-0000,178,20,,11,178-31282,8,CamaID: 0260-0027-0000,595 COLONIAL DR,487719,08178-0260-0027-0000,0260-0027-0000,319.978780310505,11,181604,6019.92023867929
Portsmouth,,121,0260-0028-0000,178,20,,11,178-31283,8,CamaID: 0260-0028-0000,581 COLONIAL DR,487720,08178-0260-0028-0000,0260-0028-0000,552.132379634261,11,181605,10469.0649070421
Portsmouth,,121,0260-0078-0000,178,20,,11,178-31333,8,CamaID: 0260-0078-0000,584 COLONIAL DR,487721,08178-0260-0078-0000,0260-0078-0000,379.818055559091,11,181606,8465.70641957426
Portsmouth,,123,0233-0023-0000,178,21,,11,178-30390,8,CamaID: 0233-0023-0000,23 SHEFFIELD RD,487722,08178-0233-0023-0000,0233-0023-0000,347.166489174205,11,181607,7926.2462861528
Portsmouth,,130,0212-0083-0000,178,26,,11,178-28914,8,CamaID: 0212-0083-0000,169 CONCORD WAY,487723,08178-0212-0083-0000,0212-0083-0000,288.561432332591,11,181608,4975.92255168279
Portsmouth,,130,0212-0084-0000,178,26,,11,178-28915,8,CamaID: 0212-0084-0000,177 CONCORD WAY,487724,08178-0212-0084-0000,0212-0084-0000,266.689790655091,11,181609,4223.91340446308
Portsmouth,,130,0212-0085-0000,178,26,,11,178-28916,8,CamaID: 0212-0085-0000,187 CONCORD WAY,487725,08178-0212-0085-0000,0212-0085-0000,211.825863399616,11,181610,2030.78478585945
Portsmouth,,121,0260-0067-0000,178,20,,11,178-31322,8,CamaID: 0260-0067-0000,57 MASON AVE,487726,08178-0260-0067-0000,0260-0067-0000,378.198537718633,11,181611,8601.52815210356
Portsmouth,,121,0261-0055-0000,178,20,,11,178-31475,8,CamaID: 0261-0055-0000,176 HOLLY LN,487727,08178-0261-0055-0000,0261-0055-0000,469.819763980057,11,181612,11517.2515908431
Portsmouth,,121,0260-0031-0000,178,20,,11,178-31286,8,CamaID: 0260-0031-0000,533 COLONIAL DR,487728,08178-0260-0031-0000,0260-0031-0000,359.133890090185,11,181613,7798.89161842235
Portsmouth,,121,0261-0065-0000,178,20,,11,178-31485,8,CamaID: 0261-0065-0000,77 HOLLY LN,487729,08178-0261-0065-0000,0261-0065-0000,386.557359636646,11,181614,8873.06771967747
Portsmouth,,121,0260-0062-0000,178,20,,11,178-31317,8,CamaID: 0260-0062-0000,520 COLONIAL DR,487730,08178-0260-0062-0000,0260-0062-0000,330.050497189104,11,181615,6162.67626997296
Portsmouth,,105,0145-0056-0000,178,7,,11,178-34418,8,CamaID: 0145-0056-0000,297 AUSTIN ST,487731,08178-0145-0056-0000,0145-0056-0000,209.417561657064,11,181616,2402.07711514076
Portsmouth,,105,0145-0072-0000,178,7,,11,178-34432,8,CamaID: 0145-0072-0000,245 AUSTIN ST,487732,08178-0145-0072-0000,0145-0072-0000,197.380528109268,11,181617,1800.59657936679
Portsmouth,,105,0145-0009-0000,178,7,,11,178-34378,8,CamaID: 0145-0009-0000,837 STATE ST,487733,08178-0145-0009-0000,0145-0009-0000,194.051095082664,11,181618,1892.62515574517
Portsmouth,,304,0145-0073-0000,178,59,,57,178-34433,8,CamaID: 0145-0073-0000,235 AUSTIN ST,487734,08178-0145-0073-0000,0145-0073-0000,409.114110100113,57,181619,7619.99175642459
Portsmouth,,105,0145-0070-0000,178,7,,11,178-34430,8,CamaID: 0145-0070-0000,119 UNION ST,487735,08178-0145-0070-0000,0145-0070-0000,340.363045267821,11,181620,6621.09949105472
Portsmouth,,105,0145-0069-0000,178,7,,11,178-34429,8,CamaID: 0145-0069-0000,115 UNION ST,487736,08178-0145-0069-0000,0145-0069-0000,363.111263086556,11,181621,4693.69923217799
Portsmouth,,204,0145-0068-0000,178,34,,14,178-34473,8,CamaID: 0145-0068-0001,107 UNION ST #1,487737,08178-0145-0068-0000,0145-0068-0001,399.500710755027,14,181622,7453.62752499311
Portsmouth,,105,0145-0067-0000,178,7,,12,178-34428,8,CamaID: 0145-0067-0000,93 UNION ST,487738,08178-0145-0067-0000,0145-0067-0000,398.441841003526,12,181623,7405.77205697774
Portsmouth,,105,0145-0066-0000,178,7,,12,178-34427,8,CamaID: 0145-0066-0000,87 UNION ST,487739,08178-0145-0066-0000,0145-0066-0000,304.941647295065,12,181624,4987.51522015111
Portsmouth,,105,0145-0075-0000,178,7,,12,178-34435,8,CamaID: 0145-0075-0000,217 AUSTIN ST,487740,08178-0145-0075-0000,0145-0075-0000,194.381759772721,12,181625,2170.44116647999
Portsmouth,,105,0145-0074-0000,178,7,,12,178-34434,8,CamaID: 0145-0074-0000,223 AUSTIN ST,487741,08178-0145-0074-0000,0145-0074-0000,201.659108246766,12,181626,2538.36260471798
Portsmouth,,105,0156-0019-0000,178,7,,12,178-34862,8,CamaID: 0156-0019-0000,21 COLUMBIA CT,487742,08178-0156-0019-0000,0156-0019-0000,328.020328130242,12,181627,5467.65216798913
Portsmouth,,304,0145-0043-0000,178,59,,13,178-34407,8,CamaID: 0145-0043-0000,53 COLUMBIA ST,487743,08178-0145-0043-0000,0145-0043-0000,314.907103289119,13,181628,5264.20904732627
Portsmouth,,304,0145-0027-0000,178,59,,57,178-34394,8,CamaID: 0145-0027-0000,879 STATE ST,487744,08178-0145-0027-0000,0145-0027-0000,277.727963030398,57,181629,4153.9467366206
Portsmouth,,105,0145-0026-0000,178,7,,12,178-34393,8,CamaID: 0145-0026-0000,885 STATE ST,487745,08178-0145-0026-0000,0145-0026-0000,258.454832083691,12,181630,3946.58768596084
Portsmouth,,304,0145-0010-0000,178,59,,57,178-34379,8,CamaID: 0145-0010-0000,827 STATE ST,487746,08178-0145-0010-0000,0145-0010-0000,384.678251559733,57,181631,7983.28604773086
Portsmouth,,105,0145-0011-0000,178,7,,11,178-34380,8,CamaID: 0145-0011-0000,809 STATE ST,487747,08178-0145-0011-0000,0145-0011-0000,211.197811518654,11,181632,2733.4537587021
Portsmouth,,304,0145-0006-0000,178,59,,57,178-34375,8,CamaID: 0145-0006-0000,767 STATE ST,487748,08178-0145-0006-0000,0145-0006-0000,311.107952275867,57,181633,5423.39066662341
Portsmouth,,105,0137-0013-0000,178,7,,12,178-34129,8,CamaID: 0137-0013-0000,671 STATE ST,487749,08178-0137-0013-0000,0137-0013-0000,299.27750706438,12,181634,4954.37838909819
Portsmouth,,204,0137-0014-0000,178,34,,14,178-38820,8,CamaID: 0137-0014-0001,663 STATE ST #1,487750,08178-0137-0014-0000,0137-0014-0001,306.741686517982,14,181635,4540.32065252299
Portsmouth,,105,0144-0045-0000,178,7,,12,178-34367,8,CamaID: 0144-0045-0000,169 MCDONOUGH ST,487751,08178-0144-0045-0000,0144-0045-0000,235.247554621754,12,181636,3346.77989976829
Portsmouth,,105,0144-0048-0000,178,7,,11,178-34369,8,CamaID: 0144-0048-0000,89 MCDONOUGH ST,487752,08178-0144-0048-0000,0144-0048-0000,144.570629847749,11,181637,1294.60898124143
Portsmouth,,105,0145-0025-0000,178,7,,11,178-34392,8,CamaID: 0145-0025-0000,895 STATE ST,487753,08178-0145-0025-0000,0145-0025-0000,294.087511380013,11,181638,4877.34907685906
Portsmouth,,304,0145-0092-0000,178,59,,57,178-34450,8,CamaID: 0145-0092-0000,171 AUSTIN ST,487754,08178-0145-0092-0000,0145-0092-0000,348.154865559607,57,181639,7078.18321662436
Portsmouth,,105,0139-0003-0000,178,7,,11,178-34212,8,CamaID: 0139-0003-0000,57 MCDONOUGH ST,487755,08178-0139-0003-0000,0139-0003-0000,162.653308875534,11,181640,1542.58640916683
Portsmouth,,105,0139-0004-0000,178,7,,11,178-34213,8,CamaID: 0139-0004-0000,51 MCDONOUGH ST,487756,08178-0139-0004-0000,0139-0004-0000,154.889184256828,11,181641,1483.14671623888
Portsmouth,,304,0137-0032-0000,178,59,,57,178-34141,8,CamaID: 0137-0032-0000,567 STATE ST,487757,08178-0137-0032-0000,0137-0032-0000,345.791253380746,57,181642,5617.94345338504
Portsmouth,,129,0234-0034-0000,178,25,,11,178-30537,8,CamaID: 0234-0034-0000,10 LARRY LN,487758,08178-0234-0034-0000,0234-0034-0000,366.654348295857,11,181643,8727.87231877377
Portsmouth,70,109,0207-0012-0000,178,9,,11,178-28668,8,CamaID: 0207-0012-0000,58 PLEASANT POINT DR,487759,08178-0207-0012-0000,0207-0012-0000,521.221424766961,11-70,181644,15972.848626343
Portsmouth,,130,0212-0094-0000,178,26,,11,178-28925,8,CamaID: 0212-0094-0000,236 RALEIGH WAY,487760,08178-0212-0094-0000,0212-0094-0000,319.61250776642,11,181645,6431.15970328688
Portsmouth,,130,0212-0093-0000,178,26,,11,178-28924,8,CamaID: 0212-0093-0000,247 CRESCENT WAY,487761,08178-0212-0093-0000,0212-0093-0000,323.13481893123,11,181646,6497.79387769906
Portsmouth,,129,0234-0011-0000,178,25,,11,178-30514,8,CamaID: 0234-0011-0000,74 COAKLEY RD,487762,08178-0234-0011-0000,0234-0011-0000,575.066155181015,11,181647,15114.3550467677
Portsmouth,70,109,0207-0024-0000,178,9,,11,178-28679,8,CamaID: 0207-0024-0000,4 MOEBUS TER,487763,08178-0207-0024-0000,0207-0024-0000,580.644139967718,11-70,181648,17846.3442315433
Portsmouth,,204,0134-0054-0000,178,34,,14,178-34014,8,CamaID: 0134-0054-0004,384 UNION ST #4,487764,08178-0134-0054-0000,0134-0054-0004,660.622688933454,14,181649,24771.8310481783
Portsmouth,,103B,0147-0013-0000,178,5,,11,178-34517,8,CamaID: 0147-0013-0000,44 WIBIRD ST,487765,08178-0147-0013-0000,0147-0013-0000,265.970065626575,11,181650,3300.92367798281
Portsmouth,,103B,0134-0055-0000,178,5,,11,178-34005,8,CamaID: 0134-0055-0000,364 UNION ST,487766,08178-0134-0055-0000,0134-0055-0000,332.865348917573,11,181651,5917.41799630905
Portsmouth,,131,0162-0042-0000,178,27,,11,178-35070,8,CamaID: 0162-0042-0000,139 CLINTON ST,487767,08178-0162-0042-0000,0162-0042-0000,376.113589790358,11,181652,7787.7766729347
Portsmouth,,131,0159-0045-0000,178,27,,12,178-34940,8,CamaID: 0159-0045-0000,151 CLINTON ST,487768,08178-0159-0045-0000,0159-0045-0000,293.141236785435,12,181653,5137.07315530736
Portsmouth,,131,0161-0009-0000,178,27,,11,178-34995,8,CamaID: 0161-0009-0000,24 STARK ST,487769,08178-0161-0009-0000,0161-0009-0000,201.300630118702,11,181654,2389.12436470714
Portsmouth,73,109,0207-0018-0000,178,9,,11,178-28674,8,CamaID: 0207-0018-0000,45 PLEASANT POINT DR,487770,08178-0207-0018-0000,0207-0018-0000,530.336854580415,11-73,181655,18934.0444987619
Portsmouth,,109,0207-0020-0000,178,9,,11,178-28675,8,CamaID: 0207-0020-0000,35 PLEASANT POINT DR,487771,08178-0207-0020-0000,0207-0020-0000,436.532536130366,11,181656,11966.3812668787
Portsmouth,,115,0269-0052-0000,178,15,,11,178-31676,8,CamaID: 0269-0052-0000,30 FW HARTFORD DR,487772,08178-0269-0052-0000,0269-0052-0000,817.645144356377,11,181657,34949.4862277234
Portsmouth,,302,0272-0001-0000,178,57,,33,178-35855,8,CamaID: 0272-0001-0000,2219 LAFAYETTE RD,487773,08178-0272-0001-0000,0272-0001-0000,4588.46600550719,33,181658,809057.559389668
Portsmouth,,114,0268-0034-0000,178,14,,11,178-31555,8,CamaID: 0268-0034-0000,301 COOLIDGE DR,487774,08178-0268-0034-0000,0268-0034-0000,450.476625224499,11,181659,12539.5471875741
Portsmouth,73,102,0110-0010-0000,178,3,,11,178-33230,8,CamaID: 0110-0010-0000,115 SOUTH ST,487775,08178-0110-0010-0000,0110-0010-0000,639.646579197594,11-73,181660,11408.8568258713
Portsmouth,,102,0110-0011-0000,178,3,,12,178-33231,8,CamaID: 0110-0011-0000,105 SOUTH ST,487776,08178-0110-0011-0000,0110-0011-0000,523.161768744544,12,181661,8255.40859501114
Portsmouth,73,102,0102-0048-0000,178,3,,11,178-32922,8,CamaID: 0102-0048-0000,77 SOUTH ST,487777,08178-0102-0048-0000,0102-0048-0000,396.75594053956,11-73,181662,6548.63584454894
Portsmouth,,120,0268-0009-0000,178,19,,11,178-31532,8,CamaID: 0268-0009-0000,1991 LAFAYETTE RD,487778,08178-0268-0009-0000,0268-0009-0000,516.854716827218,11,181663,15163.3042559802
Portsmouth,,114,0268-0032-0000,178,14,,11,178-31553,8,CamaID: 0268-0032-0000,253 COOLIDGE DR,487779,08178-0268-0032-0000,0268-0032-0000,447.891426667594,11,181664,12387.3270907136
Portsmouth,,205,0102-0017-0000,178,35,,14,178-32948,8,CamaID: 0102-0017-000A,33 SOUTH MILL ST #A,487780,08178-0102-0017-0000,0102-0017-000A,236.715243483645,14,181665,3495.23135997333
Portsmouth,,101,0103-0003-0000,178,2,,11,178-32960,8,CamaID: 0103-0003-0000,171 GATES ST,487781,08178-0103-0003-0000,0103-0003-0000,328.783323984292,11,181666,5859.22149005086
Portsmouth,,101,0103-0004-0000,178,2,,11,178-32961,8,CamaID: 0103-0004-0000,175 GATES ST,487782,08178-0103-0004-0000,0103-0004-0000,284.584789223384,11,181667,2646.03112717832
Portsmouth,,105,0157-0008-0000,178,7,,12,178-34875,8,CamaID: 0157-0008-0000,449 ISLINGTON ST,487783,08178-0157-0008-0000,0157-0008-0000,272.033888658755,12,181668,3273.8374643741
Portsmouth,,101,0103-0005-0000,178,2,,11,178-32962,8,CamaID: 0103-0005-0000,183 GATES ST,487784,08178-0103-0005-0000,0103-0005-0000,317.584389444264,11,181669,3865.67919474793
Portsmouth,,108,0108-0015-0000,178,8,,11,178-33185,8,CamaID: 0108-0015-0000,179 PLEASANT ST,487785,08178-0108-0015-0000,0108-0015-0000,908.268585260441,11,181670,40190.7516283154
Portsmouth,73,101,0103-0006-0000,178,2,,11,178-32963,8,CamaID: 0103-0006-0000,189 GATES ST,487786,08178-0103-0006-0000,0103-0006-0000,322.979238880257,11-73,181671,5607.05198115865
Portsmouth,,105,0127-0027-0000,178,7,,57,178-33691,8,CamaID: 0127-0027-0000,43 AUSTIN ST,487787,08178-0127-0027-0000,0127-0027-0000,665.950499399092,57,181672,19750.5905335349
Portsmouth,,102,0109-0005-0000,178,3,,11,178-33198,8,CamaID: 0109-0005-0000,17 WHIDDEN ST,487788,08178-0109-0005-0000,0109-0005-0000,153.362601568072,11,181673,1296.68891361476
Portsmouth,,102,0109-0007-0000,178,3,,11,178-33199,8,CamaID: 0109-0007-0000,18 MELCHER ST,487789,08178-0109-0007-0000,0109-0007-0000,233.300998833372,11,181674,3123.54980935889
Portsmouth,,101,0103-0065-0000,178,2,,11,178-33013,8,CamaID: 0103-0065-0000,369 PLEASANT ST,487790,08178-0103-0065-0000,0103-0065-0000,292.891889635974,11,181675,4886.29522931461
Portsmouth,,304,0127-0011-0000,178,59,,13,178-33681,8,CamaID: 0127-0011-0000,134 MIDDLE ST,487791,08178-0127-0011-0000,0127-0011-0000,374.88859496117,13,181676,5791.22436622893
Portsmouth,,101,0103-0037-0000,178,2,,11,178-32990,8,CamaID: 0103-0037-0000,25 HUNKING ST,487792,08178-0103-0037-0000,0103-0037-0000,251.432786438392,11,181677,3719.80324658505
Portsmouth,,304,0127-0012-0000,178,59,,13,178-33682,8,CamaID: 0127-0012-0000,132 MIDDLE ST,487793,08178-0127-0012-0000,0127-0012-0000,348.101624909099,13,181678,5603.4430262659
Portsmouth,,102,0103-0081-0000,178,3,,11,178-33029,8,CamaID: 0103-0081-0000,11 HOWARD ST,487794,08178-0103-0081-0000,0103-0081-0000,170.966533637788,11,181679,1698.75967371191
Portsmouth,,305,0103-0039-0000,178,60,,33,178-37181,8,CamaID: 0103-0039-0000,49 HUNKING ST,487795,08178-0103-0039-0000,0103-0039-0000,312.57114862906,33,181680,5017.619026749
Portsmouth,,101,0103-0079-0000,178,2,,11,178-33027,8,CamaID: 0103-0079-0000,205 WASHINGTON ST,487796,08178-0103-0079-0000,0103-0079-0000,204.297483273766,11,181681,2631.72135545815
Portsmouth,,102,0103-0082-0000,178,3,,11,178-33030,8,CamaID: 0103-0082-0000,19 HOWARD ST,487797,08178-0103-0082-0000,0103-0082-0000,258.181586331886,11,181682,3865.70902346762
Portsmouth,,204,0103-0083-0000,178,34,,14,178-38785,8,CamaID: 0103-0083-0001,33 HOWARD ST #33,487798,08178-0103-0083-0000,0103-0083-0001,238.870950834945,14,181683,3518.9739332586
Portsmouth,,102,0103-0084-0000,178,3,,11,178-33032,8,CamaID: 0103-0084-0000,47 HOWARD ST,487799,08178-0103-0084-0000,0103-0084-0000,228.469606411713,11,181684,2640.12392417517
Portsmouth,,101,0103-0014-0000,178,2,,11,178-32970,8,CamaID: 0103-0014-0000,17 GARDNER ST,487800,08178-0103-0014-0000,0103-0014-0000,214.14454395974,11,181685,2495.27935188862
Portsmouth,,101,0103-0015-0000,178,2,,11,178-32971,8,CamaID: 0103-0015-0000,27 GARDNER ST,487801,08178-0103-0015-0000,0103-0015-0000,244.647607209837,11,181686,3595.67480630917
Portsmouth,,305,0103-0032-0000,178,60,,57,178-37180,8,CamaID: 0103-0032-0000,MECHANIC ST,487802,08178-0103-0032-0000,0103-0032-0000,332.836153416189,57,181687,2979.3849063053
Portsmouth,73,101,0103-0022-0000,178,2,,11,178-32978,8,CamaID: 0103-0022-0000,51 GARDNER ST,487803,08178-0103-0022-0000,0103-0022-0000,156.854582938175,11-73,181688,1346.25371615729
Portsmouth,,101,0103-0089-0000,178,2,,11,178-33035,8,CamaID: 0103-0089-0000,171 WASHINGTON ST,487804,08178-0103-0089-0000,0103-0089-0000,269.515542516339,11,181689,4157.00154078159
Portsmouth,,102,0103-0092-0000,178,3,,11,178-33038,8,CamaID: 0103-0092-0000,73 GATES ST,487805,08178-0103-0092-0000,0103-0092-0000,204.734208743425,11,181690,1742.11388064431
Portsmouth,,102,0103-0095-0000,178,3,,11,178-33040,8,CamaID: 0103-0095-0000,99 GATES ST,487806,08178-0103-0095-0000,0103-0095-0000,316.99663712476,11,181691,6264.29611892962
Portsmouth,,108,0108-0018-0000,178,8,,11,178-33187,8,CamaID: 0108-0018-0000,45 RICHMOND ST,487807,08178-0108-0018-0000,0108-0018-0000,300.017493304627,11,181692,5531.00933758009
Portsmouth,,108,0108-0016-0002,178,8,,11,178-33188,8,CamaID: 0108-0016-0002,21 RICHMOND ST,487808,08178-0108-0016-0002,0108-0016-0002,269.947329903307,11,181693,4396.92449103189
Portsmouth,,108,0108-0017-0000,178,8,,12,178-33186,8,CamaID: 0108-0017-0000,33 RICHMOND ST,487809,08178-0108-0017-0000,0108-0017-0000,262.440280482165,12,181694,3973.51056510292
Portsmouth,73,101,0103-0007-0000,178,2,,11,178-32964,8,CamaID: 0103-0007-0000,199 GATES ST,487810,08178-0103-0007-0000,0103-0007-0000,290.917427875846,11-73,181695,4442.74785630606
Portsmouth,,102,0117-0048-0000,178,3,,11,178-38362,8,CamaID: 0117-0048-0000,30 PORTER ST,487811,08178-0117-0048-0000,0117-0048-0000,188.614397182947,11,181696,1468.39468247553
Portsmouth,,102,0117-0049-0000,178,3,,11,178-38363,8,CamaID: 0117-0049-0000,28 PORTER ST,487812,08178-0117-0049-0000,0117-0049-0000,196.129488322016,11,181697,1517.01550093939
Portsmouth,,102,0117-0050-0000,178,3,,11,178-38364,8,CamaID: 0117-0050-0000,26 PORTER ST,487813,08178-0117-0050-0000,0117-0050-0000,196.177002117175,11,181698,1542.20424562805
Portsmouth,,102,0117-0056-0000,178,3,,11,178-38370,8,CamaID: 0117-0056-0000,14 PORTER ST,487814,08178-0117-0056-0000,0117-0056-0000,166.986354481376,11,181699,1255.04847213587
Portsmouth,,108,0104-0002-0000,178,8,,12,178-33051,8,CamaID: 0104-0002-0000,57 MARCY ST,487815,08178-0104-0002-0000,0104-0002-0000,266.789549445967,12,181700,4422.10991053133
Portsmouth,,102,0107-0017-0000,178,3,,11,178-33140,8,CamaID: 0107-0017-0000,29 SHEAFE ST,487816,08178-0107-0017-0000,0107-0017-0000,121.775902420792,11,181701,903.947388305968
Portsmouth,73,108,0105-0007-0000,178,8,,11,178-33056,8,CamaID: 0105-0007-0000,461 COURT ST,487817,08178-0105-0007-0000,0105-0007-0000,233.960469126233,11-73,181702,3374.34074237583
Portsmouth,,,0105-0000-0000,178,,,,,,,,487818,08178-0105-0000-0000,,145.921082211269,,181703,769.275328321755
Portsmouth,,108,0105-0009-0000,178,8,,57,178-33058,8,CamaID: 0105-0009-0000,36 STATE ST,487819,08178-0105-0009-0000,0105-0009-0000,182.039382227034,57,181704,1385.32417761817
Portsmouth,,305,0106-0022-0000,178,60,,57,178-33093,8,CamaID: 0106-0022-0000,8 BOW ST,487820,08178-0106-0022-0000,0106-0022-0000,150.94542084665,57,181705,1456.07336446018
Portsmouth,,305,0106-0004-0000,178,60,,27,178-33089,8,CamaID: 0106-0004-0000,CHAPEL CT,487821,08178-0106-0004-0000,0106-0004-0000,175.243397482957,27,181706,1706.30688207966
Portsmouth,,305,0106-0041-0000,178,60,,57,178-33099,8,CamaID: 0106-0041-0000,101 MARKET ST,487822,08178-0106-0041-0000,0106-0041-0000,143.461552559927,57,181707,1173.30052939022
Portsmouth,,305,0106-0039-0000,178,60,,44,178-37248,8,CamaID: 0106-0039-0001,29 CERES ST #1,487823,08178-0106-0039-0000,0106-0039-0001,138.483976558262,44,181708,1033.89637682358
Portsmouth,,305,0106-0038-0000,178,60,,57,178-33097,8,CamaID: 0106-0038-0000,113 MARKET ST,487824,08178-0106-0038-0000,0106-0038-0000,137.475403732729,57,181709,992.562911217936
Portsmouth,,305,0106-0049-0000,178,60,,33,178-37958,8,CamaID: 0106-0049-0000,35-43 BOW ST,487825,08178-0106-0049-0000,0106-0049-0000,271.011261682293,33,181710,2930.27867146468
Portsmouth,,102,0118-0020-0000,178,3,,12,178-33538,8,CamaID: 0118-0020-0000,137 HIGH ST,487826,08178-0118-0020-0000,0118-0020-0000,281.85741990696,12,181711,3965.01341053645
Portsmouth,,305,0106-0037-0000,178,60,,57,178-33096,8,CamaID: 0106-0037-0000,117 MARKET ST,487827,08178-0106-0037-0000,0106-0037-0000,143.36495457173,57,181712,1105.75401366784
Portsmouth,,305,0106-0050-0000,178,60,,33,178-37959,8,CamaID: 0106-0050-0000,47 BOW ST,487828,08178-0106-0050-0000,0106-0050-0000,140.547364957887,33,181713,1205.30783284227
Portsmouth,,305,0106-0052-0000,178,60,,57,178-37259,8,CamaID: 0106-0052-0000,65 BOW ST,487829,08178-0106-0052-0000,0106-0052-0000,171.846709645005,57,181714,1627.33954339944
Portsmouth,,305,0106-0053-0000,178,60,,33,178-37260,8,CamaID: 0106-0053-0000,67 BOW ST,487830,08178-0106-0053-0000,0106-0053-0000,190.439884963013,33,181715,2109.27533571469
Portsmouth,,131,0141-0007-0000,178,27,,11,178-34244,8,CamaID: 0141-0007-0000,81 DENNETT ST,487831,08178-0141-0007-0000,0141-0007-0000,253.519146208768,11,181716,3796.75102031678
Portsmouth,,131,0141-0008-0000,178,27,,12,178-34245,8,CamaID: 0141-0008-0000,69 DENNETT ST,487832,08178-0141-0008-0000,0141-0008-0000,269.310054295372,12,181717,4410.41857020119
Portsmouth,,131,0141-0005-0000,178,27,,11,178-34242,8,CamaID: 0141-0005-0000,31 DENNETT ST,487833,08178-0141-0005-0000,0141-0005-0000,211.785352145235,11,181718,2555.50239311179
Portsmouth,,131,0141-0015-0000,178,27,,12,178-34252,8,CamaID: 0141-0015-0000,49 PROSPECT ST,487834,08178-0141-0015-0000,0141-0015-0000,318.438277695067,12,181719,5978.71876386295
Portsmouth,,304,0128-0002-0000,178,59,,57,178-33693,8,CamaID: 0128-0002-0000,31 RICHARDS AVE,487835,08178-0128-0002-0000,0128-0002-0000,281.513235350861,57,181720,4827.18792327172
Portsmouth,,115,0270-0033-0000,178,15,,11,178-31707,8,CamaID: 0270-0033-0000,200 FW HARTFORD DR,487836,08178-0270-0033-0000,0270-0033-0000,928.300863969943,11,181721,47883.0729750173
Portsmouth,,115,0249-0026-0000,178,15,,11,178-30929,8,CamaID: 0249-0026-0000,380 FW HARTFORD DR,487837,08178-0249-0026-0000,0249-0026-0000,855.488170797379,11,181722,37777.5385572946
Portsmouth,,115,0249-0001-0000,178,15,,11,178-30906,8,CamaID: 0249-0001-0000,395 FW HARTFORD DR,487838,08178-0249-0001-0000,0249-0001-0000,834.79451679075,11,181723,31806.71453786
Portsmouth,,115,0269-0035-0000,178,15,,11,178-31661,8,CamaID: 0269-0035-0000,190 FW HARTFORD DR,487839,08178-0269-0035-0000,0269-0035-0000,877.641552238973,11,181724,41131.2328673624
Portsmouth,,115,0249-0025-0000,178,15,,11,178-30928,8,CamaID: 0249-0025-0000,390 FW HARTFORD DR,487840,08178-0249-0025-0000,0249-0025-0000,806.109942266497,11,181725,31154.5436152032
Portsmouth,,115,0270-0001-0000,178,15,,11,178-31678,8,CamaID: 0270-0001-0000,205 FW HARTFORD DR,487841,08178-0270-0001-0000,0270-0001-0000,779.444228901446,11,181726,23212.5456605889
Portsmouth,,115,0249-0002-0000,178,15,,11,178-30907,8,CamaID: 0249-0002-0000,405 FW HARTFORD DR,487842,08178-0249-0002-0000,0249-0002-0000,923.490919221955,11,181727,46506.1179612305
Portsmouth,,115,0249-0024-0000,178,15,,11,178-30927,8,CamaID: 0249-0024-0000,400 FW HARTFORD DR,487843,08178-0249-0024-0000,0249-0024-0000,791.330285835212,11,181728,29303.334175383
Portsmouth,,115,0269-0033-0000,178,15,,11,178-31659,8,CamaID: 0269-0033-0000,185 FW HARTFORD DR,487844,08178-0269-0033-0000,0269-0033-0000,903.330458359385,11,181729,38585.795603808
Portsmouth,,115,0269-0036-0000,178,15,,11,178-31662,8,CamaID: 0269-0036-0000,180 FW HARTFORD DR,487845,08178-0269-0036-0000,0269-0036-0000,926.457152494216,11,181730,47591.1834801217
Portsmouth,,115,0269-0031-0000,178,15,,11,178-31658,8,CamaID: 0269-0031-0000,165 FW HARTFORD DR,487846,08178-0269-0031-0000,0269-0031-0000,898.996100439517,11,181731,37567.6763360955
Portsmouth,,115,0249-0023-0000,178,15,,11,178-30926,8,CamaID: 0249-0023-0000,410 FW HARTFORD DR,487847,08178-0249-0023-0000,0249-0023-0000,800.81466689479,11,181732,29713.5900098663
Portsmouth,,115,0249-0004-0000,178,15,,11,178-30908,8,CamaID: 0249-0004-0000,425 FW HARTFORD DR,487848,08178-0249-0004-0000,0249-0004-0000,908.931157712295,11,181733,45562.7164086294
Portsmouth,,115,0269-0037-0000,178,15,,11,178-31663,8,CamaID: 0269-0037-0000,170 FW HARTFORD DR,487849,08178-0269-0037-0000,0269-0037-0000,806.039736489437,11,181734,30527.3582526315
Portsmouth,,115,0249-0022-0000,178,15,,11,178-30925,8,CamaID: 0249-0022-0000,420 FW HARTFORD DR,487850,08178-0249-0022-0000,0249-0022-0000,809.019800580861,11,181735,30415.3100443255
Portsmouth,,114,0247-0019-0000,178,14,,11,178-30834,8,CamaID: 0247-0019-0000,37 TAYLOR LN,487851,08178-0247-0019-0000,0247-0019-0000,385.850536844143,11,181736,9781.24553487819
Portsmouth,,118,0293-0006-0001,178,17,,22,178-32741,8,CamaID: 0293-0006-0001,OCEAN RD,487852,08178-0293-0006-0001,0293-0006-0001,972.42092221717,22,181737,47181.568627543
Portsmouth,,305,0106-0040-0000,178,60,,57,178-33098,8,CamaID: 0106-0040-0000,105 MARKET ST,487855,08178-0106-0040-0000,0106-0040-0000,145.605071064743,57,181738,1214.30521552417
Portsmouth,,208,0105-0001-0000,178,38,,14,178-33066,8,CamaID: 0105-001B-0000,121 BOW ST #A-1,487856,08178-0105-0001-0000,0105-001B-0000,438.197932081483,14,181739,9415.5038232782
Portsmouth,,114,0268-0082-0000,178,14,,11,178-31603,8,CamaID: 0268-0082-0000,38 GARFIELD RD,487857,08178-0268-0082-0000,0268-0082-0000,365.40882682879,11,181740,8715.08927510596
Portsmouth,,114,0250-0060-0000,178,14,,11,178-30989,8,CamaID: 0250-0060-0000,19 DWIGHT AVE,487858,08178-0250-0060-0000,0250-0060-0000,374.920076165212,11,181741,9152.58430901245
Portsmouth,,114,0250-0113-0000,178,14,,11,178-31041,8,CamaID: 0250-0113-0000,14 VAN BUREN AVE,487859,08178-0250-0113-0000,0250-0113-0000,377.484030440528,11,181742,9223.01391489869
Portsmouth,,305,0208-0002-0000,178,60,,27,178-35321,8,CamaID: 0208-0002-0000,FOUR TREE IS,487853,08178-0208-0002-0000,0208-0002-0000,2203.78300526279,27,181743,136140.378501901
Portsmouth,,305,0106-0042-0000,178,60,,33,178-37251,8,CamaID: 0106-0042-0000,93 MARKET ST,487854,08178-0106-0042-0000,0106-0042-0000,143.322767133604,33,181744,1172.07514634924
Portsmouth,,114,0250-0119-0000,178,14,,11,178-31047,8,CamaID: 0250-0119-0000,40 GARFIELD RD,487860,08178-0250-0119-0000,0250-0119-0000,367.583764258323,11,181745,8807.08904612975
Portsmouth,,114,0250-0052-0000,178,14,,11,178-30981,8,CamaID: 0250-0052-0000,15 VAN BUREN AVE,487861,08178-0250-0052-0000,0250-0052-0000,368.166512999818,11,181746,8825.50948399323
Portsmouth,,114,0250-0118-0000,178,14,,11,178-31046,8,CamaID: 0250-0118-0000,240 MCKINLEY RD,487862,08178-0250-0118-0000,0250-0118-0000,374.51510588403,11,181747,8736.71446214255
Portsmouth,,114,0250-0117-0000,178,14,,11,178-31045,8,CamaID: 0250-0117-0000,250 MCKINLEY RD,487863,08178-0250-0117-0000,0250-0117-0000,373.714279157498,11,181748,8705.59131159301
Portsmouth,,114,0250-0057-0000,178,14,,11,178-30986,8,CamaID: 0250-0057-0000,8 TYLER PL,487864,08178-0250-0057-0000,0250-0057-0000,465.618058620121,11,181749,13114.6489670028
Portsmouth,,114,0250-0055-0000,178,14,,11,178-30984,8,CamaID: 0250-0055-0000,10 DWIGHT AVE,487865,08178-0250-0055-0000,0250-0055-0000,374.459855632021,11,181750,8828.57538508718
Portsmouth,,114,0268-0078-0000,178,14,,11,178-31599,8,CamaID: 0268-0078-0000,222 MCKINLEY RD,487866,08178-0268-0078-0000,0268-0078-0000,373.160244585794,11,181751,9274.96419161632
Portsmouth,,114,0250-0114-0000,178,14,,11,178-31042,8,CamaID: 0250-0114-0000,270 MCKINLEY RD,487867,08178-0250-0114-0000,0250-0114-0000,366.292538765126,11,181752,8758.77069665898
Portsmouth,,115,0270-0021-0000,178,15,,19,178-35853,8,CamaID: 0270-0021-0000,306 FW HARTFORD DR,487868,08178-0270-0021-0000,0270-0021-0000,10296.7201891739,19,181753,1904538.43387996
Portsmouth,,115,0249-0005-0000,178,15,,11,178-30909,8,CamaID: 0249-0005-0000,435 FW HARTFORD DR,487869,08178-0249-0005-0000,0249-0005-0000,783.608641254798,11,181754,23811.9785011819
Portsmouth,,115,0249-0020-0000,178,15,,11,178-30923,8,CamaID: 0249-0020-0000,430 FW HARTFORD DR,487870,08178-0249-0020-0000,0249-0020-0000,803.837983832158,11,181755,27461.8811238419
Portsmouth,,115,0249-0006-0000,178,15,,11,178-30910,8,CamaID: 0249-0006-0000,445 FW HARTFORD DR,487871,08178-0249-0006-0000,0249-0006-0000,807.603001875103,11,181756,30320.8218051942
Portsmouth,,115,0249-0019-0000,178,15,,11,178-30922,8,CamaID: 0249-0019-0000,440 FW HARTFORD DR,487872,08178-0249-0019-0000,0249-0019-0000,830.48967828981,11,181757,28585.7438981446
Portsmouth,,115,0249-0007-0000,178,15,,11,178-30911,8,CamaID: 0249-0007-0000,455 FW HARTFORD DR,487873,08178-0249-0007-0000,0249-0007-0000,796.958667535756,11,181758,29528.617706829
Portsmouth,,115,0269-0027-0000,178,15,,11,178-31654,8,CamaID: 0269-0027-0000,115 FW HARTFORD DR,487874,08178-0269-0027-0000,0269-0027-0000,802.981315516401,11,181759,30322.7604664313
Portsmouth,,115,0249-0018-0000,178,15,,11,178-30921,8,CamaID: 0249-0018-0000,450 FW HARTFORD DR,487875,08178-0249-0018-0000,0249-0018-0000,852.219326281114,11,181760,30383.3562178892
Portsmouth,,115,0249-0008-0000,178,15,,11,178-30912,8,CamaID: 0249-0008-0000,465 FW HARTFORD DR,487876,08178-0249-0008-0000,0249-0008-0000,812.033037151708,11,181761,30890.6111795217
Portsmouth,,115,0269-0026-0000,178,15,,11,178-31653,8,CamaID: 0269-0026-0000,105 FW HARTFORD DR,487877,08178-0269-0026-0000,0269-0026-0000,810.048530990368,11,181762,30439.5574320824
Portsmouth,,115,0249-0017-0000,178,15,,11,178-30920,8,CamaID: 0249-0017-0000,460 FW HARTFORD DR,487878,08178-0249-0017-0000,0249-0017-0000,853.725227409938,11,181763,29539.1454585916
Portsmouth,,115,0269-0042-0000,178,15,,11,178-31668,8,CamaID: 0269-0042-0000,120 FW HARTFORD DR,487879,08178-0269-0042-0000,0269-0042-0000,748.194850363331,11,181764,25844.1895251406
Portsmouth,,115,0249-0009-0000,178,15,,11,178-30913,8,CamaID: 0249-0009-0000,475 FW HARTFORD DR,487880,08178-0249-0009-0000,0249-0009-0000,829.256626070335,11,181765,31507.5900775689
Portsmouth,,115,0269-0025-0000,178,15,,11,178-31652,8,CamaID: 0269-0025-0000,95 FW HARTFORD DR,487881,08178-0269-0025-0000,0269-0025-0000,815.912318359394,11,181766,30371.7643602859
Portsmouth,,115,0249-0016-0000,178,15,,11,178-30919,8,CamaID: 0249-0016-0000,470 FW HARTFORD DR,487882,08178-0249-0016-0000,0249-0016-0000,858.341720098286,11,181767,30070.5106394185
Portsmouth,,115,0269-0043-0000,178,15,,11,178-31669,8,CamaID: 0269-0043-0000,110 FW HARTFORD DR,487883,08178-0269-0043-0000,0269-0043-0000,796.184883073366,11,181768,29542.5279840249
Portsmouth,,115,0249-0010-0000,178,15,,11,178-30914,8,CamaID: 0249-0010-0000,485 FW HARTFORD DR,487884,08178-0249-0010-0000,0249-0010-0000,857.410204415005,11,181769,32866.8673912406
Portsmouth,,115,0269-0024-0000,178,15,,11,178-31651,8,CamaID: 0269-0024-0000,85 FW HARTFORD DR,487885,08178-0269-0024-0000,0269-0024-0000,817.211193410263,11,181770,31260.2120085619
Portsmouth,,115,0249-0015-0000,178,15,,11,178-30918,8,CamaID: 0249-0015-0000,480 FW HARTFORD DR,487886,08178-0249-0015-0000,0249-0015-0000,844.425095589466,11,181771,28263.2406322845
Portsmouth,,115,0269-0044-0000,178,15,,11,178-31670,8,CamaID: 0269-0044-0000,100 FW HARTFORD DR,487887,08178-0269-0044-0000,0269-0044-0000,787.460599494239,11,181772,28640.7540085664
Portsmouth,,115,0269-0023-0000,178,15,,11,178-31650,8,CamaID: 0269-0023-0000,75 FW HARTFORD DR,487888,08178-0269-0023-0000,0269-0023-0000,796.685245354702,11,181773,29497.935831254
Portsmouth,,307,0308-0000-0000,178,63,,57,178-38355,8,CamaID: 0308-0000-0000,AVIATION AVE,487889,08178-0308-0000-0000,0308-0000-0000,2070.74276800614,57,181774,122295.0877917
Portsmouth,,103A,0112-0044-0000,178,4,,11,178-33320,8,CamaID: 0112-0044-0000,126 ELWYN AVE,487890,08178-0112-0044-0000,0112-0044-0000,293.191146439373,11,181775,3622.02976384381
Portsmouth,,103A,0130-0002-0000,178,4,,11,178-33752,8,CamaID: 0130-0002-0000,337 RICHARDS AVE,487891,08178-0130-0002-0000,0130-0002-0000,413.943208513316,11,181776,10682.3840597228
Portsmouth,,103A,0112-0048-0000,178,4,,11,178-33324,8,CamaID: 0112-0048-0000,137 ELWYN AVE,487892,08178-0112-0048-0000,0112-0048-0000,303.994251931956,11,181777,5170.2959750445
Portsmouth,,304,0130-0001-0000,178,59,,57,178-33751,8,CamaID: 0130-0001-0000,192 LINCOLN AVE,487893,08178-0130-0001-0000,0130-0001-0000,355.170419803999,57,181778,7602.34768351531
Portsmouth,,103A,0112-0045-0000,178,4,,11,178-33321,8,CamaID: 0112-0045-0000,118 ELWYN AVE,487894,08178-0112-0045-0000,0112-0045-0000,320.194005935436,11,181779,5006.74083492531
Portsmouth,,103A,0113-0007-0000,178,4,,11,178-33343,8,CamaID: 0113-0007-0000,180 LINCOLN AVE,487895,08178-0113-0007-0000,0113-0007-0000,325.414908377189,11,181780,6034.28467692839
Portsmouth,,103A,0112-0047-0000,178,4,,12,178-33323,8,CamaID: 0112-0047-0000,125 ELWYN AVE,487896,08178-0112-0047-0000,0112-0047-0000,305.647327040092,12,181781,5237.2969727063
Portsmouth,,103A,0113-0006-0000,178,4,,11,178-33342,8,CamaID: 0113-0006-0000,168 LINCOLN AVE,487897,08178-0113-0006-0000,0113-0006-0000,326.469045829539,11,181782,6101.90101290283
Portsmouth,,103A,0130-0057-0000,178,4,,11,178-33807,8,CamaID: 0130-0057-0000,315 RICHARDS AVE,487898,08178-0130-0057-0000,0130-0057-0000,321.740579247591,11,181783,5858.10355842737
Portsmouth,,103A,0113-0005-0000,178,4,,11,178-33341,8,CamaID: 0113-0005-0000,140 LINCOLN AVE,487899,08178-0113-0005-0000,0113-0005-0000,328.487887055642,11,181784,6204.25959808749
Portsmouth,,103A,0112-0046-0000,178,4,,11,178-33322,8,CamaID: 0112-0046-0000,113 ELWYN AVE,487900,08178-0112-0046-0000,0112-0046-0000,303.311763720213,11,181785,5163.15045503448
Portsmouth,,103A,0113-0004-0000,178,4,,11,178-33340,8,CamaID: 0113-0004-0000,134 LINCOLN AVE,487901,08178-0113-0004-0000,0113-0004-0000,331.55831282524,11,181786,6449.34383715652
Portsmouth,,103A,0112-0056-0000,178,4,,11,178-33332,8,CamaID: 0112-0056-0000,43 MCNABB CT,487902,08178-0112-0056-0000,0112-0056-0000,238.702267934677,11,181787,3146.77800210362
Portsmouth,,204,0130-0056-0000,178,34,,14,178-38516,8,CamaID: 0130-0056-0001,301 RICHARDS AVE #1,487903,08178-0130-0056-0000,0130-0056-0001,352.280080002842,14,181788,7341.54966790239
Portsmouth,,103A,0111-0019-0000,178,4,,12,178-33255,8,CamaID: 0111-0019-0000,393 SOUTH ST,487904,08178-0111-0019-0000,0111-0019-0000,703.142766926645,12,181789,20313.1405202731
Portsmouth,,103A,0130-0054-0000,178,4,,12,178-33804,8,CamaID: 0130-0054-0000,285 RICHARDS AVE,487905,08178-0130-0054-0000,0130-0054-0000,432.139360810224,12,181790,7053.99642369027
Portsmouth,,103A,0130-0055-0000,178,4,,11,178-33805,8,CamaID: 0130-0055-0000,293 RICHARDS AVE,487906,08178-0130-0055-0000,0130-0055-0000,422.449385153627,11,181791,4421.56086206801
Portsmouth,,103B,0134-0058-0000,178,5,,11,178-34008,8,CamaID: 0134-0058-0000,336 UNION ST,487907,08178-0134-0058-0000,0134-0058-0000,279.754401951349,11,181792,4468.4013486479
Portsmouth,,103B,0134-0003-0000,178,5,,11,178-33958,8,CamaID: 0134-0003-0000,343 UNION ST,487908,08178-0134-0003-0000,0134-0003-0000,307.161677331413,11,181793,5182.95447944184
Portsmouth,,105,0147-0008-0000,178,7,,11,178-34513,8,CamaID: 0147-0008-0000,269 CASS ST,487909,08178-0147-0008-0000,0147-0008-0000,279.173125782025,11,181794,4017.34314850155
Portsmouth,,105,0147-0028-0000,178,7,,11,178-34530,8,CamaID: 0147-0028-0000,230 CASS ST,487910,08178-0147-0028-0000,0147-0028-0000,240.004901694991,11,181795,3200.2645126689
Portsmouth,,103B,0134-0002-0000,178,5,,11,178-33957,8,CamaID: 0134-0002-0000,323 UNION ST,487911,08178-0134-0002-0000,0134-0002-0000,396.40750500399,11,181796,9826.7778783172
Portsmouth,,105,0147-0007-0000,178,7,,11,178-34512,8,CamaID: 0147-0007-0000,263 CASS ST,487912,08178-0147-0007-0000,0147-0007-0000,278.909681755131,11,181797,3988.27902438595
Portsmouth,,304,0134-0034-0000,178,59,,57,178-33987,8,CamaID: 0134-0034-0000,320 UNION ST,487913,08178-0134-0034-0000,0134-0034-0000,376.673273916393,57,181798,8822.44676960285
Portsmouth,,105,0147-0006-0000,178,7,,12,178-34511,8,CamaID: 0147-0006-0000,255 CASS ST,487914,08178-0147-0006-0000,0147-0006-0000,278.040323771736,12,181799,3928.17403805733
Portsmouth,,103B,0134-0001-0000,178,5,,11,178-33956,8,CamaID: 0134-0001-0000,315 UNION ST,487915,08178-0134-0001-0000,0134-0001-0000,265.987222751178,11,181800,3695.79463156431
Portsmouth,,105,0147-0005-0000,178,7,,11,178-34510,8,CamaID: 0147-0005-0000,247 CASS ST,487916,08178-0147-0005-0000,0147-0005-0000,278.776789282501,11,181801,3948.25816864976
Portsmouth,,103B,0134-0027-0000,178,5,,11,178-33981,8,CamaID: 0134-0027-0000,70 HIGHLAND ST,487917,08178-0134-0027-0000,0134-0027-0000,407.990359983508,11,181802,10254.7375808899
Portsmouth,,304,0129-0008-0000,178,59,,57,178-37761,8,CamaID: 0129-0008-0000,272 ROCKLAND ST,487918,08178-0129-0008-0000,0129-0008-0000,399.292547579057,57,181803,9980.41463681507
Portsmouth,,103B,0129-0005-0000,178,5,,12,178-33707,8,CamaID: 0129-0005-0000,218 ROCKLAND ST,487919,08178-0129-0005-0000,0129-0005-0000,339.673176618253,12,181804,6952.62855747593
Portsmouth,,103B,0129-0038-0000,178,5,,12,178-33733,8,CamaID: 0129-0038-0000,344 PARROTT AVE,487920,08178-0129-0038-0000,0129-0038-0000,301.174302711271,12,181805,4099.79453876031
Portsmouth,70,101,0207-0003-0000,178,2,,11,178-28659,8,CamaID: 0207-0003-0000,363 NEW CASTLE AVE,487928,08178-0207-0003-0000,0207-0003-0000,386.710307243207,11-70,181806,7911.84513840631
Portsmouth,73,101,0207-0040-0000,178,2,,11,178-28695,8,CamaID: 0207-0040-0000,25 DRIFTWOOD LN,487929,08178-0207-0040-0000,0207-0040-0000,354.291647090098,11-73,181807,7651.47486716829
Portsmouth,,114,0247-0036-0000,178,14,,11,178-30851,8,CamaID: 0247-0036-0000,16 NIXON PARK,487930,08178-0247-0036-0000,0247-0036-0000,475.7131530876,11,181808,14229.4080181549
Portsmouth,,,0,178,,,,,,,,487921,08178-0,,5351.74227635697,,181809,206729.550514011
Portsmouth,,114,0247-0031-0000,178,14,,11,178-30846,8,CamaID: 0247-0031-0000,6 NIXON PARK,487922,08178-0247-0031-0000,0247-0031-0000,499.35210103777,11,181810,15721.5957958931
Portsmouth,,114,0247-0054-0000,178,14,,11,178-30869,8,CamaID: 0247-0054-0000,68 TAFT RD,487923,08178-0247-0054-0000,0247-0054-0000,505.052796262362,11,181811,15494.3025904618
Portsmouth,,110,0225-0037-0006,178,10,,11,178-30053,8,CamaID: 0225-0037-0006,25 OAKWOOD DR,487924,08178-0225-0037-0006,0225-0037-0006,1727.39061781278,11,181812,118303.004152366
Portsmouth,70,101,0207-0001-0000,178,2,,11,178-28657,8,CamaID: 0207-0001-0000,ROUND IS,487925,08178-0207-0001-0000,0207-0001-0000,971.559651229349,11-70,181813,41247.3123742461
Portsmouth,,103B,0128-0003-0000,178,5,,11,178-33694,8,CamaID: 0128-0003-0000,39 RICHARDS AVE,487926,08178-0128-0003-0000,0128-0003-0000,216.529811122344,11,181814,2248.27749991698
Portsmouth,73,101,0207-0054-0000,178,2,,11,178-28708,8,CamaID: 0207-0054-0000,28 BALL ST,487927,08178-0207-0054-0000,0207-0054-0000,327.319005551111,11-73,181815,6507.15853125369
Portsmouth,,114,0247-0032-0000,178,14,,11,178-30847,8,CamaID: 0247-0032-0000,8 NIXON PARK,487931,08178-0247-0032-0000,0247-0032-0000,413.07662767125,11,181816,10585.8260168949
Portsmouth,,114,0247-0082-0000,178,14,,11,178-30897,8,CamaID: 0247-0082-0000,71 TAFT RD,487932,08178-0247-0082-0000,0247-0082-0000,445.217249517919,11,181817,11854.4360262644
Portsmouth,,114,0247-0083-0000,178,14,,11,178-30898,8,CamaID: 0247-0083-0000,73 TAFT RD,487933,08178-0247-0083-0000,0247-0083-0000,377.811565361463,11,181818,9370.68241861991
Portsmouth,,110,0225-0029-0000,178,10,,11,178-30024,8,CamaID: 0225-0029-0000,12 REGINA RD,487934,08178-0225-0029-0000,0225-0029-0000,1059.73575373363,11,181819,63195.7776845286
Portsmouth,,114,0247-0033-0000,178,14,,11,178-30848,8,CamaID: 0247-0033-0000,10 NIXON PARK,487935,08178-0247-0033-0000,0247-0033-0000,457.450266951325,11,181820,12485.0353786142
Portsmouth,,133,0225-0044-0000,178,29,,11,178-30035,8,CamaID: 0225-0044-0000,782 ELWYN RD,487936,08178-0225-0044-0000,0225-0044-0000,401.256724095396,11,181821,9995.71994461777
Portsmouth,,114,0251-0006-0000,178,14,,11,178-31052,8,CamaID: 0251-0006-0000,85 GRANT AVE,487937,08178-0251-0006-0000,0251-0006-0000,394.098419434911,11,181822,10062.1569648352
Portsmouth,,110,0225-0037-0001,178,10,,11,178-30048,8,CamaID: 0225-0037-0001,10 OAKWOOD DR,487938,08178-0225-0037-0001,0225-0037-0001,1065.98825105001,11,181823,59754.0533603301
Portsmouth,,133,0251-0114-0000,178,29,,11,178-31160,8,CamaID: 0251-0114-0000,31 EDGEWOOD RD,487939,08178-0251-0114-0000,0251-0114-0000,334.409575130865,11,181824,7223.25276719601
Portsmouth,,110,0225-0026-0000,178,10,,11,178-30021,8,CamaID: 0225-0026-0000,6 REGINA RD,487940,08178-0225-0026-0000,0225-0026-0000,691.176706466702,11,181825,29617.0665277504
Portsmouth,,133,0251-0005-0000,178,29,,11,178-31051,8,CamaID: 0251-0005-0000,42 ELWYN RD,487941,08178-0251-0005-0000,0251-0005-0000,334.304848990014,11,181826,7062.83852896627
Portsmouth,,133,0251-0115-0000,178,29,,11,178-31161,8,CamaID: 0251-0115-0000,38 ELWYN RD,487942,08178-0251-0115-0000,0251-0115-0000,346.71598429858,11,181827,7691.34117733898
Portsmouth,,110,0225-0030-0000,178,10,,11,178-30025,8,CamaID: 0225-0030-0000,5 REGINA RD,487943,08178-0225-0030-0000,0225-0030-0000,914.738954906558,11,181828,50568.0935598956
Portsmouth,,133,0225-0005-0000,178,29,,11,178-30001,8,CamaID: 0225-0005-0000,895 ELWYN RD,487944,08178-0225-0005-0000,0225-0005-0000,592.492430499213,11,181829,19200.4265662708
Portsmouth,,133,0251-0107-0000,178,29,,11,178-31153,8,CamaID: 0251-0107-0000,3 EDGEWOOD RD,487945,08178-0251-0107-0000,0251-0107-0000,332.720761620154,11,181830,7093.33056457783
Portsmouth,,133,0225-0002-0000,178,29,,11,178-29998,8,CamaID: 0225-0002-0000,797 ELWYN RD,487946,08178-0225-0002-0000,0225-0002-0000,822.242211853754,11,181831,40551.3309108058
Portsmouth,,105,0138-0051-0000,178,7,,12,178-34203,8,CamaID: 0138-0051-0000,3 MCDONOUGH ST,487947,08178-0138-0051-0000,0138-0051-0000,163.130271695174,12,181832,1394.55002655247
Portsmouth,,105,0138-0049-0000,178,7,,11,178-34201,8,CamaID: 0138-0049-0000,13 MCDONOUGH ST,487948,08178-0138-0049-0000,0138-0049-0000,160.326798604402,11,181833,1514.94190056307
Portsmouth,,105,0138-0019-0000,178,7,,11,178-34177,8,CamaID: 0138-0019-0000,44 ROCK ST,487949,08178-0138-0019-0000,0138-0019-0000,223.761835430115,11,181834,3117.59582734603
Portsmouth,,105,0138-0059-0000,178,7,,12,178-34209,8,CamaID: 0138-0059-0000,31 SUDBURY ST,487950,08178-0138-0059-0000,0138-0059-0000,290.556229350642,12,181835,5094.61772563276
Portsmouth,,105,0138-0026-0000,178,7,,11,178-34183,8,CamaID: 0138-0026-0000,16 MCDONOUGH ST,487951,08178-0138-0026-0000,0138-0026-0000,186.231405669362,11,181836,1519.25521237793
Portsmouth,,204,0138-0006-0000,178,34,,14,178-50740,8,CamaID: 0138-0006-0002,362 HANOVER ST #2,487952,08178-0138-0006-0000,0138-0006-0002,253.440144718219,14,181837,3826.73981480839
Portsmouth,,305A,0138-0061-0000,178,61,,34,178-37545,8,CamaID: 0138-0061-0000,66 ROCK ST,487953,08178-0138-0061-0000,0138-0061-0000,655.895248058287,34,181838,14785.6461541801
Portsmouth,,105,0138-0048-0003,178,7,,27,178-52044,8,CamaID: 0138-0048-0003,LANGDON ST,487954,08178-0138-0048-0003,0138-0048-0003,541.508435085157,27,181839,7920.122098649
Portsmouth,,105,0138-0048-0002,178,7,,11,178-52045,8,CamaID: 0138-0048-0002,101 LANGDON ST,487955,08178-0138-0048-0002,0138-0048-0002,278.7813748642,11,181840,4964.3498548312
Portsmouth,,105,0138-0054-0000,178,7,,11,178-34205,8,CamaID: 0138-0054-0000,92 BREWSTER ST,487956,08178-0138-0054-0000,0138-0054-0000,226.926999808824,11,181841,3024.52876522866
Portsmouth,,105,0138-0050-0000,178,7,,11,178-34202,8,CamaID: 0138-0050-0000,7 MCDONOUGH ST,487957,08178-0138-0050-0000,0138-0050-0000,160.248538617433,11,181842,1349.94952863567
Portsmouth,,129,0209-0011-0000,178,25,,11,178-28734,8,CamaID: 0209-0011-0000,579 MAPLEWOOD AVE,487958,08178-0209-0011-0000,0209-0011-0000,400.549688492815,11,181843,9681.36973780261
Portsmouth,,128,0209-0015-0000,178,24,,12,178-28738,8,CamaID: 0209-0015-0000,42 CUTTS ST,487959,08178-0209-0015-0000,0209-0015-0000,295.018439814492,12,181844,4609.90482207442
Portsmouth,,128,0209-0016-0000,178,24,,11,178-28739,8,CamaID: 0209-0016-0000,1 ASHLAND ST,487960,08178-0209-0016-0000,0209-0016-0000,300.206074287375,11,181845,4872.35837992154
Portsmouth,,113,0224-0010-0028,178,13,,11,178-29995,8,CamaID: 0224-0010-0028,120 GOSPORT RD,487961,08178-0224-0010-0028,0224-0010-0028,850.417864615537,11,181846,45183.5337244233
Portsmouth,,113,0224-0010-0027,178,13,,11,178-35433,8,CamaID: 0224-0010-0027,210 ODIORNE POINT RD,487962,08178-0224-0010-0027,0224-0010-0027,870.424853819624,11,181847,43556.660396569
Portsmouth,,113,0224-0010-0025,178,13,,11,178-29994,8,CamaID: 0224-0010-0025,260 GOSPORT RD,487963,08178-0224-0010-0025,0224-0010-0025,917.036909298466,11,181848,43553.2634245727
Portsmouth,,113,0224-0010-0039,178,13,,11,178-35444,8,CamaID: 0224-0010-0039,63 ODIORNE POINT RD,487964,08178-0224-0010-0039,0224-0010-0039,961.444066442482,11,181849,43715.3943843163
Portsmouth,,113,0224-0010-0021,178,13,,11,178-29991,8,CamaID: 0224-0010-0021,148 GOSPORT RD,487965,08178-0224-0010-0021,0224-0010-0021,852.676866813469,11,181850,43836.9928702899
Portsmouth,,113,0224-0010-0022,178,13,,11,178-29992,8,CamaID: 0224-0010-0022,166 GOSPORT RD,487966,08178-0224-0010-0022,0224-0010-0022,837.657502446913,11,181851,43583.650009675
Portsmouth,,113,0224-0010-0023,178,13,,11,178-29993,8,CamaID: 0224-0010-0023,188 GOSPORT RD,487967,08178-0224-0010-0023,0224-0010-0023,803.817105299326,11,181852,43638.3029189651
Portsmouth,,302,0253-0012-0000,178,57,,33,178-35699,8,CamaID: 0253-0012-0000,1000 LAFAYETTE RD,487968,08178-0253-0012-0000,0253-0012-0000,955.730203514979,33,181853,52118.9150821498
Portsmouth,,113,0224-0010-0016,178,13,,11,178-29986,8,CamaID: 0224-0010-0016,260 ODIORNE POINT RD,487969,08178-0224-0010-0016,0224-0010-0016,1112.85462285351,11,181854,73959.9576655725
Portsmouth,,113,0224-0010-0019,178,13,,11,178-29989,8,CamaID: 0224-0010-0019,253 ODIORNE POINT RD,487970,08178-0224-0010-0019,0224-0010-0019,1632.97553000605,11,181855,93652.812034472
Portsmouth,,113,0224-0010-0015,178,13,,11,178-29985,8,CamaID: 0224-0010-0015,154 GOSPORT RD,487971,08178-0224-0010-0015,0224-0010-0015,1070.35270509668,11,181856,59373.425919241
Portsmouth,,113,0224-0010-0017,178,13,,11,178-29987,8,CamaID: 0224-0010-0017,330 ODIORNE POINT RD,487972,08178-0224-0010-0017,0224-0010-0017,1103.97009026991,11,181857,73885.063408718
Portsmouth,70,113,0224-0010-0012,178,13,,11,178-35429,8,CamaID: 0224-0010-0012,209 GOSPORT RD,487973,08178-0224-0010-0012,0224-0010-0012,979.314709729959,11-70,181858,44060.936722788
Portsmouth,,117,0282-0006-0007,178,16,,11,178-32129,8,CamaID: 0282-0006-0007,96 BUCKMINSTER WAY,487975,08178-0282-0006-0007,0282-0006-0007,951.033596959083,11,181859,44799.0727347219
Portsmouth,70,109,0205-0003-0000,178,9,,11,178-28623,8,CamaID: 0205-0003-0000,518 NEW CASTLE AVE,487974,08178-0205-0003-0000,0205-0003-0000,3018.01760500533,11-70,181860,338541.040979328
Portsmouth,,307,0316-0002-0000,178,63,,45,178-37908,8,CamaID: 0316-0002-0000,19 DURHAM ST,487976,08178-0316-0002-0000,0316-0002-0000,2685.62695264006,45,181861,287525.657220618
Portsmouth,,115,0270-0016-0000,178,15,,22,178-31692,8,CamaID: 0270-0016-0000,360 FW HARTFORD DR,487977,08178-0270-0016-0000,0270-0016-0000,857.258226672526,22,181862,37744.3975023125
Portsmouth,,115,0270-0013-0000,178,15,,11,178-31689,8,CamaID: 0270-0013-0000,365 FW HARTFORD DR,487978,08178-0270-0013-0000,0270-0013-0000,760.113919304623,11,181863,26568.1442811426
Portsmouth,,307,0315-0003-0000,178,63,,45,178-38372,8,CamaID: 0315-0003-0000,230 CORPORATE DR,487979,08178-0315-0003-0000,0315-0003-0000,1875.11903410018,45,181864,217789.934065026
Portsmouth,,307,0318-0001-0000,178,63,,44,178-37910,8,CamaID: 0318-0001-0000,273 CORPORATE DR,487980,08178-0318-0001-0000,0318-0001-0000,4788.94299906929,44,181865,874960.699391159
Portsmouth,,307,0302-0003-0000,178,63,,44,178-38188,8,CamaID: 0302-0003-0000,1 NEW HAMPSHIRE AVE,487981,08178-0302-0003-0000,0302-0003-0000,2302.29472363527,44,181866,237150.446583675
Portsmouth,,130,0212-0058-0001,178,26,,11,178-38565,8,CamaID: 0212-0058-0001,140 CONCORD WAY,487982,08178-0212-0058-0001,0212-0058-0001,205.375984434516,11,181867,2104.42959255628
Portsmouth,,307,0315-0006-0000,178,63,,57,178-38866,8,CamaID: 0315-0006-0000,CORPORATE DR,487983,08178-0315-0006-0000,0315-0006-0000,2881.6729091575,57,181868,449875.438733882
Portsmouth,,204,0212-0169-0000,178,34,,14,178-38915,8,CamaID: 0212-0169-0001,33 ALBACORE WAY #33A,487984,08178-0212-0169-0000,0212-0169-0001,762.95144820668,14,181869,23334.3091292053
Portsmouth,,130,0212-0014-0001,178,26,,11,178-29002,8,CamaID: 0212-0014-0001,35 CONCORD WAY,487985,08178-0212-0014-0001,0212-0014-0001,281.687387433906,11,181870,4625.41690426862
Portsmouth,,130,0212-0189-0000,178,26,,11,178-51187,8,CamaID: 0212-0189-0000,25 LAUREL COURT,487986,08178-0212-0189-0000,0212-0189-0000,314.229755999652,11,181871,5723.8255510879
Portsmouth,,130,0212-0180-0000,178,26,,11,178-51196,8,CamaID: 0212-0180-0000,20 LAUREL COURT,487987,08178-0212-0180-0000,0212-0180-0000,326.224999217327,11,181872,6258.89035949356
Portsmouth,,130,0212-0186-0000,178,26,,11,178-51190,8,CamaID: 0212-0186-0000,49 LAUREL COURT,487988,08178-0212-0186-0000,0212-0186-0000,313.266395619329,11,181873,6127.3984697471
Portsmouth,,130,0212-0183-0000,178,26,,11,178-51193,8,CamaID: 0212-0183-0000,71 LAUREL COURT,487989,08178-0212-0183-0000,0212-0183-0000,497.222657953303,11,181874,13348.7799617075
Portsmouth,,307,0319-0000-0000,178,63,,57,178-38342,8,CamaID: 0319-0000-0000,PEASE BLVD,487990,08178-0319-0000-0000,0319-0000-0000,13722.1964029497,57,181875,2525807.19462472
Portsmouth,,130,0212-0010-0001,178,26,,11,178-52268,8,CamaID: 0212-0010-0001,40 CONCORD WAY,487991,08178-0212-0010-0001,0212-0010-0001,249.102691129664,11,181876,2446.19499439689
Portsmouth,,,,178,,,,,,,,487992,08178-,,908.827866679979,,181877,20304.4549557967
Portsmouth,,133,0225-0018-0000,178,29,,22,178-30013,8,CamaID: 0225-0018-0000,ELWYN RD,487993,08178-0225-0018-0000,0225-0018-0000,329.057667326174,22,181878,4483.15290413254
Portsmouth,,304,0127-0013-0000,178,59,,57,178-37526,8,CamaID: 0127-0013-0000,116 MIDDLE ST,487994,08178-0127-0013-0000,0127-0013-0000,448.035945748455,57,181879,9382.19149809668
Portsmouth,,305,0116-0017-0000,178,60,,33,178-37312,8,CamaID: 0116-0017-0000,93 MIDDLE ST,487995,08178-0116-0017-0000,0116-0017-0000,266.9967122969,33,181880,4211.58369980467
Portsmouth,,305,0116-0018-0000,178,60,,27,178-37313,8,CamaID: 0116-0018-0000,51 COURT ST,487996,08178-0116-0018-0000,0116-0018-0000,274.131523722089,27,181881,4627.90908353144
Portsmouth,,305,0116-0015-0000,178,60,,57,178-33391,8,CamaID: 0116-0015-0000,438 STATE ST,487997,08178-0116-0015-0000,0116-0015-0000,263.839757500304,57,181882,4237.61387149836
Portsmouth,,305,0116-0014-0000,178,60,,57,178-33390,8,CamaID: 0116-0014-0000,426 STATE ST,487998,08178-0116-0014-0000,0116-0014-0000,274.014519988705,57,181883,4626.85287334527
Portsmouth,,305,0126-0012-0000,178,60,,33,178-37756,8,CamaID: 0126-0012-0000,15 MIDDLE ST,487999,08178-0126-0012-0000,0126-0012-0000,325.666584921569,33,181884,6176.06114106354
Portsmouth,,305,0126-0011-0000,178,60,,33,178-37497,8,CamaID: 0126-0011-0000,150 CONGRESS ST,488000,08178-0126-0011-0000,0126-0011-0000,505.105672387138,33,181885,9622.42844432699
Portsmouth,,305,0126-0010-0000,178,60,,33,178-37999,8,CamaID: 0126-0010-0000,138 CONGRESS ST,488001,08178-0126-0010-0000,0126-0010-0000,405.994234294255,33,181886,7763.34027144425
Portsmouth,,305,0126-0007-0000,178,60,,57,178-37828,8,CamaID: 0126-0007-0000,28 CHESTNUT ST,488002,08178-0126-0007-0000,0126-0007-0000,449.768008049212,57,181887,10842.4692603333
Portsmouth,,305,0126-0009-0000,178,60,,44,178-37492,8,CamaID: 0126-0009-0001,110 CONGRESS ST #1,488003,08178-0126-0009-0000,0126-0009-0001,516.118006583017,44,181888,8126.64508478641
Portsmouth,,305,0116-0013-0000,178,60,,44,178-37311,8,CamaID: 0116-0013-0002,414 STATE ST #2,488004,08178-0116-0013-0000,0116-0013-0002,280.693690218628,44,181889,4810.38080096145
Portsmouth,,204,0116-0012-0000,178,34,,14,178-52908,8,CamaID: 0116-0012-0001,402 STATE ST #1,488005,08178-0116-0012-0000,0116-0012-0001,280.513175785672,14,181890,4790.04674334285
Portsmouth,,305,0116-0016-0000,178,60,,33,178-38054,8,CamaID: 0116-0016-0000,85 MIDDLE ST,488006,08178-0116-0016-0000,0116-0016-0000,326.510886273811,33,181891,6747.48067966075
Portsmouth,,108,0116-0002-0000,178,8,,57,178-37733,8,CamaID: 0116-0002-0000,43 MIDDLE ST,488007,08178-0116-0002-0000,0116-0002-0000,548.091958350954,57,181892,19072.6709797446
Portsmouth,,302,0267-0008-0000,178,57,,33,178-35842,8,CamaID: 0267-0008-0000,1900 LAFAYETTE RD,488012,08178-0267-0008-0000,0267-0008-0000,1685.86494556476,33,181893,173220.895693549
Portsmouth,,118,0292-0199-0000,178,17,,11,178-32658,8,CamaID: 0292-0199-0000,9 DENISE ST,488013,08178-0292-0199-0000,0292-0199-0000,372.6048217445,11,181894,8694.88669630771
Portsmouth,,118,0292-0192-0000,178,17,,11,178-32651,8,CamaID: 0292-0192-0000,12 DENISE ST,488014,08178-0292-0192-0000,0292-0192-0000,385.677185368583,11,181895,9292.90127107139
Portsmouth,,302,0273-0005-0000,178,57,,23,178-35869,8,CamaID: 0273-0005-0000,2300 LAFAYETTE RD,488008,08178-0273-0005-0000,0273-0005-0000,9912.19615743908,23,181896,3235304.84385226
Portsmouth,,302,0267-0004-0000,178,57,,33,178-35812,8,CamaID: 0267-0004-0000,2032 LAFAYETTE RD,488009,08178-0267-0004-0000,0267-0004-0000,1683.62296174,33,181897,166884.82302918
Portsmouth,,302,0267-0005-0000,178,57,,33,178-35795,8,CamaID: 0267-0005-0000,2010 LAFAYETTE RD,488010,08178-0267-0005-0000,0267-0005-0000,1513.07638074237,33,181898,126861.476396281
Portsmouth,,301,0267-0015-0000,178,56,,60,178-35823,8,CamaID: 0267-0015-0000,325 WEST RD,488011,08178-0267-0015-0000,0267-0015-0000,1827.68488481401,60,181899,202134.114829751
Portsmouth,,301,0274-0003-0000,178,56,,27,178-35891,8,CamaID: 0274-0003-0000,BANFIELD RD,488015,08178-0274-0003-0000,0274-0003-0000,5898.52848078586,27,181900,1265298.74468962
Portsmouth,,301,0274-0005-0000,178,56,,34,178-38782,8,CamaID: 0274-0005-0000,300 CONSTITUTION AVE,488016,08178-0274-0005-0000,0274-0005-0000,2174.68717754435,34,181901,242064.150840083
Portsmouth,,120,0266-0008-0000,178,19,,11,178-31522,8,CamaID: 0266-0008-0000,425 BANFIELD RD,488017,08178-0266-0008-0000,0266-0008-0000,960.282358269623,11,181902,54864.4449901421
Portsmouth,,103B,0131-0015-0000,178,5,,11,178-33822,8,CamaID: 0131-0015-0000,239 BROAD ST,488018,08178-0131-0015-0000,0131-0015-0000,431.411217910509,11,181903,7529.86999584602
Portsmouth,,204,0131-0026-0000,178,34,,14,178-33862,8,CamaID: 0131-0026-0001,352 MILLER AVE #1,488019,08178-0131-0026-0000,0131-0026-0001,494.305944689314,14,181904,13379.8835312708
Portsmouth,,103B,0131-0017-0000,178,5,,11,178-33824,8,CamaID: 0131-0017-0000,259 BROAD ST,488020,08178-0131-0017-0000,0131-0017-0000,373.336749499822,11,181905,6907.29052504574
Portsmouth,,103B,0131-0016-0000,178,5,,11,178-33823,8,CamaID: 0131-0016-0000,253 BROAD ST,488021,08178-0131-0016-0000,0131-0016-0000,443.228485585887,11,181906,12242.1407719162
Portsmouth,,302,0164-0004-0000,178,57,,23,178-37607,8,CamaID: 0164-0004-0000,BARTLETT ST,488022,08178-0164-0004-0000,0164-0004-0000,8064.51246089842,23,181907,390379.053173422
Portsmouth,,301,0165-0014-0000,178,56,,57,178-38066,8,CamaID: 0165-0014-0000,BARTLETT ST,488023,08178-0165-0014-0000,0165-0014-0000,200.251606594848,57,181908,3.92078466161859
Portsmouth,,118,0292-0082-0000,178,17,,11,178-32545,8,CamaID: 0292-0082-0000,3 SUZANNE DR,488024,08178-0292-0082-0000,0292-0082-0000,399.219308922132,11,181909,9676.86117741286
Portsmouth,,118,0292-0003-0000,178,17,,11,178-32472,8,CamaID: 0292-0003-0000,66 SUZANNE DR,488025,08178-0292-0003-0000,0292-0003-0000,429.19853261556,11,181910,11958.3086022642
Portsmouth,,118,0292-0001-0000,178,17,,11,178-32470,8,CamaID: 0292-0001-0000,62 SUZANNE DR,488026,08178-0292-0001-0000,0292-0001-0000,531.799934428378,11,181911,14905.3473160462
Portsmouth,,302,0286-0006-0000,178,57,,57,178-32201,8,CamaID: 0286-0006-0000,68 ANNE AVE,488027,08178-0286-0006-0000,0286-0006-0000,491.890664616635,57,181912,15668.3962196285
Portsmouth,,302,0286-0022-0000,178,57,,33,178-35955,8,CamaID: 0286-0022-0000,2909 LAFAYETTE RD,488028,08178-0286-0022-0000,0286-0022-0000,1497.70879136931,33,181913,124425.858040345
Portsmouth,,302,0286-0013-0000,178,57,,13,178-32207,8,CamaID: 0286-0013-0000,50 ANNE AVE,488029,08178-0286-0013-0000,0286-0013-0000,1117.29528704597,13,181914,60548.0958050651
Portsmouth,,302,0287-0001-000A,178,57,,13,178-32215,8,CamaID: 0287-0001-000A,165 LANG RD,488030,08178-0287-0001-000A,0287-0001-000A,8972.58766449025,13,181915,1092704.40253205
Portsmouth,,302,0286-0021-0000,178,57,,33,178-35954,8,CamaID: 0286-0021-0000,2875 LAFAYETTE RD,488031,08178-0286-0021-0000,0286-0021-0000,1942.21988237545,33,181916,192683.454594014
Portsmouth,,215,0272-0009-0000,178,44,,14,178-32071,8,CamaID: 0272-0009-7220,1904 WHITE CEDAR BLVD #1904,488032,08178-0272-0009-0000,0272-0009-7220,8909.97794693372,14,181917,2971770.38435072
Portsmouth,,118,0292-0164-0000,178,17,,11,178-32623,8,CamaID: 0292-0164-0000,88 CARDINAL LN,488033,08178-0292-0164-0000,0292-0164-0000,631.403576002074,11,181918,24610.2686114103
Portsmouth,,304,0113-0020-0000,178,59,,57,178-33356,8,CamaID: 0113-0020-0000,147 LINCOLN AVE,488034,08178-0113-0020-0000,0113-0020-0000,239.504407776481,57,181919,3570.29234727255
Portsmouth,,305,0104-0005-0000,178,60,,57,178-37167,8,CamaID: 0104-0005-0000,MARCY ST,488035,08178-0104-0005-0000,0104-0005-0000,1916.48173707479,57,181920,120745.684335216
Portsmouth,,305,0103-0030-0000,178,60,,57,178-37179,8,CamaID: 0103-0030-0000,113 MECHANIC ST,488036,08178-0103-0030-0000,0103-0030-0000,375.700238106557,57,181921,6091.95872819494
Portsmouth,,123,0169-0002-0000,178,21,,11,178-35221,8,CamaID: 0169-0002-0000,245 SPINNEY RD,488037,08178-0169-0002-0000,0169-0002-0000,877.402168306342,11,181922,41285.0380846131
Portsmouth,,304,0169-0001-0000,178,59,,57,178-37784,8,CamaID: 0169-0001-0000,355 SPINNEY RD,488038,08178-0169-0001-0000,0169-0001-0000,1453.370048596,57,181923,128571.055787504
Portsmouth,,123,0169-0001-0001,178,21,,57,178-54583,8,CamaID: 0169-0001-0001,353 SPINNEY RD,488039,08178-0169-0001-0001,0169-0001-0001,596.188367840522,57,181924,17790.1729719738
Portsmouth,,302,0165-0006-0000,178,57,,33,178-37636,8,CamaID: 0165-0006-0000,833 ISLINGTON ST,488040,08178-0165-0006-0000,0165-0006-0000,404.725827028772,33,181925,7974.87735094918
Portsmouth,,305,0116-0003-0000,178,60,,44,178-38055,8,CamaID: 0116-03HH-0000,401 STATE ST #104,488041,08178-0116-0003-0000,0116-03HH-0000,753.467588367655,44,181926,30759.9530743132
Portsmouth,,305A,0126-0033-0000,178,61,,44,178-51864,8,CamaID: 0126-0033-0104,51 ISLINGTON ST # 104,488042,08178-0126-0033-0000,0126-0033-0104,715.499773990481,44,181927,31017.4197490865
Portsmouth,,201,0116-0039-0000,178,31,,14,178-37209,8,CamaID: 0116-0039-0001,110 COURT ST #1,488043,08178-0116-0039-0000,0116-0039-0001,324.430199401974,14,181928,6524.67529934871
Portsmouth,,305,0116-0011-0000,178,60,,57,178-33389,8,CamaID: 0116-0011-0000,388 STATE ST,488044,08178-0116-0011-0000,0116-0011-0000,307.30487250197,57,181929,5916.03575656647
Portsmouth,,305,0116-0010-0000,178,60,,33,178-37310,8,CamaID: 0116-0010-0000,340 STATE ST,488045,08178-0116-0010-0000,0116-0010-0000,616.959133712888,33,181930,15874.3634073865
Portsmouth,,305,0116-0004-0000,178,60,,57,178-37972,8,CamaID: 0116-0004-0000,379 STATE ST,488046,08178-0116-0004-0000,0116-0004-0000,233.275339838786,57,181931,3013.90968367083
Portsmouth,,105,0144-0042-0000,178,7,,11,178-34364,8,CamaID: 0144-0042-0000,199 MCDONOUGH ST,488047,08178-0144-0042-0000,0144-0042-0000,207.629656972341,11,181932,2483.99515594794
Portsmouth,,105,0144-0043-0000,178,7,,11,178-34365,8,CamaID: 0144-0043-0000,187 MCDONOUGH ST,488048,08178-0144-0043-0000,0144-0043-0000,206.222044320296,11,181933,2619.90737310374
Portsmouth,,131,0159-0034-0000,178,27,,11,178-34929,8,CamaID: 0159-0034-0000,161 THORNTON ST,488049,08178-0159-0034-0000,0159-0034-0000,365.472349886307,11,181934,8087.36853570866
Portsmouth,,131,0159-0033-0000,178,27,,11,178-34928,8,CamaID: 0159-0033-0000,80 BURKITT ST,488050,08178-0159-0033-0000,0159-0033-0000,343.208886947547,11,181935,6133.84558638399
Portsmouth,,121,0261-0076-0000,178,20,,11,178-38451,8,CamaID: 0261-0076-0000,200 SHERBURNE RD,488051,08178-0261-0076-0000,0261-0076-0000,925.004043456852,11,181936,35506.8044268106
Portsmouth,,121,0261-0002-0000,178,20,,11,178-31424,8,CamaID: 0261-0002-0000,278 SHERBURNE RD,488052,08178-0261-0002-0000,0261-0002-0000,1410.97249391021,11,181937,76437.3668827866
Portsmouth,,121,0260-0169-0000,178,20,,11,178-31422,8,CamaID: 0260-0169-0000,145 SHERBURNE RD,488053,08178-0260-0169-0000,0260-0169-0000,527.65854069784,11,181938,16947.1383393511
Portsmouth,,121,0260-0005-0000,178,20,,22,178-31260,8,CamaID: 0260-0005-0000,SHERBURNE RD,488054,08178-0260-0005-0000,0260-0005-0000,430.081574179832,22,181939,10836.9269001226
Portsmouth,,307,0311-0004-0000,178,63,,45,178-37890,8,CamaID: 0311-0004-0000,125 AVIATION AVE,488055,08178-0311-0004-0000,0311-0004-0000,3190.8961422191,45,181940,435542.936969425
Portsmouth,,307,0311-0001-0000,178,63,,44,178-37887,8,CamaID: 0311-0001-0000,31 ROCHESTER AVE,488056,08178-0311-0001-0000,0311-0001-0000,5104.96871196508,44,181941,483808.371031003
Portsmouth,,307,0311-0002-0000,178,63,,44,178-37888,8,CamaID: 0311-0002-0000,77 AVIATION AVE,488057,08178-0311-0002-0000,0311-0002-0000,849.968691788776,44,181942,37810.7283176809
Portsmouth,,307,0305-0003-0000,178,63,,44,178-51804,8,CamaID: 0305-0003-0003,114 CORPORATE DR #3,488058,08178-0305-0003-0000,0305-0003-0003,2838.31087993706,44,181943,503047.667002489
Portsmouth,,307,0313-0001-0000,178,63,,45,178-38209,8,CamaID: 0313-0001-0000,162 CORPORATE DR,488059,08178-0313-0001-0000,0313-0001-0000,2682.46377982851,45,181944,456487.654599178
Portsmouth,,307,0313-0002-0000,178,63,,45,178-38396,8,CamaID: 0313-0002-0000,160 CORPORATE DR,488060,08178-0313-0002-0000,0313-0002-0000,2908.40741674469,45,181945,377773.410508114
Portsmouth,,307,0303-0003-0000,178,63,,45,178-37851,8,CamaID: 0303-0003-0000,35 CORPORATE DR,488061,08178-0303-0003-0000,0303-0003-0000,3914.04486877983,45,181946,1012305.77408716
Portsmouth,,307,0303-0004-0000,178,63,,33,178-38386,8,CamaID: 0303-0004-0000,67 CORPORATE DR,488062,08178-0303-0004-0000,0303-0004-0000,2984.28993861067,33,181947,427499.506850823
Portsmouth,,307,0303-0005-0000,178,63,,44,178-37852,8,CamaID: 0303-0005-0000,73 CORPORATE DR,488063,08178-0303-0005-0000,0303-0005-0000,1880.41366796081,44,181948,217861.784941218
Portsmouth,,307,0303-0002-0000,178,63,,44,178-37850,8,CamaID: 0303-0002-0001,1 INTERNATIONAL DR,488064,08178-0303-0002-0000,0303-0002-0001,3051.38311290698,44,181949,435715.449720934
Portsmouth,,307,0303-0001-0000,178,63,,44,178-37849,8,CamaID: 0303-0001-0000,27 INTERNATIONAL DR,488065,08178-0303-0001-0000,0303-0001-0000,1920.28035582409,44,181950,217731.689774868
Portsmouth,,307,0306-0002-0000,178,63,,44,178-38948,8,CamaID: 0306-0002-0001,100 INTERNATIONAL DR #1,488066,08178-0306-0002-0000,0306-0002-0001,3274.41469055911,44,181951,602253.625426916
Portsmouth,,307,0305-0007-0000,178,63,,57,178-37947,8,CamaID: 0305-0007-0000,71 INTERNATIONAL DR,488067,08178-0305-0007-0000,0305-0007-0000,2393.36917828335,57,181952,303505.14408294
Portsmouth,,305,0208-001A-0000,178,60,,44,178-35322,8,CamaID: 0208-001A-0000,1 PEIRCE ISLAND RD,488068,08178-0208-001A-0000,0208-001A-0000,1820.56347206995,44,181953,85686.6861683989
Portsmouth,,112,0222-0020-0000,178,12,,11,178-29616,8,CamaID: 0222-0020-0000,607 SAGAMORE AVE,488069,08178-0222-0020-0000,0222-0020-0000,511.240604565099,11,181954,16217.5992870049
Portsmouth,,306,0222-0019-0000,178,62,,57,178-35416,8,CamaID: 0222-0019-0000,635 SAGAMORE AVE,488070,08178-0222-0019-0000,0222-0019-0000,1280.94469671787,57,181955,84274.6836874648
Portsmouth,,112,0222-0018-0000,178,12,,11,178-29615,8,CamaID: 0222-0018-0000,695 SAGAMORE AVE,488071,08178-0222-0018-0000,0222-0018-0000,726.435742160231,11,181956,23522.1230696423
Portsmouth,,112,0222-0017-0000,178,12,,11,178-29614,8,CamaID: 0222-0017-0000,697 SAGAMORE AVE,488072,08178-0222-0017-0000,0222-0017-0000,911.519249111717,11,181957,35291.9018338929
Portsmouth,,112,0222-0016-0000,178,12,,11,178-29613,8,CamaID: 0222-0016-0000,713 SAGAMORE AVE,488073,08178-0222-0016-0000,0222-0016-0000,485.475519230524,11,181958,13272.1443596944
Portsmouth,,112,0223-0036-0000,178,12,,11,178-29843,8,CamaID: 0223-0036-0000,749 SAGAMORE AVE,488074,08178-0223-0036-0000,0223-0036-0000,975.788428962244,11,181959,52516.3730500776
Portsmouth,,131,0162-0017-0000,178,27,,12,178-35047,8,CamaID: 0162-0017-0000,55 PINE ST,488075,08178-0162-0017-0000,0162-0017-0000,500.696968918593,12,181960,15036.0499843548
Portsmouth,,131,0162-0003-0000,178,27,,11,178-35033,8,CamaID: 0162-0003-0000,275 THORNTON ST,488076,08178-0162-0003-0000,0162-0003-0000,459.563924549899,11,181961,11514.8916865363
Portsmouth,,131,0162-0004-0000,178,27,,11,178-35034,8,CamaID: 0162-0004-0000,295 THORNTON ST,488077,08178-0162-0004-0000,0162-0004-0000,508.448405892995,11,181962,15481.290580804
Portsmouth,,131,0162-0016-0001,178,27,,11,178-54782,8,CamaID: 0162-0016-0001,67 MEREDITH WAY,488078,08178-0162-0016-0001,0162-0016-0001,452.12083150409,11,181963,11265.4552388676
Portsmouth,,221,0222-0021-0000,178,50,,14,178-29707,8,CamaID: 0222-0021-0135,567 SAGAMORE AVE #15,488079,08178-0222-0021-0000,0222-0021-0135,4148.04533363279,14,181964,659630.410204255
Portsmouth,,305,0126-0001-0000,178,60,,33,178-37490,8,CamaID: 0126-0001-0000,180 HANOVER ST,488080,08178-0126-0001-0000,0126-0001-0000,545.290820903691,33,181965,13964.1970975626
Portsmouth,,305,0117-0002-0000,178,60,,44,178-37331,8,CamaID: 0117-0002-0004,174 FLEET ST #4,488081,08178-0117-0002-0000,0117-0002-0004,570.876922880526,44,181966,19933.7673077572
Portsmouth,,305,0126-0002-0000,178,60,,44,178-54022,8,CamaID: 0126-0002-0101,25 MAPLEWOOD AVE #101,488082,08178-0126-0002-0000,0126-0002-0101,418.880682541141,44,181967,11022.9759498016
Portsmouth,73,131,0122-0003-0000,178,27,,11,178-33612,8,CamaID: 0122-0003-0000,239 NORTHWEST ST,488083,08178-0122-0003-0000,0122-0003-0000,354.457669572419,11-73,181968,4038.16828744488
Portsmouth,,131,0122-0001-0000,178,27,,11,178-33610,8,CamaID: 0122-0001-0000,121 NORTHWEST ST,488084,08178-0122-0001-0000,0122-0001-0000,311.552876696721,11,181969,5916.25788879133
Portsmouth,,305,0107-0050-0000,178,60,,33,178-37302,8,CamaID: 0107-0050-0000,111 STATE ST,488085,08178-0107-0050-0000,0107-0050-0000,275.573785648702,33,181970,4727.66939202063
Portsmouth,,305A,0144-0023-0000,178,61,,33,178-38027,8,CamaID: 0144-0023-0000,361 ISLINGTON ST,488086,08178-0144-0023-0000,0144-0023-0000,501.955992855126,33,181971,15090.8517998323
Portsmouth,,105,0144-0030-0000,178,7,,11,178-34353,8,CamaID: 0144-0030-0000,45 SALEM ST,488087,08178-0144-0030-0000,0144-0030-0000,587.757729585038,11,181972,6775.26218486724
Portsmouth,,118,0292-0203-0000,178,17,,11,178-32662,8,CamaID: 0292-0203-0000,1 DENISE ST,488088,08178-0292-0203-0000,0292-0203-0000,396.134211453851,11,181973,10071.0310653386
Portsmouth,,118,0292-0181-0000,178,17,,11,178-32640,8,CamaID: 0292-0181-0000,18 MARIETTE DR,488089,08178-0292-0181-0000,0292-0181-0000,386.736705889136,11,181974,9266.05662709934
Portsmouth,,118,0292-0189-0000,178,17,,11,178-32648,8,CamaID: 0292-0189-0000,6 DENISE ST,488090,08178-0292-0189-0000,0292-0189-0000,376.35549349351,11,181975,8842.46994854276
Portsmouth,,119,0292-0222-0000,178,18,,11,178-38140,8,CamaID: 0292-0222-0000,9 NATHANIEL DR,488091,08178-0292-0222-0000,0292-0222-0000,552.225895593515,11,181976,19777.8889895028
Portsmouth,,118,0292-0202-0000,178,17,,11,178-32661,8,CamaID: 0292-0202-0000,3 DENISE ST,488092,08178-0292-0202-0000,0292-0202-0000,375.801416178145,11,181977,8747.57434835131
Portsmouth,,118,0292-0180-0000,178,17,,11,178-32639,8,CamaID: 0292-0180-0000,20 MARIETTE DR,488093,08178-0292-0180-0000,0292-0180-0000,384.511359922782,11,181978,9244.71495450664
Portsmouth,,118,0292-0204-0000,178,17,,11,178-32663,8,CamaID: 0292-0204-0000,4 MARIETTE DR,488094,08178-0292-0204-0000,0292-0204-0000,369.227031749603,11,181979,9161.09970849539
Portsmouth,,306,0204-0001-0000,178,62,,57,178-35307,8,CamaID: 0204-0001-0000,SAGAMORE AVE,488097,08178-0204-0001-0000,0204-0001-0000,1943.96295959308,57,181980,235808.220133022
Portsmouth,,307,0307-0001-0000,178,63,,45,178-37861,8,CamaID: 0307-0001-0000,68 NEW HAMPSHIRE AVE,488098,08178-0307-0001-0000,0307-0001-0000,1950.03112463047,45,181981,218762.617064091
Portsmouth,70,111,0204-0016-0000,178,11,,11,178-28617,8,CamaID: 0204-0016-0000,7 CURRIERS CV,488095,08178-0204-0016-0000,0204-0016-0000,4742.7938951644,11-70,181982,331758.177385763
Portsmouth,,112,0222-0036-0000,178,12,,11,178-29631,8,CamaID: 0222-0036-0000,349 SAGAMORE AVE,488096,08178-0222-0036-0000,0222-0036-0000,336.704322099232,11,181983,6907.51109699738
Portsmouth,,307,0308-0009-0000,178,63,,57,178-37873,8,CamaID: 0308-0009-0000,22 HAMPTON ST,488099,08178-0308-0009-0000,0308-0009-0000,5216.63387887315,57,181984,1373268.53324804
Portsmouth,,307,0310-0000-0000,178,63,,57,178-38359,8,CamaID: 0310-0000-0000,AVIATION AVE,488100,08178-0310-0000-0000,0310-0000-0000,8555.90596583758,57,181985,886757.981628078
Portsmouth,,307,0309-0008-0000,178,63,,57,178-38869,8,CamaID: 0309-0008-0000,105 FLIGHTLINE ROAD,488101,08178-0309-0008-0000,0309-0008-0000,1427.9971101715,57,181986,124532.391092333
Portsmouth,,303,0239-0002-0000,178,58,,23,178-35537,8,CamaID: 0239-0002-0000,1618 WOODBURY AVE,488102,08178-0239-0002-0000,0239-0002-0000,535.501684090596,23,181987,14477.2467586377
Portsmouth,,303,0238-0017-0000,178,58,,33,178-30736,8,CamaID: 0238-0017-0000,1574 WOODBURY AVE,488103,08178-0238-0017-0000,0238-0017-0000,840.135473098843,33,181988,43672.4395108625
Portsmouth,,119,0217-0002-1826,178,18,,11,178-29249,8,CamaID: 0217-0002-1826,15 SANDERLING WAY,488104,08178-0217-0002-1826,0217-0002-1826,775.486364435812,11,181989,27412.6745853756
Portsmouth,,119,0217-0002-1825,178,18,,11,178-29248,8,CamaID: 0217-0002-1825,17 SANDERLING WAY,488105,08178-0217-0002-1825,0217-0002-1825,770.050059557799,11,181990,28946.7862673217
Portsmouth,,303,0238-0015-0000,178,58,,33,178-35531,8,CamaID: 0238-0015-0000,1550 WOODBURY AVE,488106,08178-0238-0015-0000,0238-0015-0000,883.085198388096,33,181991,45006.0982646235
Portsmouth,,303,0239-0016-0000,178,58,,23,178-35546,8,CamaID: 0239-0016-0000,DURGIN LN,488107,08178-0239-0016-0000,0239-0016-0000,1799.92729941609,23,181992,134140.219080973
Portsmouth,,119,0217-0002-1824,178,18,,11,178-29247,8,CamaID: 0217-0002-1824,19 SANDERLING WAY,488108,08178-0217-0002-1824,0217-0002-1824,733.185826780337,11,181993,28538.4296575864
Portsmouth,,119,0217-0002-1975,178,18,,22,178-29259,8,CamaID: 0217-0002-1975,SHEARWATER DR,488109,08178-0217-0002-1975,0217-0002-1975,2060.25687770383,22,181994,201919.965468109
Portsmouth,,206,0152-0001-0000,178,36,,14,178-34794,8,CamaID: 0152-0001-000A,921 MIDDLE ST #1,488110,08178-0152-0001-0000,0152-0001-000A,527.394036847681,14,181995,13971.5799810667
Portsmouth,,104,0152-0012-0000,178,6,,11,178-34757,8,CamaID: 0152-0012-0000,35 MIDDLE RD,488111,08178-0152-0012-0000,0152-0012-0000,409.918729343152,11,181996,9909.78223662663
Portsmouth,,304,0127-0007-0000,178,59,,57,178-33677,8,CamaID: 0127-0007-0000,3 RICHARDS AVE,488112,08178-0127-0007-0000,0127-0007-0000,328.644185710083,57,181997,5636.90265302861
Portsmouth,,105,0127-0028-0000,178,7,,11,178-37703,8,CamaID: 0127-0028-0000,27 AUSTIN ST,488113,08178-0127-0028-0000,0127-0028-0000,753.01426544789,11,181998,31887.9882362635
Portsmouth,,304,0127-0003-0000,178,59,,57,178-38003,8,CamaID: 0127-0003-0000,145 MIDDLE ST,488114,08178-0127-0003-0000,0127-0003-0000,366.075482421132,57,181999,6638.13772203617
Portsmouth,,304,0127-0017-0000,178,59,,57,178-38007,8,CamaID: 0127-0017-0000,536 STATE ST,488115,08178-0127-0017-0000,0127-0017-0000,232.675634389255,57,182000,2942.1762311627
Portsmouth,,105,0127-0016-0000,178,7,,12,178-33684,8,CamaID: 0127-0016-0000,534 STATE ST,488116,08178-0127-0016-0000,0127-0016-0000,225.196377694366,12,182001,2237.29615465378
Portsmouth,,103B,0127-0006-0000,178,5,,11,178-33676,8,CamaID: 0127-0006-0000,199 MIDDLE ST,488117,08178-0127-0006-0000,0127-0006-0000,566.212125664025,11,182002,12229.6590911862
Portsmouth,,304,0127-0005-0000,178,59,,33,178-38005,8,CamaID: 0127-0005-0000,171 MIDDLE ST,488118,08178-0127-0005-0000,0127-0005-0000,517.784660147188,33,182003,12017.2979609635
Portsmouth,,305,0128-0016-0000,178,60,,27,178-38314,8,CamaID: 0128-0016-0000,PARROTT AVE,488119,08178-0128-0016-0000,0128-0016-0000,1909.07176865696,27,182004,191423.186228139
Portsmouth,,304,0127-0004-0000,178,59,,33,178-38004,8,CamaID: 0127-0004-0000,159 MIDDLE ST,488120,08178-0127-0004-0000,0127-0004-0000,589.711669507886,33,182005,13898.2084297361
Portsmouth,,305,0127-0002-0000,178,60,,57,178-37759,8,CamaID: 0127-0002-0000,18 COURT ST,488121,08178-0127-0002-0000,0127-0002-0000,952.873018671129,57,182006,47461.6211939762
Portsmouth,,,0,178,,,,,,,,488122,08178-0,,309.001228137934,,182007,1999.9081716199
Portsmouth,,305,0127-0001-0000,178,60,,33,178-37674,8,CamaID: 0127-0001-0000,40 COURT ST,488123,08178-0127-0001-0000,0127-0001-0000,749.297163768575,33,182008,26409.8737931398
Portsmouth,,103B,0149-0005-0000,178,5,,11,178-34608,8,CamaID: 0149-0005-0000,211 PARK ST,488124,08178-0149-0005-0000,0149-0005-0000,280.974254319259,11,182009,4791.27395512164
Portsmouth,,114,0251-0084-0000,178,14,,11,178-31130,8,CamaID: 0251-0084-0000,65 MCKINLEY RD,488125,08178-0251-0084-0000,0251-0084-0000,531.963868152686,11,182010,15642.9652121383
Portsmouth,,114,0251-0067-0000,178,14,,11,178-31113,8,CamaID: 0251-0067-0000,107 MCKINLEY RD,488126,08178-0251-0067-0000,0251-0067-0000,552.233668573618,11,182011,16965.2125338841
Portsmouth,,114,0251-0067-0001,178,14,,11,178-53107,8,CamaID: 0251-0067-0001,24 COOLIDGE DR,488127,08178-0251-0067-0001,0251-0067-0001,530.287254200183,11,182012,15236.5650900987
Portsmouth,,114,0268-0065-0000,178,14,,11,178-31586,8,CamaID: 0268-0065-0000,209 GRANT AVE,488128,08178-0268-0065-0000,0268-0065-0000,417.218649019107,11,182013,11201.3461508146
Portsmouth,,114,0251-0046-0000,178,14,,11,178-31092,8,CamaID: 0251-0046-0000,123 MCKINLEY RD,488129,08178-0251-0046-0000,0251-0046-0000,359.301297463903,11,182014,8520.23765779064
Portsmouth,,114,0268-0066-0000,178,14,,11,178-31587,8,CamaID: 0268-0066-0000,239 GRANT AVE,488130,08178-0268-0066-0000,0268-0066-0000,586.720044430678,11,182015,19783.9872477504
Portsmouth,,130,0212-0018-0001,178,26,,11,178-54243,8,CamaID: 0212-0018-0001,638 KEARSARGE WAY,488131,08178-0212-0018-0001,0212-0018-0001,240.311963836358,11,182016,2930.66592851241
Portsmouth,,130,0212-0018-0000,178,26,,11,178-28854,8,CamaID: 0212-0018-0000,636 KEARSARGE WAY,488132,08178-0212-0018-0000,0212-0018-0000,226.328866225212,11,182017,2626.51135448283
Portsmouth,,103A,0112-0055-0000,178,4,,11,178-33331,8,CamaID: 0112-0055-0000,411 SOUTH ST,488133,08178-0112-0055-0000,0112-0055-0000,402.869913893801,11,182018,8808.03699611623
Portsmouth,,103A,0112-0054-0000,178,4,,11,178-33330,8,CamaID: 0112-0054-0000,419 SOUTH ST,488134,08178-0112-0054-0000,0112-0054-0000,693.888013689855,11,182019,12816.6645144073
Portsmouth,,131,0162-0046-0000,178,27,,11,178-35074,8,CamaID: 0162-0046-0000,238 BARTLETT ST,488135,08178-0162-0046-0000,0162-0046-0000,380.475180864266,11,182020,6621.34217459218
Portsmouth,,131,0162-0047-0000,178,27,,11,178-35075,8,CamaID: 0162-0047-0000,248 BARTLETT ST,488136,08178-0162-0047-0000,0162-0047-0000,342.195514095824,11,182021,7139.40830038517
Portsmouth,,131,0162-0048-0000,178,27,,11,178-35076,8,CamaID: 0162-0048-0000,268 BARTLETT ST,488137,08178-0162-0048-0000,0162-0048-0000,342.458238031697,11,182022,7151.73757098115
Portsmouth,,204,0149-0062-0000,178,34,,14,178-34666,8,CamaID: 0149-0062-0001,873 MIDDLE ST #1,488138,08178-0149-0062-0000,0149-0062-0001,1059.07236926402,14,182023,72327.8899005355
Portsmouth,,304,0149-0060-0000,178,59,,57,178-34662,8,CamaID: 0149-0060-0000,10 MENDUM AVE,488139,08178-0149-0060-0000,0149-0060-0000,402.350575154071,57,182024,10100.7305915649
Portsmouth,,103B,0149-0004-0000,178,5,,11,178-34607,8,CamaID: 0149-0004-0000,201 PARK ST,488140,08178-0149-0004-0000,0149-0004-0000,421.893565806677,11,182025,8027.22975359869
Portsmouth,,103B,0149-0059-0000,178,5,,11,178-34661,8,CamaID: 0149-0059-0000,44 MENDUM AVE,488141,08178-0149-0059-0000,0149-0059-0000,334.655932701048,11,182026,6784.76084137049
Portsmouth,,103B,0149-0058-0000,178,5,,11,178-34660,8,CamaID: 0149-0058-0000,52 MENDUM AVE,488142,08178-0149-0058-0000,0149-0058-0000,292.764375070147,11,182027,4782.65945431425
Portsmouth,,103B,0149-0057-0000,178,5,,11,178-34659,8,CamaID: 0149-0057-0000,62 MENDUM AVE,488143,08178-0149-0057-0000,0149-0057-0000,396.510277596365,11,182028,7445.50178799341
Portsmouth,,103B,0149-0003-0000,178,5,,11,178-34606,8,CamaID: 0149-0003-0000,191 PARK ST,488144,08178-0149-0003-0000,0149-0003-0000,413.943714036924,11,182029,7876.16889387075
Portsmouth,,103B,0149-0056-0000,178,5,,11,178-34658,8,CamaID: 0149-0056-0000,76 MENDUM AVE,488145,08178-0149-0056-0000,0149-0056-0000,297.439724605109,11,182030,4941.21355159408
Portsmouth,,103B,0149-0054-0000,178,5,,11,178-34656,8,CamaID: 0149-0054-0000,104 MENDUM AVE,488146,08178-0149-0054-0000,0149-0054-0000,298.786800223201,11,182031,4996.48519210024
Portsmouth,,103B,0149-0002-0000,178,5,,11,178-34605,8,CamaID: 0149-0002-0000,181 PARK ST,488147,08178-0149-0002-0000,0149-0002-0000,404.82636606089,11,182032,7525.72094473493
Portsmouth,,103B,0149-0001-0000,178,5,,11,178-34604,8,CamaID: 0149-0001-0000,171 PARK ST,488148,08178-0149-0001-0000,0149-0001-0000,402.454265694769,11,182033,7599.61428723219
Portsmouth,,103B,0148-0013-0000,178,5,,11,178-34548,8,CamaID: 0148-0013-0000,160 PARK ST,488149,08178-0148-0013-0000,0148-0013-0000,251.055329388123,11,182034,3933.30732492569
Portsmouth,,103B,0148-0009-0000,178,5,,11,178-34544,8,CamaID: 0148-0009-0000,161 PARK ST,488150,08178-0148-0009-0000,0148-0009-0000,414.464634591183,11,182035,8602.4754020624
Portsmouth,,103B,0149-0053-0000,178,5,,11,178-34655,8,CamaID: 0149-0053-0000,192 PARK ST,488151,08178-0149-0053-0000,0149-0053-0000,397.696667354739,11,182036,7340.02901278359
Portsmouth,,118,0292-0140-0000,178,17,,11,178-32602,8,CamaID: 0292-0140-0000,9 WINCHESTER ST,488152,08178-0292-0140-0000,0292-0140-0000,405.080836120804,11,182037,9322.92403594867
Portsmouth,,102,0103-0097-0000,178,3,,11,178-33042,8,CamaID: 0103-0097-0000,127 GATES ST,488153,08178-0103-0097-0000,0103-0097-0000,240.456071976843,11,182038,3164.63474882469
Portsmouth,,101,0103-0099-0000,178,2,,11,178-33044,8,CamaID: 0103-0099-0000,143 GATES ST,488154,08178-0103-0099-0000,0103-0099-0000,251.419933842897,11,182039,2913.13315501068
Portsmouth,,304,0243-0002-0000,178,59,,37,178-35603,8,CamaID: 0243-0002-000B,600 LAFAYETTE RD,488155,08178-0243-0002-0000,0243-0002-000B,1234.5378938787,37,182040,82675.5636433848
Portsmouth,,302,0229-008B-0000,178,57,,33,178-35465,8,CamaID: 0229-008B-0000,581 LAFAYETTE RD,488156,08178-0229-008B-0000,0229-008B-0000,1390.40356268352,33,182041,98124.5012364433
Portsmouth,,,0156-0022-0000,178,,,,,,,,488157,08178-0156-0022-0000,,411.881327341465,,182042,8429.11666453832
Portsmouth,,204,0145-0080-0000,178,34,,14,178-38443,8,CamaID: 0145-0080-0001,158 CABOT ST #1,488158,08178-0145-0080-0000,0145-0080-0001,368.034099359846,14,182043,6701.99020179409
Portsmouth,,105,0145-0081-0000,178,7,,12,178-34441,8,CamaID: 0145-0081-0000,166 CABOT ST,488159,08178-0145-0081-0000,0145-0081-0000,299.951368796599,12,182044,5061.26447206716
Portsmouth,,105,0145-0012-0000,178,7,,11,178-34381,8,CamaID: 0145-0012-0000,202 CABOT ST,488160,08178-0145-0012-0000,0145-0012-0000,237.418191317673,11,182045,3521.44152505684
Portsmouth,,105,0157-0011-0000,178,7,,12,178-34878,8,CamaID: 0157-0011-0000,30 DOVER ST,488161,08178-0157-0011-0000,0157-0011-0000,250.23756900163,12,182046,3720.99766277339
Portsmouth,,105,0144-0035-0000,178,7,,11,178-34358,8,CamaID: 0144-0035-0000,30 SALEM ST,488162,08178-0144-0035-0000,0144-0035-0000,358.85429448461,11,182047,7940.3773670634
Portsmouth,,305A,0144-0024-0000,178,61,,33,178-34348,8,CamaID: 0144-0024-0000,278 CABOT ST,488163,08178-0144-0024-0000,0144-0024-0000,346.170747385914,33,182048,6125.82523534578
Portsmouth,,105,0144-0025-0000,178,7,,12,178-34349,8,CamaID: 0144-0025-0000,286 CABOT ST,488164,08178-0144-0025-0000,0144-0025-0000,343.146879074684,12,182049,6054.69206035035
Portsmouth,,204,0144-0026-0000,178,34,,14,178-37819,8,CamaID: 0144-0026-0001,304 CABOT ST #1,488165,08178-0144-0026-0000,0144-0026-0001,315.571479874187,14,182050,5785.71518770169
Portsmouth,,204,0145-0013-0000,178,34,,14,178-38875,8,CamaID: 0145-0013-0002,210 CABOT ST #2,488166,08178-0145-0013-0000,0145-0013-0002,375.207619069756,14,182051,5958.56010820353
Portsmouth,,105,0145-0014-0000,178,7,,11,178-34383,8,CamaID: 0145-0014-0000,220 CABOT ST,488167,08178-0145-0014-0000,0145-0014-0000,410.705610261593,11,182052,9211.32742673088
Portsmouth,,105,0145-0044-0000,178,7,,22,178-34408,8,CamaID: 0145-0044-0000,COLUMBIA ST,488168,08178-0145-0044-0000,0145-0044-0000,313.080249679227,22,182053,5202.81907815144
Portsmouth,,105,0145-0065-0000,178,7,,11,178-34426,8,CamaID: 0145-0065-0000,88 UNION ST,488169,08178-0145-0065-0000,0145-0065-0000,333.094791666533,11,182054,5723.53855720831
Portsmouth,,302,0292-0150-0000,178,57,,33,178-35979,8,CamaID: 0292-0150-0000,3168 LAFAYETTE RD,488170,08178-0292-0150-0000,0292-0150-0000,355.021242542788,33,182055,5062.65393730327
Portsmouth,,206,0292-0151-0001,178,36,,14,178-54321,8,CamaID: 0292-0151-0001,55 OCEAN RD #1,488171,08178-0292-0151-0001,0292-0151-0001,1332.54879394043,14,182056,80271.9456027976
Portsmouth,,118,0292-0153-0000,178,17,,11,178-32612,8,CamaID: 0292-0153-0000,65 OCEAN RD,488172,08178-0292-0153-0000,0292-0153-0000,499.311805837142,11,182057,15000.1973907246
Portsmouth,,118,0292-0154-0000,178,17,,11,178-32613,8,CamaID: 0292-0154-0000,85 OCEAN RD,488173,08178-0292-0154-0000,0292-0154-0000,971.815649600847,11,182058,37709.1454224824
Portsmouth,,302,0292-0012-0000,178,57,,57,178-35973,8,CamaID: 0292-0012-0000,3010 LAFAYETTE RD,488174,08178-0292-0012-0000,0292-0012-0000,1359.38179259519,57,182059,112707.032598265
Portsmouth,,302,0292-0152-0000,178,57,,33,178-35980,8,CamaID: 0292-0152-0000,3020 LAFAYETTE RD,488175,08178-0292-0152-0000,0292-0152-0000,465.437641772417,33,182060,11445.6995826824
Portsmouth,,118,0292-0247-0000,178,17,,11,178-51824,8,CamaID: 0292-0247-0000,100 CARDINAL LN,488176,08178-0292-0247-0000,0292-0247-0000,518.934927554865,11,182061,16682.4986068942
Portsmouth,,118,0292-0145-0000,178,17,,11,178-32607,8,CamaID: 0292-0145-0000,95 CARDINAL LN,488177,08178-0292-0145-0000,0292-0145-0000,473.426320587374,11,182062,12009.4610049269
Portsmouth,,118,0292-0146-0000,178,17,,11,178-32608,8,CamaID: 0292-0146-0000,3240 LAFAYETTE RD,488178,08178-0292-0146-0000,0292-0146-0000,481.38215799658,11,182063,12581.1282844602
Portsmouth,,302,0291-0008-0000,178,57,,33,178-51786,8,CamaID: 0291-0008-0000,LAFAYETTE RD,488179,08178-0291-0008-0000,0291-0008-0000,2074.87960391694,33,182064,262280.868214863
Portsmouth,,118,0292-0147-0000,178,17,,11,178-32609,8,CamaID: 0292-0147-0000,3224 LAFAYETTE RD,488180,08178-0292-0147-0000,0292-0147-0000,476.165668904476,11,182065,12072.757954529
Portsmouth,,118,0292-0148-0000,178,17,,11,178-32610,8,CamaID: 0292-0148-0000,3202 LAFAYETTE RD,488181,08178-0292-0148-0000,0292-0148-0000,624.160490895797,11,182066,20981.5974864755
Portsmouth,,118,0292-0149-0000,178,17,,12,178-32611,8,CamaID: 0292-0149-0000,3172 LAFAYETTE RD,488182,08178-0292-0149-0000,0292-0149-0000,853.524370190279,12,182067,34250.4645047438
Portsmouth,,103A,0113-0010-0000,178,4,,11,178-33346,8,CamaID: 0113-0010-0000,46 SHERBURNE AVE,488183,08178-0113-0010-0000,0113-0010-0000,372.287532859395,11,182068,6868.19958507948
Portsmouth,,103A,0113-0011-0000,178,4,,11,178-33347,8,CamaID: 0113-0011-0000,36 SHERBURNE AVE,488184,08178-0113-0011-0000,0113-0011-0000,380.58500031892,11,182069,7127.75769772558
Portsmouth,,103A,0113-0017-0000,178,4,,11,178-33353,8,CamaID: 0113-0017-0000,37 SHERBURNE AVE,488185,08178-0113-0017-0000,0113-0017-0000,227.928923060564,11,182070,3198.22397383582
Portsmouth,,103A,0113-0012-0000,178,4,,11,178-33348,8,CamaID: 0113-0012-0000,28 SHERBURNE AVE,488186,08178-0113-0012-0000,0113-0012-0000,380.242736021202,11,182071,6777.40720425909
Portsmouth,,103A,0113-0016-0000,178,4,,11,178-33352,8,CamaID: 0113-0016-0000,29 SHERBURNE AVE,488187,08178-0113-0016-0000,0113-0016-0000,225.983653578982,11,182072,3126.37559790623
Portsmouth,,307,0306-0003-0000,178,63,,44,178-50592,8,CamaID: 0306-0003-0004,81 NEW HAMPSHIRE AVE #4,488188,08178-0306-0003-0000,0306-0003-0004,3777.47656399241,44,182073,859003.396715436
Portsmouth,,,0312-0002-0000,178,,,,,,,,488189,08178-0312-0002-0000,,4306.73469862208,,182074,616406.201871563
Portsmouth,,,0313-0014-0000,178,,,,,,,,488190,08178-0313-0014-0000,,5649.70493793437,,182075,600707.273582276
Portsmouth,,307,0303-0006-0000,178,63,,44,178-38387,8,CamaID: 0303-0006-0000,135 CORPORATE DR,488191,08178-0303-0006-0000,0303-0006-0000,18819.3889029012,44,182076,2623253.72953502
Portsmouth,,307,0308-0001-0000,178,63,,34,178-37863,8,CamaID: 0308-0001-0000,100 NEW HAMPSHIRE AVE,488192,08178-0308-0001-0000,0308-0001-0000,3148.71340093694,34,182077,474160.897084047
Portsmouth,,205,0122-0004-0000,178,35,,14,178-33617,8,CamaID: 0122-0004-0002,250 NORTHWEST ST #2,488193,08178-0122-0004-0000,0122-0004-0002,528.273134455859,14,182078,18565.97489341
Portsmouth,,204,0144-0034-0000,178,34,,14,178-38839,8,CamaID: 0144-0034-0001,401 ISLINGTON ST #1,488194,08178-0144-0034-0000,0144-0034-0001,298.772224789999,14,182079,4949.68917937449
Portsmouth,,305A,0144-0022-0000,178,61,,44,178-38834,8,CamaID: 0144-0022-0001,369 ISLINGTON ST #A,488195,08178-0144-0022-0000,0144-0022-0001,295.76587009297,44,182080,4750.56129379614
Portsmouth,,204,0144-0021-0000,178,34,,14,178-38632,8,CamaID: 0144-0021-0001,383 ISLINGTON ST #1,488196,08178-0144-0021-0000,0144-0021-0001,308.388160796633,14,182081,5355.55712916817
Portsmouth,,204,0144-0031-0000,178,34,,14,178-54745,8,CamaID: 0144-0031-0003,37 SALEM ST #3,488197,08178-0144-0031-0000,0144-0031-0003,423.307572674877,14,182082,10903.0023866933
Portsmouth,,305A,0144-0009-0000,178,61,,57,178-38023,8,CamaID: 0144-0009-0000,323 ISLINGTON ST,488198,08178-0144-0009-0000,0144-0009-0000,302.651154026909,57,182083,5155.40117340834
Portsmouth,,105,0144-0041-0000,178,7,,11,178-34363,8,CamaID: 0144-0041-0000,209 MCDONOUGH ST,488199,08178-0144-0041-0000,0144-0041-0000,284.325962494975,11,182084,2455.26933212095
Portsmouth,,302,0236-0035-0000,178,57,,33,178-35518,8,CamaID: 0236-0035-0000,150 SPAULDING TPKE,488200,08178-0236-0035-0000,0236-0035-0000,410.706732984611,33,182085,9588.9194730647
Portsmouth,,302,0236-0034-0000,178,57,,57,178-30590,8,CamaID: 0236-0034-0000,157 FARM LN,488201,08178-0236-0034-0000,0236-0034-0000,544.990600097972,57,182086,18231.9638568798
Portsmouth,,129,0219-0031-0000,178,25,,11,178-29327,8,CamaID: 0219-0031-0000,1003 WOODBURY AVE,488202,08178-0219-0031-0000,0219-0031-0000,395.898284824682,11,182087,9353.56992488608
Portsmouth,,129,0219-0029-0000,178,25,,11,178-29326,8,CamaID: 0219-0029-0000,1240 MAPLEWOOD AVE,488203,08178-0219-0029-0000,0219-0029-0000,380.724726745267,11,182088,8240.06325244447
Portsmouth,,129,0219-0026-0000,178,25,,11,178-29323,8,CamaID: 0219-0026-0000,1 FAIRVIEW DR,488204,08178-0219-0026-0000,0219-0026-0000,537.87288229111,11,182089,15388.299058317
Portsmouth,,129,0219-0026-0001,178,25,,11,178-52426,8,CamaID: 0219-0026-0001,3 FAIRVIEW DR,488205,08178-0219-0026-0001,0219-0026-0001,500.988172978821,11,182090,14052.1983516271
Portsmouth,,302,0237-0002-0000,178,57,,57,178-30633,8,CamaID: 0237-0002-0000,1000 WOODBURY AVE,488206,08178-0237-0002-0000,0237-0002-0000,1091.0934338382,57,182091,55893.6688863849
Portsmouth,,112,0222-0047-0000,178,12,,11,178-29641,8,CamaID: 0222-0047-0000,49 MARNE AVE,488207,08178-0222-0047-0000,0222-0047-0000,350.592744708678,11,182092,7519.80621021891
Portsmouth,,112,0222-0048-0000,178,12,,11,178-29642,8,CamaID: 0222-0048-0000,25 MARNE AVE,488208,08178-0222-0048-0000,0222-0048-0000,349.802943700585,11,182093,7480.59296600052
Portsmouth,,112,0222-0034-0000,178,12,,11,178-29629,8,CamaID: 0222-0034-0000,43 VERDUN AVE,488209,08178-0222-0034-0000,0222-0034-0000,661.598274282641,11,182094,19084.4662939397
Portsmouth,,112,0222-0041-0000,178,12,,11,178-29635,8,CamaID: 0222-0041-0000,84 MARNE AVE,488210,08178-0222-0041-0000,0222-0041-0000,314.51803697975,11,182095,5688.09322562101
Portsmouth,,112,0222-0046-0000,178,12,,11,178-29640,8,CamaID: 0222-0046-0000,77 MARNE AVE,488211,08178-0222-0046-0000,0222-0046-0000,401.604699790946,11,182096,10080.3175575513
Portsmouth,,112,0222-0039-0000,178,12,,11,178-29633,8,CamaID: 0222-0039-0000,50 VERDUN AVE,488212,08178-0222-0039-0000,0222-0039-0000,380.364757952457,11,182097,6972.14904903039
Portsmouth,,112,0222-0049-0000,178,12,,11,178-29643,8,CamaID: 0222-0049-0000,131 JONES AVE,488213,08178-0222-0049-0000,0222-0049-0000,391.69324744257,11,182098,9073.89292940458
Portsmouth,,112,0222-0035-0000,178,12,,11,178-29630,8,CamaID: 0222-0035-0000,27 VERDUN AVE,488214,08178-0222-0035-0000,0222-0035-0000,268.6235319094,11,182099,4506.21970959044
Portsmouth,,112,0222-0033-0000,178,12,,11,178-29628,8,CamaID: 0222-0033-0000,34 MARNE AVE,488215,08178-0222-0033-0000,0222-0033-0000,406.253824458454,11,182100,7461.14783544275
Portsmouth,,112,0222-0031-0000,178,12,,11,178-29626,8,CamaID: 0222-0031-0000,61 JONES AVE,488216,08178-0222-0031-0000,0222-0031-0000,348.462772140991,11,182101,6331.7994500761
Portsmouth,,112,0222-0030-0000,178,12,,11,178-29625,8,CamaID: 0222-0030-0000,47 JONES AVE,488217,08178-0222-0030-0000,0222-0030-0000,606.329865140226,11,182102,21068.8690073342
Portsmouth,,112,0222-0028-0000,178,12,,11,178-29623,8,CamaID: 0222-0028-0000,321 SAGAMORE AVE,488218,08178-0222-0028-0000,0222-0028-0000,403.349304091226,11,182103,8435.2240332553
Portsmouth,,103B,0221-0054-0000,178,5,,11,178-29562,8,CamaID: 0221-0054-0000,614 BROAD ST,488219,08178-0221-0054-0000,0221-0054-0000,326.610916559078,11,182104,5960.65828000574
Portsmouth,,103B,0221-0013-0000,178,5,,11,178-29521,8,CamaID: 0221-0013-0000,629 BROAD ST,488220,08178-0221-0013-0000,0221-0013-0000,349.541813073558,11,182105,6469.28029088645
Portsmouth,,105,0145-0046-0000,178,7,,11,178-34410,8,CamaID: 0145-0046-0000,874 STATE ST,488221,08178-0145-0046-0000,0145-0046-0000,178.199822587944,11,182106,1906.18055692313
Portsmouth,,304,0145-0024-0000,178,59,,57,178-34391,8,CamaID: 0145-0024-0000,909 STATE ST,488222,08178-0145-0024-0000,0145-0024-0000,384.511778016289,57,182107,7518.4066903332
Portsmouth,,105,0145-0045-0000,178,7,,11,178-34409,8,CamaID: 0145-0045-0000,860 STATE ST,488223,08178-0145-0045-0000,0145-0045-0000,199.648097111085,11,182108,2517.16587979563
Portsmouth,,105,0145-0028-0000,178,7,,12,178-34395,8,CamaID: 0145-0028-0000,60 UNION ST,488224,08178-0145-0028-0000,0145-0028-0000,346.161583034472,12,182109,6840.85282497585
Portsmouth,,105,0145-0029-0000,178,7,,12,178-34396,8,CamaID: 0145-0029-0000,32 UNION ST,488225,08178-0145-0029-0000,0145-0029-0000,303.476590765067,12,182110,5567.99025168969
Portsmouth,,105,0145-0030-0000,178,7,,12,178-34397,8,CamaID: 0145-0030-0000,20 UNION ST,488226,08178-0145-0030-0000,0145-0030-0000,209.993850760465,12,182111,2712.97339340837
Portsmouth,,305A,0164-0007-0000,178,61,,33,178-37608,8,CamaID: 0164-0007-0000,601 ISLINGTON ST,488227,08178-0164-0007-0000,0164-0007-0000,602.164678431366,33,182112,21275.4161433535
Portsmouth,,131,0163-0006-0000,178,27,,11,178-35099,8,CamaID: 0163-0006-0000,164 BARTLETT ST,488228,08178-0163-0006-0000,0163-0006-0000,237.874695342857,11,182113,2685.07166576222
Portsmouth,,131,0163-0009-0000,178,27,,11,178-35102,8,CamaID: 0163-0009-0000,12 WOODBURY AVE,488229,08178-0163-0009-0000,0163-0009-0000,164.575488146456,11,182114,1395.54665639601
Portsmouth,,131,0163-0007-0000,178,27,,11,178-35100,8,CamaID: 0163-0007-0000,170 BARTLETT ST,488230,08178-0163-0007-0000,0163-0007-0000,239.851280162057,11,182115,3024.44586015961
Portsmouth,,105,0156-0031-0000,178,7,,12,178-34870,8,CamaID: 0156-0031-0000,56 CASS ST,488231,08178-0156-0031-0000,0156-0031-0000,266.922360622871,12,182116,4160.19875880629
Portsmouth,,105,0156-0018-0000,178,7,,12,178-34861,8,CamaID: 0156-0018-0000,33 COLUMBIA CT,488232,08178-0156-0018-0000,0156-0018-0000,406.453838718793,12,182117,8012.2092945536
Portsmouth,,105,0156-0020-0000,178,7,,12,178-34863,8,CamaID: 0156-0020-0000,15 COLUMBIA CT,488233,08178-0156-0020-0000,0156-0020-0000,299.796789497485,12,182118,4759.31683022643
Portsmouth,,302,0163-0036-0000,178,57,,33,178-37631,8,CamaID: 0163-0036-0000,3 CATE ST,488234,08178-0163-0036-0000,0163-0036-0000,398.45533498832,33,182119,9836.85241113133
Portsmouth,,120,0275-0004-0000,178,19,,11,178-32109,8,CamaID: 0275-0004-0000,886 BANFIELD RD,488235,08178-0275-0004-0000,0275-0004-0000,958.986942406592,11,182120,54000.354845193
Portsmouth,,301,0284-0009-0000,178,56,,27,178-35922,8,CamaID: 0284-0009-0000,HERITAGE AVE,488236,08178-0284-0009-0000,0284-0009-0000,2705.92694981902,27,182121,333503.493213392
Portsmouth,,301,0284-0008-0000,178,56,,34,178-35921,8,CamaID: 0284-0008-0000,124 HERITAGE AVE,488237,08178-0284-0008-0000,0284-0008-0000,2068.00506695923,34,182122,254970.117363635
Portsmouth,,120,0275-0009-0000,178,19,,22,178-32112,8,CamaID: 0275-0009-0000,BANFIELD RD,488238,08178-0275-0009-0000,0275-0009-0000,981.349146222191,22,182123,50171.5196697682
Portsmouth,,120,0275-0008-0000,178,19,,11,178-32111,8,CamaID: 0275-0008-0000,901 BANFIELD RD,488239,08178-0275-0008-0000,0275-0008-0000,1192.40984833259,11,182124,56773.6099513803
Portsmouth,,301,0284-0007-0000,178,56,,44,178-38710,8,CamaID: 0284-0007-0007,280 HERITAGE AVE #G,488240,08178-0284-0007-0000,0284-0007-0007,1929.38520135577,44,182125,198619.206844653
Portsmouth,,112,0222-0029-0000,178,12,,11,178-29624,8,CamaID: 0222-0029-0000,305 SAGAMORE AVE,488241,08178-0222-0029-0000,0222-0029-0000,478.845052946471,11,182126,13843.4192458076
Portsmouth,,103A,0113-0026-0000,178,4,,11,178-33362,8,CamaID: 0113-0026-0000,84 ROCKLAND ST,488242,08178-0113-0026-0000,0113-0026-0000,309.841829302332,11,182127,5492.38487281613
Portsmouth,,103A,0113-0044-0000,178,4,,11,178-33380,8,CamaID: 0113-0044-0000,33 KENT ST,488243,08178-0113-0044-0000,0113-0044-0000,330.879271900338,11,182128,6520.930716579
Portsmouth,,103A,0113-0040-0000,178,4,,11,178-33376,8,CamaID: 0113-0040-0000,18 KENT ST,488244,08178-0113-0040-0000,0113-0040-0000,299.373879156228,11,182129,4989.84967029619
Portsmouth,,305A,0138-0003-0000,178,61,,33,178-37540,8,CamaID: 0138-0003-0000,93 ISLINGTON ST,488245,08178-0138-0003-0000,0138-0003-0000,372.098369987702,33,182130,8226.35117183884
Portsmouth,,105,0126-0027-0000,178,7,,11,178-33645,8,CamaID: 0126-0027-0000,30 PARKER ST,488246,08178-0126-0027-0000,0126-0027-0000,213.71559025515,11,182131,2810.15260220304
Portsmouth,,105,0126-0028-0000,178,7,,11,178-33646,8,CamaID: 0126-0028-0000,40 PARKER ST,488247,08178-0126-0028-0000,0126-0028-0000,170.778127347638,11,182132,1810.25349045347
Portsmouth,,305A,0126-0051-0000,178,61,,44,178-38902,8,CamaID: 0126-0051-0001,7 ISLINGTON ST #1,488248,08178-0126-0051-0000,0126-0051-0001,285.321498234087,44,182133,5077.44236866488
Portsmouth,,103A,0113-0039-0000,178,4,,11,178-33375,8,CamaID: 0113-0039-0000,24 KENT ST,488249,08178-0113-0039-0000,0113-0039-0000,300.606135699406,11,182134,5012.50935049984
Portsmouth,,201,0137-0025-0000,178,31,,14,178-34146,8,CamaID: 0137-0025-0001,100 ISLINGTON ST #1,488250,08178-0137-0025-0000,0137-0025-0001,642.704966146893,14,182135,24798.1169996273
Portsmouth,,105,0138-0005-0000,178,7,,11,178-34165,8,CamaID: 0138-0005-0000,36 PEARL ST,488251,08178-0138-0005-0000,0138-0005-0000,226.494419599059,11,182136,3204.29826247513
Portsmouth,,105,0138-0017-0000,178,7,,11,178-34175,8,CamaID: 0138-0017-0000,26 ROCK ST,488252,08178-0138-0017-0000,0138-0017-0000,205.936618579432,11,182137,2565.75474668499
Portsmouth,,201,0138-0016-0000,178,31,,14,178-38539,8,CamaID: 0138-0016-0001,125 ISLINGTON ST #1,488253,08178-0138-0016-0000,0138-0016-0001,233.080879242777,14,182138,3272.19600516674
Portsmouth,,105,0138-0018-0000,178,7,,11,178-34176,8,CamaID: 0138-0018-0000,34 ROCK ST,488254,08178-0138-0018-0000,0138-0018-0000,184.132171755699,11,182139,2079.51446539106
Portsmouth,,305A,0138-0004-0000,178,61,,27,178-37541,8,CamaID: 0138-0004-0000,PEARL ST,488255,08178-0138-0004-0000,0138-0004-0000,323.514806684425,27,182140,5705.8281775671
Portsmouth,,304,0137-0012-0000,178,59,,57,178-34128,8,CamaID: 0137-0012-0000,683 STATE ST,488256,08178-0137-0012-0000,0137-0012-0000,525.757189328997,57,182141,11978.9801508056
Portsmouth,,204,0137-0009-0000,178,34,,14,178-51164,8,CamaID: 0137-0009-0002,720 STATE ST #2,488257,08178-0137-0009-0000,0137-0009-0002,294.342377978057,14,182142,4597.32515265219
Portsmouth,,105,0145-0007-0000,178,7,,11,178-34376,8,CamaID: 0145-0007-0000,757 STATE ST,488258,08178-0145-0007-0000,0145-0007-0000,309.564174055776,11,182143,5236.41317483572
Portsmouth,,105,0137-0008-0000,178,7,,11,178-34125,8,CamaID: 0137-0008-0000,708 STATE ST,488259,08178-0137-0008-0000,0137-0008-0000,296.860912903332,11,182144,4734.30850525568
Portsmouth,,105,0137-0007-0000,178,7,,11,178-34124,8,CamaID: 0137-0007-0000,698 STATE ST,488260,08178-0137-0007-0000,0137-0007-0000,295.530092293616,11,182145,4675.09954289714
Portsmouth,,103B,0111-0013-0000,178,5,,11,178-33249,8,CamaID: 0111-0013-0000,7 BRACKETT LN,488261,08178-0111-0013-0000,0111-0013-0000,329.92172350436,11,182146,6185.82058966372
Portsmouth,,103A,0112-0059-0000,178,4,,11,178-33335,8,CamaID: 0112-0059-0000,46 MCNABB CT,488262,08178-0112-0059-0000,0112-0059-0000,234.810193749894,11,182147,3128.19125607475
Portsmouth,70,113,0224-0010-0005,178,13,,11,178-35447,8,CamaID: 0224-0010-0005,94 ODIORNE POINT RD,488263,08178-0224-0010-0005,0224-0010-0005,1079.00725900425,11-70,182148,53565.1345460282
Portsmouth,70,113,0224-0010-0011,178,13,,11,178-35428,8,CamaID: 0224-0010-0011,219 GOSPORT RD,488264,08178-0224-0010-0011,0224-0010-0011,1140.59178115936,11-70,182149,47000.5781512103
Portsmouth,70,113,0224-0010-0013,178,13,,11,178-29983,8,CamaID: 0224-0010-0013,199 GOSPORT RD,488265,08178-0224-0010-0013,0224-0010-0013,1183.160087269,11-70,182150,50999.9912064307
Portsmouth,70,113,0224-0010-0014,178,13,,11,178-29984,8,CamaID: 0224-0010-0014,193 GOSPORT RD,488266,08178-0224-0010-0014,0224-0010-0014,1761.4115645512,11-70,182151,90571.8613331729
Portsmouth,,103A,0221-0095-0000,178,4,,11,178-38499,8,CamaID: 0221-0095-0000,125 PINEHURST RD,488272,08178-0221-0095-0000,0221-0095-0000,506.018415406658,11,182152,15168.5942422913
Portsmouth,,302,0175-0011-0000,178,57,,33,178-35291,8,CamaID: 0175-0011-0000,580 US ROUTE 1 BYP,488273,08178-0175-0011-0000,0175-0011-0000,1660.72810949212,33,182153,160243.128878488
Portsmouth,,304,0206-0020-0000,178,59,,57,178-35315,8,CamaID: 0206-0020-0000,50 CLOUGH DR,488267,08178-0206-0020-0000,0206-0020-0000,4896.40994870244,57,182154,766382.601041854
Portsmouth,,103A,0112-0025-0000,178,4,,11,178-33301,8,CamaID: 0112-0025-0000,224 ELWYN AVE,488268,08178-0112-0025-0000,0112-0025-0000,357.14490074664,11,182155,7162.67726221054
Portsmouth,,103A,0112-0026-0000,178,4,,11,178-33302,8,CamaID: 0112-0026-0000,214 ELWYN AVE,488269,08178-0112-0026-0000,0112-0026-0000,287.580465401294,11,182156,4593.55843319302
Portsmouth,,103B,0206-0024-0000,178,5,,11,178-28647,8,CamaID: 0206-0024-0000,40 BRACKETT RD,488270,08178-0206-0024-0000,0206-0024-0000,332.329612588496,11,182157,6533.67182639918
Portsmouth,,103B,0206-0023-0000,178,5,,11,178-28646,8,CamaID: 0206-0023-0000,56 BRACKETT RD,488271,08178-0206-0023-0000,0206-0023-0000,560.69079689444,11,182158,14209.0392552553
Portsmouth,70,101,0207-0061-0000,178,2,,11,178-28714,8,CamaID: 0207-0061-0000,120 RIDGES CT,488274,08178-0207-0061-0000,0207-0061-0000,669.294922950369,11-70,182159,24569.1043556809
Portsmouth,70,113,0227-0003-0000,178,13,,11,178-30059,8,CamaID: 0227-0003-0000,345 ODIORNE POINT RD,488275,08178-0227-0003-0000,0227-0003-0000,1647.07530395853,11-70,182160,85207.7103380342
Portsmouth,,133,0224-0003-0000,178,29,,11,178-29969,8,CamaID: 0224-0003-0000,1609 ELWYN RD,488276,08178-0224-0003-0000,0224-0003-0000,672.759003632,11,182161,28693.4773370525
Portsmouth,,133,0224-0002-0000,178,29,,11,178-29968,8,CamaID: 0224-0002-0000,1585 ELWYN RD,488277,08178-0224-0002-0000,0224-0002-0000,1568.4549409411,11,182162,109940.901993989
Portsmouth,,115,0268-0099-0009,178,15,,11,178-31630,8,CamaID: 0268-0099-0009,9 PHEASANT LN,488278,08178-0268-0099-0009,0268-0099-0009,418.903938185268,11,182163,10440.4914504989
Portsmouth,,115,0268-0099-0007,178,15,,11,178-31628,8,CamaID: 0268-0099-0007,7 PHEASANT LN,488279,08178-0268-0099-0007,0268-0099-0007,505.537623625862,11,182164,14962.0461120017
Portsmouth,,113,0224-0010-0008,178,13,,11,178-35452,8,CamaID: 0224-0010-0008,271 GOSPORT RD,488280,08178-0224-0010-0008,0224-0010-0008,868.93008536795,11,182165,50823.3071906897
Portsmouth,,114,0247-0086-0000,178,14,,11,178-30901,8,CamaID: 0247-0086-0000,79 TAFT RD,488281,08178-0247-0086-0000,0247-0086-0000,385.766175343049,11,182166,8796.61311279154
Portsmouth,,127,0217-0004-0001,178,23,,11,178-53046,8,CamaID: 0217-0004-0001,63 GRANITE ST,488282,08178-0217-0004-0001,0217-0004-0001,509.574416525633,11,182167,15142.4584476519
Portsmouth,,125,0232-0052-0000,178,22,,11,178-30200,8,CamaID: 0232-0052-0000,790 MIDDLE RD,488283,08178-0232-0052-0000,0232-0052-0000,1179.71006078536,11,182168,24100.4962789901
Portsmouth,,125,0232-0051-0000,178,22,,11,178-30199,8,CamaID: 0232-0051-0000,782 MIDDLE RD,488284,08178-0232-0051-0000,0232-0051-0000,1208.04566481861,11,182169,31410.1343329617
Portsmouth,,125,0232-0050-0000,178,22,,12,178-30198,8,CamaID: 0232-0050-0000,768 MIDDLE RD,488285,08178-0232-0050-0000,0232-0050-0000,1210.88832549572,12,182170,31875.1566858917
Portsmouth,,125,0232-0049-0000,178,22,,11,178-30197,8,CamaID: 0232-0049-0000,746 MIDDLE RD,488286,08178-0232-0049-0000,0232-0049-0000,1071.79932551095,11,182171,43843.2358449307
Portsmouth,,123,0232-0113-0000,178,21,,22,178-30255,8,CamaID: 0232-0113-0000,SHERBURNE ST,488287,08178-0232-0113-0000,0232-0113-0000,293.411341734786,22,182172,4977.0321806468
Portsmouth,70,109,0205-0006-0000,178,9,,11,178-28626,8,CamaID: 0205-0006-0000,501 NEW CASTLE AVE,488288,08178-0205-0006-0000,0205-0006-0000,1107.82365129053,11-70,182173,45326.4006599588
Portsmouth,70,109,0205-0005-0000,178,9,,11,178-28625,8,CamaID: 0205-0005-0000,517 NEW CASTLE AVE,488289,08178-0205-0005-0000,0205-0005-0000,1024.9478011739,11-70,182174,44293.6046385487
Portsmouth,,204,0205-0004-0000,178,34,,14,178-53455,8,CamaID: 0205-0004-0001,529 NEW CASTLE AVE #A,488290,08178-0205-0004-0000,0205-0004-0001,987.688061776636,14,182175,58209.458376655
Portsmouth,,117,0282-0006-0003,178,16,,11,178-32125,8,CamaID: 0282-0006-0003,550 OCEAN RD,488291,08178-0282-0006-0003,0282-0006-0003,1342.79771107474,11,182176,112097.446148579
Portsmouth,,117,0282-0006-0025,178,16,,11,178-32147,8,CamaID: 0282-0006-0025,39 BUCKMINSTER WAY,488292,08178-0282-0006-0025,0282-0006-0025,857.385649526068,11,182177,43794.5456473584
Portsmouth,,119,0283-0019-0002,178,18,,11,178-38099,8,CamaID: 0283-0019-0002,500 OCEAN RD,488293,08178-0283-0019-0002,0283-0019-0002,844.139415236804,11,182178,42982.7226293046
Portsmouth,,120,0283-0038-0000,178,19,,11,178-32193,8,CamaID: 0283-0038-0000,1054 BANFIELD RD,488294,08178-0283-0038-0000,0283-0038-0000,705.808610294693,11,182179,30422.4903343807
Portsmouth,,120,0275-0002-0000,178,19,,11,178-32107,8,CamaID: 0275-0002-0000,890 BANFIELD RD,488295,08178-0275-0002-0000,0275-0002-0000,945.324757070875,11,182180,52185.3983905757
Portsmouth,,120,0275-0003-0000,178,19,,11,178-32108,8,CamaID: 0275-0003-0000,888 BANFIELD RD,488296,08178-0275-0003-0000,0275-0003-0000,943.072900447894,11,182181,51808.8357062499
Portsmouth,,120,0283-0037-0000,178,19,,11,178-32192,8,CamaID: 0283-0037-0000,1060 BANFIELD RD,488297,08178-0283-0037-0000,0283-0037-0000,803.857927010466,11,182182,40394.5657118915
Portsmouth,,118,0292-0190-0000,178,17,,11,178-32649,8,CamaID: 0292-0190-0000,8 DENISE ST,488298,08178-0292-0190-0000,0292-0190-0000,385.004435378233,11,182183,9223.94184078758
Portsmouth,,103A,0112-024A-0000,178,4,,22,178-33336,8,CamaID: 0112-024A-0000,SOUTH ST,488299,08178-0112-024A-0000,0112-024A-0000,644.017757127455,22,182184,17964.9820640251
Portsmouth,,103B,0131-0001-0000,178,5,,11,178-33810,8,CamaID: 0131-0001-0000,672 SOUTH ST,488300,08178-0131-0001-0000,0131-0001-0000,417.377606081317,11,182185,10824.3754015302
Portsmouth,,103B,0151-0013-0000,178,5,,11,178-34727,8,CamaID: 0151-0013-0000,227 WILLARD AVE,488301,08178-0151-0013-0000,0151-0013-0000,475.980233724664,11,182186,13697.8277155891
Portsmouth,,103B,0150-0019-0000,178,5,,11,178-34687,8,CamaID: 0150-0019-0000,1137 SOUTH ST,488302,08178-0150-0019-0000,0150-0019-0000,378.425200781005,11,182187,8459.25716178166
Portsmouth,,103B,0151-0028-0000,178,5,,11,178-34739,8,CamaID: 0151-0028-0000,1167 SOUTH ST,488303,08178-0151-0028-0000,0151-0028-0000,566.021609411475,11,182188,16964.4852773892
Portsmouth,,103B,0150-0043-0000,178,5,,11,178-34710,8,CamaID: 0150-0043-0000,28 ORCHARD CT,488304,08178-0150-0043-0000,0150-0043-0000,484.952505213194,11,182189,11209.2395191439
Portsmouth,,103B,0150-0046-0000,178,5,,12,178-34713,8,CamaID: 0150-0046-0000,192 WILLARD AVE,488305,08178-0150-0046-0000,0150-0046-0000,552.315733380378,12,182190,12258.5874661013
Portsmouth,,103B,0150-0045-0000,178,5,,12,178-34712,8,CamaID: 0150-0045-0000,180 WILLARD AVE,488306,08178-0150-0045-0000,0150-0045-0000,295.747226503319,12,182191,4608.78162453046
Portsmouth,,103B,0150-0042-0000,178,5,,11,178-34709,8,CamaID: 0150-0042-0000,162 WILLARD AVE,488307,08178-0150-0042-0000,0150-0042-0000,305.8285069752,11,182192,5158.17053136634
Portsmouth,,103B,0151-0012-0000,178,5,,11,178-34726,8,CamaID: 0151-0012-0000,229 WILLARD AVE,488308,08178-0151-0012-0000,0151-0012-0000,432.792459825861,11,182193,9547.44686013438
Portsmouth,,103B,0150-0041-0000,178,5,,11,178-34708,8,CamaID: 0150-0041-0000,150 WILLARD AVE,488309,08178-0150-0041-0000,0150-0041-0000,428.629724279202,11,182194,8460.8691985264
Portsmouth,,103B,0151-0013-0001,178,5,,11,178-38073,8,CamaID: 0151-0013-0001,205 WILLARD AVE,488310,08178-0151-0013-0001,0151-0013-0001,428.053848702576,11,182195,10334.1457314995
Portsmouth,,104,0152-0005-0000,178,6,,12,178-34751,8,CamaID: 0152-0005-0000,60 LAFAYETTE RD,488311,08178-0152-0005-0000,0152-0005-0000,442.661127507551,12,182196,8820.61578223854
Portsmouth,,103B,0149-0035-0000,178,5,,11,178-34637,8,CamaID: 0149-0035-0000,171 WILLARD AVE,488312,08178-0149-0035-0000,0149-0035-0000,446.276901882586,11,182197,12138.0517587037
Portsmouth,,103B,0149-0037-0000,178,5,,11,178-34639,8,CamaID: 0149-0037-0000,127 WILLARD AVE,488313,08178-0149-0037-0000,0149-0037-0000,388.288663016744,11,182198,9109.81150266393
Portsmouth,,103B,0149-0041-0000,178,5,,11,178-34643,8,CamaID: 0149-0041-0000,176 ORCHARD ST,488314,08178-0149-0041-0000,0149-0041-0000,385.82329321994,11,182199,8735.25784529132
Portsmouth,,103B,0149-0040-0000,178,5,,11,178-34642,8,CamaID: 0149-0040-0000,162 ORCHARD ST,488315,08178-0149-0040-0000,0149-0040-0000,335.399080981975,11,182200,6071.93751246714
Portsmouth,,103B,0149-0039-0000,178,5,,11,178-34641,8,CamaID: 0149-0039-0000,152 ORCHARD ST,488316,08178-0149-0039-0000,0149-0039-0000,324.058852203129,11,182201,5523.65687632354
Portsmouth,,103B,0149-0038-0000,178,5,,11,178-34640,8,CamaID: 0149-0038-0000,140 ORCHARD ST,488317,08178-0149-0038-0000,0149-0038-0000,373.384475606549,11,182202,8242.31537441206
Portsmouth,,105,0137-0006-0000,178,7,,11,178-34123,8,CamaID: 0137-0006-0000,692 STATE ST,488318,08178-0137-0006-0000,0137-0006-0000,295.387788449837,11,182203,4676.7755800033
Portsmouth,,304,0137-0005-0000,178,59,,57,178-37532,8,CamaID: 0137-0005-0000,684 STATE ST,488319,08178-0137-0005-0000,0137-0005-0000,295.304114322851,57,182204,4681.09201081575
Portsmouth,,105,0137-0004-0000,178,7,,22,178-34122,8,CamaID: 0137-0004-0000,STATE ST,488320,08178-0137-0004-0000,0137-0004-0000,129.933963128214,22,182205,762.452017638759
Portsmouth,,304,0137-0003-0000,178,59,,57,178-34121,8,CamaID: 0137-0003-0000,664 STATE ST,488321,08178-0137-0003-0000,0137-0003-0000,311.402554132708,57,182206,5103.85423729426
Portsmouth,,304,0137-0011-0000,178,59,,57,178-34127,8,CamaID: 0137-0011-0000,685 STATE ST,488322,08178-0137-0011-0000,0137-0011-0000,404.94106405827,57,182207,8561.09759737478
Portsmouth,,305A,0137-0022-0000,178,61,,57,178-34136,8,CamaID: 0137-0022-0000,240 ISLINGTON ST,488323,08178-0137-0022-0000,0137-0022-0000,285.612064643549,57,182208,4971.56869802492
Portsmouth,,305A,0137-0021-0000,178,61,,34,178-37534,8,CamaID: 0137-0021-0000,218 ISLINGTON ST,488324,08178-0137-0021-0000,0137-0021-0000,539.623113082378,34,182209,17911.6391322615
Portsmouth,,204,0138-0045-0000,178,34,,14,178-38686,8,CamaID: 0138-0045-0007,18 LANGDON ST #7,488325,08178-0138-0045-0000,0138-0045-0007,521.926205725648,14,182210,12382.0870155316
Portsmouth,,204,0113-0003-0000,178,34,,14,178-51022,8,CamaID: 0113-0003-0002,112 LINCOLN AVE #2,488326,08178-0113-0003-0000,0113-0003-0002,362.262804552985,14,182211,8164.3001675651
Portsmouth,,103A,0113-0008-0000,178,4,,11,178-33344,8,CamaID: 0113-0008-0000,167 LINCOLN AVE,488327,08178-0113-0008-0000,0113-0008-0000,320.408589306146,11,182212,6022.68574135984
Portsmouth,,103A,0113-0018-0000,178,4,,11,178-33354,8,CamaID: 0113-0018-0000,47 SHERBURNE AVE,488328,08178-0113-0018-0000,0113-0018-0000,210.558298951907,11,182213,2769.33570638248
Portsmouth,,103A,0113-0015-0000,178,4,,11,178-33351,8,CamaID: 0113-0015-0000,31 SHERBURNE AVE,488329,08178-0113-0015-0000,0113-0015-0000,345.847464561831,11,182214,7292.88803501578
Portsmouth,,103A,0113-0027-0000,178,4,,11,178-33363,8,CamaID: 0113-0027-0000,11 ELWYN AVE,488330,08178-0113-0027-0000,0113-0027-0000,304.12815687541,11,182215,5210.20185352281
Portsmouth,,103A,0113-0041-0000,178,4,,11,178-33377,8,CamaID: 0113-0041-0000,10 KENT ST,488331,08178-0113-0041-0000,0113-0041-0000,305.888563781605,11,182216,5317.02866543904
Portsmouth,,103A,0113-0043-0000,178,4,,11,178-33379,8,CamaID: 0113-0043-0000,19 KENT ST,488332,08178-0113-0043-0000,0113-0043-0000,351.433525316984,11,182217,7545.73765089813
Portsmouth,,103A,0113-0028-0000,178,4,,11,178-33364,8,CamaID: 0113-0028-0000,21 ELWYN AVE,488333,08178-0113-0028-0000,0113-0028-0000,300.49726634543,11,182218,5016.15250086467
Portsmouth,,103A,0113-0022-0000,178,4,,11,178-33358,8,CamaID: 0113-0022-0000,60 ELWYN AVE,488334,08178-0113-0022-0000,0113-0022-0000,238.16228627166,11,182219,3453.38987324507
Portsmouth,,103A,0113-0042-0000,178,4,,12,178-33378,8,CamaID: 0113-0042-0000,9 KENT ST,488335,08178-0113-0042-0000,0113-0042-0000,306.197643294836,12,182220,5244.58067424564
Portsmouth,,102,0118-0019-0000,178,3,,11,178-33537,8,CamaID: 0118-0019-0000,145 HIGH ST,488336,08178-0118-0019-0000,0118-0019-0000,270.767075312611,11,182221,3135.60428603511
Portsmouth,,305,0124-0009-0000,178,60,,57,178-37478,8,CamaID: 0124-0009-0000,319 VAUGHAN ST,488337,08178-0124-0009-0000,0124-0009-0000,512.448343965012,57,182222,16136.0927984616
Portsmouth,,305A,0144-0011-0000,178,61,,57,178-38025,8,CamaID: 0144-0011-0000,303 ISLINGTON ST,488338,08178-0144-0011-0000,0144-0011-0000,301.166469542537,57,182223,5068.60231172755
Portsmouth,,305,0118-0028-0000,178,60,,27,178-37379,8,CamaID: 0118-0028-0000,DEER ST,488339,08178-0118-0028-0000,0118-0028-0000,866.753304921119,27,182224,48432.323329051
Portsmouth,,305,0125-0021-0000,178,60,,27,178-37489,8,CamaID: 0125-0021-0000,DEER ST,488340,08178-0125-0021-0000,0125-0021-0000,606.664856211549,27,182225,22571.979885391
Portsmouth,,305,0125-0020-0000,178,60,,57,178-37754,8,CamaID: 0125-0020-0000,DEER ST,488341,08178-0125-0020-0000,0125-0020-0000,427.058412585198,57,182226,4342.75666636142
Portsmouth,,103B,0152-0003-0000,178,5,,11,178-34749,8,CamaID: 0152-0003-0000,25 LAFAYETTE RD,488342,08178-0152-0003-0000,0152-0003-0000,592.095619900005,11,182227,13364.8693225183
Portsmouth,,305,0124-0008-0000,178,60,,33,178-37993,8,CamaID: 0124-0008-0000,111 MAPLEWOOD AVE,488343,08178-0124-0008-0000,0124-0008-0000,996.278060969638,33,182228,58450.3629545008
Portsmouth,,105,0145-0037-0000,178,7,,11,178-34402,8,CamaID: 0145-0037-0000,442 ISLINGTON ST,488344,08178-0145-0037-0000,0145-0037-0000,414.556020131872,11,182229,7821.78343950582
Portsmouth,,105,0145-0094-0000,178,7,,11,178-34452,8,CamaID: 0145-0094-0000,22 WINTER ST,488345,08178-0145-0094-0000,0145-0094-0000,170.182865181807,11,182230,1712.66756094749
Portsmouth,,305,0124-0010-0000,178,60,,33,178-37479,8,CamaID: 0124-0010-0000,299 VAUGHAN ST,488346,08178-0124-0010-0000,0124-0010-0000,951.638854614307,33,182231,55438.4822488321
Portsmouth,,201,0126-0032-0000,178,31,,14,178-38436,8,CamaID: 0126-0032-0001,19 PEARL ST #1,488347,08178-0126-0032-0000,0126-0032-0001,255.104449841496,14,182232,3589.81926115131
Portsmouth,,305A,0126-0026-0000,178,61,,33,178-37503,8,CamaID: 0126-0026-0000,63 ISLINGTON ST,488348,08178-0126-0026-0000,0126-0026-0000,422.794532442673,33,182233,9476.35897207111
Portsmouth,,304,0126-0031-0000,178,59,,57,178-33649,8,CamaID: 0126-0031-0000,31 PEARL ST #33,488349,08178-0126-0031-0000,0126-0031-0000,232.490808409041,57,182234,3377.4196643872
Portsmouth,,103B,0132-0001-0000,178,5,,11,178-33865,8,CamaID: 0132-0001-0000,804 SOUTH ST,488350,08178-0132-0001-0000,0132-0001-0000,444.275295996426,11,182235,11827.9754491629
Portsmouth,,103B,0131-0005-0000,178,5,,11,178-33814,8,CamaID: 0131-0005-0000,778 SOUTH ST,488351,08178-0131-0005-0000,0131-0005-0000,457.351838835282,11,182236,12697.4257761443
Portsmouth,,103B,0132-0023-0000,178,5,,11,178-33884,8,CamaID: 0132-0023-0000,845 SOUTH ST,488352,08178-0132-0023-0000,0132-0023-0000,606.912104503525,11,182237,22897.7601155012
Portsmouth,,103B,0131-0004-0000,178,5,,11,178-33813,8,CamaID: 0131-0004-0000,752 SOUTH ST,488353,08178-0131-0004-0000,0131-0004-0000,547.058842134726,11,182238,17691.9616648985
Portsmouth,,103B,0133-0028-0000,178,5,,11,178-33922,8,CamaID: 0133-0028-0000,587 UNION ST,488354,08178-0133-0028-0000,0133-0028-0000,516.236918423155,11,182239,16064.1845835788
Portsmouth,,103B,0131-0006-0000,178,5,,11,178-33815,8,CamaID: 0131-0006-0000,761 SOUTH ST,488355,08178-0131-0006-0000,0131-0006-0000,767.724537957502,11,182240,28467.3760933194
Portsmouth,,103B,0133-0027-0000,178,5,,11,178-33921,8,CamaID: 0133-0027-0000,557 UNION ST,488356,08178-0133-0027-0000,0133-0027-0000,587.12703341015,11,182241,19603.0474238353
Portsmouth,,204,0163-0024-0000,178,34,,14,178-38640,8,CamaID: 0163-0024-0001,72 WOODBURY AVE #1,488357,08178-0163-0024-0000,0163-0024-0001,594.711352804548,14,182242,17212.0636201908
Portsmouth,,304,0136-0022-0000,178,59,,57,178-37831,8,CamaID: 0136-0022-0000,364 MIDDLE ST,488358,08178-0136-0022-0000,0136-0022-0000,1299.30760507885,57,182243,80004.9276589138
Portsmouth,,103B,0134-0048-0001,178,5,,11,178-53086,8,CamaID: 0134-0048-0001,495 LINCOLN AVE,488359,08178-0134-0048-0001,0134-0048-0001,382.723723594835,11,182244,7518.60506967228
Portsmouth,,114,0268-0030-0000,178,14,,11,178-31551,8,CamaID: 0268-0030-0000,205 COOLIDGE DR,488360,08178-0268-0030-0000,0268-0030-0000,449.853768935121,11,182245,12490.8581849081
Portsmouth,,114,0268-0067-0000,178,14,,11,178-31588,8,CamaID: 0268-0067-0000,259 GRANT AVE,488361,08178-0268-0067-0000,0268-0067-0000,540.904622928485,11,182246,16038.4206564633
Portsmouth,,120,0268-0004-0000,178,19,,11,178-31527,8,CamaID: 0268-0004-0000,1901 LAFAYETTE RD,488362,08178-0268-0004-0000,0268-0004-0000,511.521104881144,11,182247,14976.8314156989
Portsmouth,,120,0268-0003-0000,178,19,,11,178-31526,8,CamaID: 0268-0003-0000,1885 LAFAYETTE RD,488363,08178-0268-0003-0000,0268-0003-0000,571.772457444229,11,182248,19247.3882038373
Portsmouth,,120,0268-0002-0000,178,19,,11,178-31525,8,CamaID: 0268-0002-0000,1867 LAFAYETTE RD,488364,08178-0268-0002-0000,0268-0002-0000,531.719624354793,11,182249,15298.9590007234
Portsmouth,,114,0268-0076-0000,178,14,,11,178-31597,8,CamaID: 0268-0076-0000,30 TAFT RD,488365,08178-0268-0076-0000,0268-0076-0000,426.074036664586,11,182250,11734.4856659478
Portsmouth,,114,0268-0068-0000,178,14,,11,178-31589,8,CamaID: 0268-0068-0000,275 GRANT AVE,488366,08178-0268-0068-0000,0268-0068-0000,542.849429442345,11,182251,16230.2814641608
Portsmouth,,114,0268-0038-0000,178,14,,11,178-31559,8,CamaID: 0268-0038-0000,300 GRANT AVE,488367,08178-0268-0038-0000,0268-0038-0000,440.191075886769,11,182252,12021.3727721117
Portsmouth,,127,0237-0078-0000,178,23,,11,178-38165,8,CamaID: 0237-0078-0000,55 WHOLEY WAY,488368,08178-0237-0078-0000,0237-0078-0000,595.875508741443,11,182253,18756.0186924356
Portsmouth,,127,0237-0074-0000,178,23,,11,178-38161,8,CamaID: 0237-0074-0000,44 WHOLEY WAY,488369,08178-0237-0074-0000,0237-0074-0000,549.994258931097,11,182254,15307.1288822367
Portsmouth,,127,0237-0073-0000,178,23,,11,178-38160,8,CamaID: 0237-0073-0000,52 WHOLEY WAY,488370,08178-0237-0073-0000,0237-0073-0000,691.501531572683,11,182255,17333.197547335
Portsmouth,,303,0217-0001-0000,178,58,,33,178-29085,8,CamaID: 0217-0001-0000,1303 WOODBURY AVE,488371,08178-0217-0001-0000,0217-0001-0000,1056.01931487192,33,182256,65602.2722050996
Portsmouth,,128,0209-0035-0000,178,24,,11,178-28758,8,CamaID: 0209-0035-0000,165 CUTTS ST,488372,08178-0209-0035-0000,0209-0035-0000,634.468531263534,11,182257,21273.2427150236
Portsmouth,,128,0209-0027-0000,178,24,,11,178-28750,8,CamaID: 0209-0027-0000,160 CUTTS ST,488373,08178-0209-0027-0000,0209-0027-0000,348.449866275112,11,182258,7174.38899834686
Portsmouth,,305,0121-0001-0000,178,60,,57,178-38058,8,CamaID: 0121-0001-0000,MARKET ST,488374,08178-0121-0001-0000,0121-0001-0000,5865.94045814282,57,182259,248240.952912164
Portsmouth,,128,0209-0032-0000,178,24,,12,178-28755,8,CamaID: 0209-0032-0000,207 CUTTS ST,488375,08178-0209-0032-0000,0209-0032-0000,947.553251032962,12,182260,42460.7802287012
Portsmouth,,105,0146-0014-0000,178,7,,11,178-34495,8,CamaID: 0146-0014-0000,47 LOVELL ST,488376,08178-0146-0014-0000,0146-0014-0000,314.80176718938,11,182261,4458.40541390629
Portsmouth,,304,0146-0016-0000,178,59,,13,178-34497,8,CamaID: 0146-0016-0000,184 MADISON ST,488377,08178-0146-0016-0000,0146-0016-0000,1173.1268475026,13,182262,77922.5700497926
Portsmouth,,,,178,,,,,,,,488378,08178-,,5945.75524949325,,182263,1166426.48567662
Portsmouth,,128,0209-0034-0000,178,24,,12,178-28757,8,CamaID: 0209-0034-0000,173 CUTTS ST,488379,08178-0209-0034-0000,0209-0034-0000,568.358100316891,12,182264,20792.7854870358
Portsmouth,73,130,0209-0033-0003,178,26,,11,178-54383,8,CamaID: 0209-0033-0003,34 WATSONS LANDING,488380,08178-0209-0033-0003,0209-0033-0003,779.229387634439,11-73,182265,20703.1302211507
Portsmouth,73,130,0209-0033-0002,178,26,,11,178-54382,8,CamaID: 0209-0033-0002,38 WATSONS LANDING,488381,08178-0209-0033-0002,0209-0033-0002,642.144657687343,11-73,182266,17338.5639841848
Portsmouth,73,130,0209-0033-0001,178,26,,11,178-54381,8,CamaID: 0209-0033-0001,44 WATSONS LANDING,488382,08178-0209-0033-0001,0209-0033-0001,838.75797386957,11-73,182267,19859.1009524499
Portsmouth,73,130,0209-0033-0000,178,26,,11,178-28756,8,CamaID: 0209-0033-0000,48 WATSONS LANDING,488383,08178-0209-0033-0000,0209-0033-0000,1106.90123511147,11-73,182268,42987.4566604193
Portsmouth,,,0,178,,,,,,,,488384,08178-0,,893.248637062831,,182269,24515.9634999135
Portsmouth,,128,0209-0076-0000,178,24,,11,178-28799,8,CamaID: 0209-0076-0000,313 LESLIE DR,488385,08178-0209-0076-0000,0209-0076-0000,514.224722544993,11,182270,14499.658171411
Portsmouth,70,128,0209-0048-0000,178,24,,11,178-28771,8,CamaID: 0209-0048-0000,296 LESLIE DR,488386,08178-0209-0048-0000,0209-0048-0000,607.138402334931,11-70,182271,21251.194376772
Portsmouth,70,128,0209-0047-0000,178,24,,11,178-28770,8,CamaID: 0209-0047-0000,304 LESLIE DR,488387,08178-0209-0047-0000,0209-0047-0000,607.536636306496,11-70,182272,22473.8298696453
Portsmouth,,304,0241-0018-0000,178,59,,27,178-35587,8,CamaID: 0241-0018-0000,305 GREENLAND RD,488388,08178-0241-0018-0000,0241-0018-0000,2346.06228402388,27,182273,218293.714633735
Portsmouth,,123,0241-0020-0000,178,21,,11,178-30751,8,CamaID: 0241-0020-0000,1821 ISLINGTON ST,488389,08178-0241-0020-0000,0241-0020-0000,2384.65712831117,11,182274,225767.649472179
Portsmouth,,105,0144-0001-0000,178,7,,11,178-34333,8,CamaID: 0144-0001-0000,40 CORNWALL ST,488390,08178-0144-0001-0000,0144-0001-0000,203.553590247871,11,182275,2397.90441974694
Portsmouth,,201,0105-0019-0000,178,31,,14,178-53508,8,CamaID: 0105-0019-A202,135 DANIEL ST #A202,488391,08178-0105-0019-0000,0105-0019-A202,562.031110907889,14,182276,15741.9726969313
Portsmouth,,128,0209-0036-0000,178,24,,11,178-28759,8,CamaID: 0209-0036-0000,149 CUTTS ST,488395,08178-0209-0036-0000,0209-0036-0000,691.665084741269,11,182277,23517.3246825543
Portsmouth,,128,0209-028A-0000,178,24,,11,178-28810,8,CamaID: 0209-028A-0000,180 CUTTS ST,488396,08178-0209-028A-0000,0209-028A-0000,515.238107647331,11,182278,10292.9051945875
Portsmouth,,,,178,,,,,,,,488392,08178-,,14346.895274962,,182279,824794.59687276
Portsmouth,,128,0209-0041-0000,178,24,,11,178-28764,8,CamaID: 0209-0041-0000,396 LESLIE DR,488393,08178-0209-0041-0000,0209-0041-0000,440.981475313348,11,182280,9938.59466168344
Portsmouth,,128,0209-0029-0000,178,24,,11,178-28752,8,CamaID: 0209-0029-0000,22 CENTRAL AVE,488394,08178-0209-0029-0000,0209-0029-0000,307.9835106323,11,182281,5782.76369773277
Portsmouth,,305,0106-0001-0000,178,60,,33,178-37954,8,CamaID: 0106-0001-0000,126 DANIEL ST,488397,08178-0106-0001-0000,0106-0001-0000,529.660810398205,33,182282,16312.6664458172
Portsmouth,,305,0106-0060-0000,178,60,,27,178-38051,8,CamaID: 0106-0060-0000,BOW ST,488398,08178-0106-0060-0000,0106-0060-0000,434.497547251548,27,182283,11076.2958035351
Portsmouth,,305,0106-0003-0000,178,60,,57,178-33088,8,CamaID: 0106-0003-0000,110 CHAPEL ST,488399,08178-0106-0003-0000,0106-0003-0000,250.856853223571,57,182284,3872.88140962432
Portsmouth,,305,0106-0062-0000,178,60,,57,178-37713,8,CamaID: 0106-0062-0000,101 CHAPEL ST,488400,08178-0106-0062-0000,0106-0062-0000,746.229585467625,57,182285,27116.5572262004
Portsmouth,,125,0243-0069-0000,178,22,,11,178-38417,8,CamaID: 0243-0069-0000,26 MOFFAT ST,488401,08178-0243-0069-0000,0243-0069-0000,1164.93576822058,11,182286,59496.3787552854
Portsmouth,,125,0243-0046-0000,178,22,,22,178-30795,8,CamaID: 0243-0046-0000,LEAVITT AVE,488402,08178-0243-0046-0000,0243-0046-0000,314.906135196404,22,182287,6197.36826634254
Portsmouth,,125,0243-0050-0000,178,22,,11,178-30799,8,CamaID: 0243-0050-0000,138 LEAVITT AVE,488403,08178-0243-0050-0000,0243-0050-0000,701.050270796138,11,182288,24017.4189503459
Portsmouth,,125,0243-0029-0000,178,22,,11,178-30781,8,CamaID: 0243-0029-0000,175 SWETT AVE,488404,08178-0243-0029-0000,0243-0029-0000,326.689044328713,11,182289,6664.07226198248
Portsmouth,,125,0243-0035-0000,178,22,,11,178-30787,8,CamaID: 0243-0035-0000,85 WOODWORTH AVE,488405,08178-0243-0035-0000,0243-0035-0000,488.725432797763,11,182290,13505.8586118866
Portsmouth,,125,0243-0043-0000,178,22,,11,178-30792,8,CamaID: 0243-0043-0000,4 MCCLINTOCK AVE,488406,08178-0243-0043-0000,0243-0043-0000,543.689614193291,11,182291,15446.1340029774
Portsmouth,,125,0232-0087-0000,178,22,,11,178-30232,8,CamaID: 0232-0087-0000,106 LEAVITT AVE,488407,08178-0232-0087-0000,0232-0087-0000,560.901287539848,11,182292,12885.2990937932
Portsmouth,,301,0242-0001-0000,178,56,,57,178-30758,8,CamaID: 0242-0001-0000,GREENLAND RD,488408,08178-0242-0001-0000,0242-0001-0000,3966.20076445251,57,182293,641140.248262589
Portsmouth,,125,0243-0040-0000,178,22,,22,178-38077,8,CamaID: 0243-0040-0000,WOODWORTH AVE,488409,08178-0243-0040-0000,0243-0040-0000,239.653673715823,22,182294,3177.00293902646
Portsmouth,,206,0255-0008-0000,178,36,,14,178-53924,8,CamaID: 0255-0008-0001,293 PEVERLY HILL RD #1,488410,08178-0255-0008-0000,0255-0008-0001,4380.73806494001,14,182295,647822.74812089
Portsmouth,,125,0232-0085-0000,178,22,,11,178-30230,8,CamaID: 0232-0085-0000,5 MCCLINTOCK AVE,488411,08178-0232-0085-0000,0232-0085-0000,302.785043141682,11,182296,5696.75196931329
Portsmouth,,125,0232-0075-0000,178,22,,11,178-30220,8,CamaID: 0232-0075-0000,54 WOODWORTH AVE,488412,08178-0232-0075-0000,0232-0075-0000,377.708289881902,11,182297,8712.5841231087
Portsmouth,,105,0147-0023-0000,178,7,,11,178-34525,8,CamaID: 0147-0023-0000,254 CASS ST,488413,08178-0147-0023-0000,0147-0023-0000,225.435251436048,11,182298,3129.17954844565
Portsmouth,,304,0147-0010-0000,178,59,,57,178-34515,8,CamaID: 0147-0010-0000,582 MIDDLE ST,488414,08178-0147-0010-0000,0147-0010-0000,475.635607231886,57,182299,11743.718231832
Portsmouth,,105,0147-0009-0000,178,7,,12,178-34514,8,CamaID: 0147-0009-0000,273 CASS ST,488415,08178-0147-0009-0000,0147-0009-0000,505.494548632926,12,182300,13477.9651121284
Portsmouth,,304,0147-0022-0000,178,59,,57,178-34524,8,CamaID: 0147-0022-0000,270 CASS ST,488416,08178-0147-0022-0000,0147-0022-0000,329.675543258985,57,182301,6547.62082289142
Portsmouth,,104,0147-0019-0002,178,6,,22,178-50982,8,CamaID: 0147-0019-0002,CHEVROLET AV,488417,08178-0147-0019-0002,0147-0019-0002,662.759602316588,22,182302,21494.8459445937
Portsmouth,,104,0153-0039-0000,178,6,,11,178-34834,8,CamaID: 0153-0039-0000,75 ALDRICH RD,488418,08178-0153-0039-0000,0153-0039-0000,344.128554004721,11,182303,6790.5169927097
Portsmouth,,104,0153-0036-0000,178,6,,11,178-34832,8,CamaID: 0153-0036-0000,121 ALDRICH RD,488419,08178-0153-0036-0000,0153-0036-0000,505.730672557584,11,182304,9818.21850402465
Portsmouth,,104,0153-0044-0000,178,6,,11,178-34839,8,CamaID: 0153-0044-0000,55 ALDRICH RD,488420,08178-0153-0044-0000,0153-0044-0000,524.447192253706,11,182305,8435.60464405567
Portsmouth,,204,0153-0037-0000,178,34,,14,178-34841,8,CamaID: 0153-0037-000A,101 ALDRICH RD #101,488421,08178-0153-0037-0000,0153-0037-000A,589.236307565081,14,182306,17235.2564497365
Portsmouth,,103B,0148-0043-0000,178,5,,11,178-34577,8,CamaID: 0148-0043-0000,46 PARK ST,488422,08178-0148-0043-0000,0148-0043-0000,614.133625108305,11,182307,21037.6286949113
Portsmouth,,104,0153-0040-0000,178,6,,11,178-34835,8,CamaID: 0153-0040-0000,30 ALDRICH CT,488423,08178-0153-0040-0000,0153-0040-0000,352.984561514048,11,182308,7153.32297437273
Portsmouth,,104,0153-0041-0000,178,6,,11,178-34836,8,CamaID: 0153-0041-0000,39 ALDRICH CT,488424,08178-0153-0041-0000,0153-0041-0000,276.797333065222,11,182309,4059.30976994484
Portsmouth,,104,0148-0028-0000,178,6,,12,178-34563,8,CamaID: 0148-0028-0000,31 ALDRICH RD #33,488425,08178-0148-0028-0000,0148-0028-0000,528.733157137279,12,182310,15130.5500688113
Portsmouth,,104,0148-0029-0000,178,6,,11,178-34564,8,CamaID: 0148-0029-0000,700 MIDDLE ST,488426,08178-0148-0029-0000,0148-0029-0000,584.884636840218,11,182311,13394.3508821254
Portsmouth,,103B,0148-0031-0000,178,5,,12,178-34566,8,CamaID: 0148-0031-0000,647 MIDDLE ST,488427,08178-0148-0031-0000,0148-0031-0000,247.747987148513,12,182312,3658.67976689784
Portsmouth,,304,0147-0017-0000,178,59,,57,178-34520,8,CamaID: 0147-0017-0000,599 MIDDLE ST,488428,08178-0147-0017-0000,0147-0017-0000,518.753164588984,57,182313,15770.3348165049
Portsmouth,,104,0147-0020-0000,178,6,,11,178-38061,8,CamaID: 0147-0020-0000,640 MIDDLE ST,488429,08178-0147-0020-0000,0147-0020-0000,497.644089575422,11,182314,15068.504977299
Portsmouth,,105,0147-0025-0000,178,7,,11,178-34527,8,CamaID: 0147-0025-0000,34 FRIEND ST,488430,08178-0147-0025-0000,0147-0025-0000,238.504118225877,11,182315,3381.36607250922
Portsmouth,,204,0147-0014-0000,178,34,,14,178-38459,8,CamaID: 0147-0014-0001,34 WIBIRD ST #34,488431,08178-0147-0014-0000,0147-0014-0001,320.813515178941,14,182316,5986.92652681806
Portsmouth,,103B,0134-0038-0000,178,5,,11,178-33991,8,CamaID: 0134-0038-0000,35 WIBIRD ST,488432,08178-0134-0038-0000,0134-0038-0000,252.583179924985,11,182317,3845.71877019605
Portsmouth,,204,0147-0021-0000,178,34,,14,178-38380,8,CamaID: 0147-0021-0001,622 MIDDLE ST #1,488433,08178-0147-0021-0000,0147-0021-0001,334.301364689938,14,182318,6798.26321377208
Portsmouth,,103B,0147-0015-0000,178,5,,11,178-34519,8,CamaID: 0147-0015-0000,569 MIDDLE ST,488434,08178-0147-0015-0000,0147-0015-0000,379.122008689836,11,182319,8348.82664819572
Portsmouth,,103B,0134-0030-0000,178,5,,12,178-33983,8,CamaID: 0134-0030-0000,15 WIBIRD ST,488435,08178-0134-0030-0000,0134-0030-0000,261.84710742284,12,182320,4242.15127993543
Portsmouth,,104,0147-0030-0000,178,6,,12,178-34532,8,CamaID: 0147-0030-0000,11 CHEVROLET AV,488436,08178-0147-0030-0000,0147-0030-0000,491.83967763401,12,182321,10416.9309822699
Portsmouth,,105,0147-0027-0000,178,7,,12,178-34529,8,CamaID: 0147-0027-0000,238 CASS ST,488437,08178-0147-0027-0000,0147-0027-0000,250.001871947706,12,182322,3599.95029218065
Portsmouth,,204,0147-0029-0000,178,34,,14,178-38340,8,CamaID: 0147-0029-0001,220 CASS ST #220,488438,08178-0147-0029-0000,0147-0029-0001,259.986659588361,14,182323,3999.6918968684
Portsmouth,,305A,0154-0002-0000,178,61,,33,178-38063,8,CamaID: 0154-0002-0000,125 BREWERY LN,488439,08178-0154-0002-0000,0154-0002-0000,2068.91661309082,33,182324,206273.009564046
Portsmouth,,,0147-0030-000A,178,,,,,,,,488440,08178-0147-0030-000A,,212.825748096323,,182325,2117.33644770212
Portsmouth,,105,0146-0019-0000,178,7,,11,178-34500,8,CamaID: 0146-0019-0000,200 CASS ST,488441,08178-0146-0019-0000,0146-0019-0000,325.108110721453,11,182326,5633.98410720027
Portsmouth,,304,0135-0017-0000,178,59,,57,178-34028,8,CamaID: 0135-0017-0000,515 MIDDLE ST #517,488442,08178-0135-0017-0000,0135-0017-0000,582.972835705084,57,182327,15529.3281149515
Portsmouth,,204,0147-0012-0000,178,34,,14,178-34534,8,CamaID: 0147-0012-0001,546 MIDDLE ST #1,488443,08178-0147-0012-0000,0147-0012-0001,438.18260893133,14,182328,10336.3668767672
Portsmouth,,204,0147-0003-0000,178,34,,14,178-38940,8,CamaID: 0147-0003-0002,227 CASS ST #2,488444,08178-0147-0003-0000,0147-0003-0002,285.777889577875,14,182329,4264.00712340811
Portsmouth,,105,0146-0020-0000,178,7,,11,178-34501,8,CamaID: 0146-0020-0000,176 CASS ST,488445,08178-0146-0020-0000,0146-0020-0000,422.943104737089,11,182330,11142.2053886933
Portsmouth,,204,0147-0002-0000,178,34,,14,178-53911,8,CamaID: 0147-0002-0001,50 LOVELL ST,488446,08178-0147-0002-0000,0147-0002-0001,629.007408890747,14,182331,17589.2281723872
Portsmouth,,302,0146-0027-0000,178,57,,33,178-37566,8,CamaID: 0146-0027-0000,95 BREWERY LN,488447,08178-0146-0027-0000,0146-0027-0000,2219.28733687224,33,182332,180096.571260298
Portsmouth,,302,0146-0026-0000,178,57,,33,178-34506,8,CamaID: 0146-0026-0000,89 BREWERY LN,488448,08178-0146-0026-0000,0146-0026-0000,932.879994067809,33,182333,25747.1519824736
Portsmouth,,204,0147-0001-0000,178,34,,14,178-38767,8,CamaID: 0147-0001-0004,36 MADISON ST #4,488449,08178-0147-0001-0000,0147-0001-0004,834.633181234499,14,182334,41185.6715179011
Portsmouth,,114,0250-0063-0000,178,14,,11,178-30992,8,CamaID: 0250-0063-0000,7 DWIGHT AVE,488450,08178-0250-0063-0000,0250-0063-0000,378.242360831704,11,182335,8900.07910437508
Portsmouth,,114,0250-0062-0000,178,14,,11,178-30991,8,CamaID: 0250-0062-0000,11 DWIGHT AVE,488451,08178-0250-0062-0000,0250-0062-0000,388.819565406999,11,182336,9432.42326050212
Portsmouth,,114,0250-0068-0000,178,14,,11,178-30997,8,CamaID: 0250-0068-0000,16 FILLMORE RD,488452,08178-0250-0068-0000,0250-0068-0000,395.095594525565,11,182337,9401.74879141932
Portsmouth,,114,0250-0067-0000,178,14,,11,178-30996,8,CamaID: 0250-0067-0000,12 FILLMORE RD,488453,08178-0250-0067-0000,0250-0067-0000,384.715004013182,11,182338,9240.32923663308
Portsmouth,,114,0250-0066-0000,178,14,,11,178-30995,8,CamaID: 0250-0066-0000,8 FILLMORE RD,488454,08178-0250-0066-0000,0250-0066-0000,375.804702439053,11,182339,8793.65035171552
Portsmouth,,114,0250-0116-0000,178,14,,11,178-31044,8,CamaID: 0250-0116-0000,260 MCKINLEY RD,488455,08178-0250-0116-0000,0250-0116-0000,377.435748393623,11,182340,8884.75677257647
Portsmouth,,114,0250-0115-0000,178,14,,11,178-31043,8,CamaID: 0250-0115-0000,266 MCKINLEY RD,488456,08178-0250-0115-0000,0250-0115-0000,374.757268890288,11,182341,8756.50055278728
Portsmouth,,114,0250-0050-0000,178,14,,11,178-30979,8,CamaID: 0250-0050-0000,280 MCKINLEY RD,488457,08178-0250-0050-0000,0250-0050-0000,379.13239210201,11,182342,8953.96622101845
Portsmouth,,114,0250-0054-0000,178,14,,11,178-30983,8,CamaID: 0250-0054-0000,8 DWIGHT AVE,488458,08178-0250-0054-0000,0250-0054-0000,379.464429478744,11,182343,8970.68308716946
Portsmouth,,114,0250-0053-0000,178,14,,11,178-30982,8,CamaID: 0250-0053-0000,6 DWIGHT AVE,488459,08178-0250-0053-0000,0250-0053-0000,379.637601199623,11,182344,8980.88723919199
Portsmouth,,114,0250-0078-0000,178,14,,11,178-31007,8,CamaID: 0250-0078-0000,50 HARDING RD,488460,08178-0250-0078-0000,0250-0078-0000,396.971459174793,11,182345,9723.83580457777
Portsmouth,,114,0250-0077-0000,178,14,,11,178-31006,8,CamaID: 0250-0077-0000,48 HARDING RD,488461,08178-0250-0077-0000,0250-0077-0000,397.262723909317,11,182346,9738.25405222869
Portsmouth,,114,0250-0076-0000,178,14,,11,178-31005,8,CamaID: 0250-0076-0000,46 HARDING RD,488462,08178-0250-0076-0000,0250-0076-0000,398.162088129107,11,182347,9785.19627770339
Portsmouth,,114,0250-0075-0000,178,14,,11,178-31004,8,CamaID: 0250-0075-0000,44 HARDING RD,488463,08178-0250-0075-0000,0250-0075-0000,404.752657007158,11,182348,10146.4073623863
Portsmouth,,114,0250-0074-0000,178,14,,11,178-31003,8,CamaID: 0250-0074-0000,42 HARDING RD,488464,08178-0250-0074-0000,0250-0074-0000,399.8683467039,11,182349,9895.38587678694
Portsmouth,,114,0250-0073-0000,178,14,,11,178-31002,8,CamaID: 0250-0073-0000,40 HARDING RD,488465,08178-0250-0073-0000,0250-0073-0000,394.727987974698,11,182350,9658.82736018919
Portsmouth,,114,0250-0072-0000,178,14,,11,178-31001,8,CamaID: 0250-0072-0000,38 HARDING RD,488466,08178-0250-0072-0000,0250-0072-0000,389.504876678461,11,182351,9337.87845538063
Portsmouth,,114,0250-0071-0000,178,14,,11,178-31000,8,CamaID: 0250-0071-0000,36 HARDING RD,488467,08178-0250-0071-0000,0250-0071-0000,376.759458735787,11,182352,8858.46617533098
Portsmouth,,114,0250-0070-0000,178,14,,11,178-30999,8,CamaID: 0250-0070-0000,34 HARDING RD,488468,08178-0250-0070-0000,0250-0070-0000,376.659430044003,11,182353,8845.57720628493
Portsmouth,,114,0251-0053-0000,178,14,,11,178-31099,8,CamaID: 0251-0053-0000,45 TAFT RD,488469,08178-0251-0053-0000,0251-0053-0000,480.55805719703,11,182354,13528.1562423153
Portsmouth,,114,0251-0051-0000,178,14,,11,178-31097,8,CamaID: 0251-0051-0000,41 TAFT RD,488470,08178-0251-0051-0000,0251-0051-0000,476.459350541157,11,182355,13315.5657884283
Portsmouth,,114,0251-0050-0000,178,14,,11,178-31096,8,CamaID: 0251-0050-0000,39 TAFT RD,488471,08178-0251-0050-0000,0251-0050-0000,475.619702539844,11,182356,13312.0199750585
Portsmouth,,114,0251-0049-0000,178,14,,11,178-31095,8,CamaID: 0251-0049-0000,37 TAFT RD,488472,08178-0251-0049-0000,0251-0049-0000,468.47078228014,11,182357,10748.2796312363
Portsmouth,,114,0251-0032-0000,178,14,,11,178-31078,8,CamaID: 0251-0032-0000,27 HARRISON AVE,488473,08178-0251-0032-0000,0251-0032-0000,431.172849379193,11,182358,11309.3320825908
Portsmouth,,114,0251-0029-0000,178,14,,11,178-31075,8,CamaID: 0251-0029-0000,21 HARRISON AVE,488474,08178-0251-0029-0000,0251-0029-0000,549.855731303061,11,182359,16248.2129748815
Portsmouth,,114,0251-0027-0000,178,14,,11,178-31073,8,CamaID: 0251-0027-0000,225 MCKINLEY RD,488475,08178-0251-0027-0000,0251-0027-0000,404.178079249418,11,182360,10209.5770267173
Portsmouth,,114,0250-0021-0000,178,14,,11,178-30950,8,CamaID: 0250-0021-0000,4 VAN BUREN AVE,488476,08178-0250-0021-0000,0250-0021-0000,439.623359183242,11,182361,11983.88028048
Portsmouth,,114,0250-0020-0000,178,14,,11,178-30949,8,CamaID: 0250-0020-0000,8 VAN BUREN AVE,488477,08178-0250-0020-0000,0250-0020-0000,419.053145974182,11,182362,10261.6884930791
Portsmouth,,114,0250-0018-0000,178,14,,11,178-30947,8,CamaID: 0250-0018-0000,275 MCKINLEY RD,488478,08178-0250-0018-0000,0250-0018-0000,382.697708569309,11,182363,9130.43135214263
Portsmouth,,114,0250-0017-0000,178,14,,11,178-30946,8,CamaID: 0250-0017-0000,265 MCKINLEY RD,488479,08178-0250-0017-0000,0250-0017-0000,423.174956671865,11,182364,10625.677300102
Portsmouth,,114,0250-0016-0000,178,14,,11,178-30945,8,CamaID: 0250-0016-0000,255 MCKINLEY RD,488480,08178-0250-0016-0000,0250-0016-0000,416.575856831616,11,182365,9947.81641175046
Portsmouth,,114,0250-0014-0000,178,14,,11,178-30943,8,CamaID: 0250-0014-0000,24 HARRISON AVE,488481,08178-0250-0014-0000,0250-0014-0000,418.008340077434,11,182366,9953.82575486863
Portsmouth,,114,0250-0005-0000,178,14,,11,178-30934,8,CamaID: 0250-0005-0000,5 VAN BUREN AVE,488482,08178-0250-0005-0000,0250-0005-0000,381.06084435626,11,182367,9035.86504924407
Portsmouth,,114,0250-0006-0000,178,14,,22,178-30935,8,CamaID: 0250-0006-0000,VAN BUREN AVE,488483,08178-0250-0006-0000,0250-0006-0000,381.563062987287,22,182368,9071.94571800648
Portsmouth,,114,0250-0010-0000,178,14,,11,178-30939,8,CamaID: 0250-0010-0000,17 CLEVELAND DR,488484,08178-0250-0010-0000,0250-0010-0000,432.511383862127,11,182369,11209.6168681472
Portsmouth,,114,0250-0011-0000,178,14,,11,178-30940,8,CamaID: 0250-0011-0000,15 CLEVELAND DR,488485,08178-0250-0011-0000,0250-0011-0000,375.512930573497,11,182370,8329.80577962218
Portsmouth,,114,0250-0002-0000,178,14,,11,178-30931,8,CamaID: 0250-0002-0000,36 HARRISON AVE,488486,08178-0250-0002-0000,0250-0002-0000,450.577464307402,11,182371,12313.8667209116
Portsmouth,,114,0251-0013-0000,178,14,,11,178-31059,8,CamaID: 0251-0013-0000,56 TAFT RD,488487,08178-0251-0013-0000,0251-0013-0000,374.454464155503,11,182372,8742.96947710323
Portsmouth,,114,0251-0014-0000,178,14,,11,178-31060,8,CamaID: 0251-0014-0000,54 TAFT RD,488488,08178-0251-0014-0000,0251-0014-0000,375.655944323923,11,182373,8803.76984357528
Portsmouth,,114,0251-0017-0000,178,14,,11,178-31063,8,CamaID: 0251-0017-0000,35 HARRISON AVE,488489,08178-0251-0017-0000,0251-0017-0000,379.515382851454,11,182374,8974.26043015028
Portsmouth,,114,0247-0072-0000,178,14,,11,178-30887,8,CamaID: 0247-0072-0000,9 CLEVELAND DR,488490,08178-0247-0072-0000,0247-0072-0000,435.229643830532,11,182375,11737.9815116877
Portsmouth,,114,0247-0062-0000,178,14,,11,178-30877,8,CamaID: 0247-0062-0000,6 CLEVELAND DR,488491,08178-0247-0062-0000,0247-0062-0000,438.480598375841,11,182376,11563.4042400966
Portsmouth,,114,0247-0063-0000,178,14,,11,178-30878,8,CamaID: 0247-0063-0000,8 CLEVELAND DR,488492,08178-0247-0063-0000,0247-0063-0000,443.717810105269,11,182377,11884.8463639955
Portsmouth,,114,0247-0064-0000,178,14,,11,178-30879,8,CamaID: 0247-0064-0000,10 CLEVELAND DR,488493,08178-0247-0064-0000,0247-0064-0000,443.444481797253,11,182378,11844.697550396
Portsmouth,,114,0247-0065-0000,178,14,,11,178-30880,8,CamaID: 0247-0065-0000,12 CLEVELAND DR,488494,08178-0247-0065-0000,0247-0065-0000,443.590761131414,11,182379,11830.4404181408
Portsmouth,,114,0247-0027-0000,178,14,,11,178-30842,8,CamaID: 0247-0027-0000,321 MCKINLEY RD,488495,08178-0247-0027-0000,0247-0027-0000,422.230365030676,11,182380,11045.8986134327
Portsmouth,,114,0247-0025-0000,178,14,,11,178-30840,8,CamaID: 0247-0025-0000,317 MCKINLEY RD,488496,08178-0247-0025-0000,0247-0025-0000,422.477304472516,11,182381,9202.65132152442
Portsmouth,,114,0247-0069-0000,178,14,,11,178-30884,8,CamaID: 0247-0069-0000,9 TAYLOR LN,488497,08178-0247-0069-0000,0247-0069-0000,651.841488714934,11,182382,22569.5513071678
Portsmouth,,114,0247-0067-0000,178,14,,11,178-30882,8,CamaID: 0247-0067-0000,18 CLEVELAND DR,488498,08178-0247-0067-0000,0247-0067-0000,478.470372797998,11,182383,13479.6630857033
Portsmouth,,114,0247-0020-0000,178,14,,11,178-30835,8,CamaID: 0247-0020-0000,23 HARDING RD,488499,08178-0247-0020-0000,0247-0020-0000,517.75739488193,11,182384,15163.5375096347
Portsmouth,,114,0250-0037-0000,178,14,,11,178-30966,8,CamaID: 0250-0037-0000,4 HAYES PL,488500,08178-0250-0037-0000,0250-0037-0000,388.132275977511,11,182385,9402.73454197528
Portsmouth,,114,0250-0028-0000,178,14,,11,178-30957,8,CamaID: 0250-0028-0000,315 MCKINLEY RD,488501,08178-0250-0028-0000,0250-0028-0000,383.509297468378,11,182386,9139.98828190278
Portsmouth,,114,0250-0031-0000,178,14,,11,178-30960,8,CamaID: 0250-0031-0000,20 TAYLOR LN,488502,08178-0250-0031-0000,0250-0031-0000,383.685721282644,11,182387,9190.69935738511
Portsmouth,,304,0136-0020-0000,178,59,,57,178-37766,8,CamaID: 0136-0020-0000,375 MIDDLE ST,488503,08178-0136-0020-0000,0136-0020-0000,497.449872609552,57,182388,12982.1695428515
Portsmouth,,103B,0136-0018-0000,178,5,,11,178-34100,8,CamaID: 0136-0018-0000,32 MILLER AVE,488504,08178-0136-0018-0000,0136-0018-0000,596.123049352208,11,182389,22356.486141885
Portsmouth,,133,0251-0123-0000,178,29,,11,178-31169,8,CamaID: 0251-0123-0000,6 ELWYN RD,488505,08178-0251-0123-0000,0251-0123-0000,497.518706738197,11,182390,14792.9313536505
Portsmouth,,302,0251-0125-0000,178,57,,33,178-35672,8,CamaID: 0251-0125-0000,1555 LAFAYETTE RD,488506,08178-0251-0125-0000,0251-0125-0000,885.501328889471,33,182391,43793.6089560462
Portsmouth,,133,0251-0105-0000,178,29,,11,178-31151,8,CamaID: 0251-0105-0000,8 EDGEWOOD RD,488507,08178-0251-0105-0000,0251-0105-0000,436.690142838163,11,182392,10446.1381288887
Portsmouth,,132,0258-0044-0000,178,28,,11,178-31224,8,CamaID: 0258-0044-0000,154 DODGE AVE,488508,08178-0258-0044-0000,0258-0044-0000,515.158162438729,11,182393,16556.3568878529
Portsmouth,,132,0258-0045-0000,178,28,,11,178-31225,8,CamaID: 0258-0045-0000,140 DODGE AVE,488509,08178-0258-0045-0000,0258-0045-0000,457.802443124821,11,182394,12655.9777689841
Portsmouth,,302,0238-0003-0000,178,57,,23,178-35530,8,CamaID: 0238-0003-0000,WOODBURY AVE,488510,08178-0238-0003-0000,0238-0003-0000,896.74240555846,23,182395,49026.7228000496
Portsmouth,,127,0217-0013-0000,178,23,,11,178-29094,8,CamaID: 0217-0013-0000,1117 WOODBURY AVE,488511,08178-0217-0013-0000,0217-0013-0000,491.965322797945,11,182396,13326.5116745708
Portsmouth,,127,0217-0012-0000,178,23,,11,178-29093,8,CamaID: 0217-0012-0000,1133 WOODBURY AVE,488512,08178-0217-0012-0000,0217-0012-0000,490.290913105711,11,182397,13271.0810396144
Portsmouth,,302,0172-0012-0000,178,57,,33,178-37655,8,CamaID: 0172-0012-0000,ISLINGTON ST,488513,08178-0172-0012-0000,0172-0012-0000,333.339437984638,33,182398,2822.6195080899
Portsmouth,,129,0219-0005-0000,178,25,,11,178-29303,8,CamaID: 0219-0005-0000,1000 MAPLEWOOD AVE,488514,08178-0219-0005-0000,0219-0005-0000,640.251334229011,11,182399,20447.5924783587
Portsmouth,,129,0219-0006-0000,178,25,,11,178-29304,8,CamaID: 0219-0006-0000,1072 MAPLEWOOD AVE,488515,08178-0219-0006-0000,0219-0006-0000,517.273593442779,11,182400,15443.3337385248
Portsmouth,,129,0219-0020-0000,178,25,,11,178-29318,8,CamaID: 0219-0020-0000,14 FAIRVIEW DR,488516,08178-0219-0020-0000,0219-0020-0000,394.805342163735,11,182401,8916.70773265177
Portsmouth,,129,0219-0007-0000,178,25,,11,178-29305,8,CamaID: 0219-0007-0000,1098 MAPLEWOOD AVE,488517,08178-0219-0007-0000,0219-0007-0000,488.245249784256,11,182402,14191.8922239566
Portsmouth,,304,0237-0013-0000,178,59,,13,178-30643,8,CamaID: 0237-0013-0000,1150 WOODBURY AVE,488518,08178-0237-0013-0000,0237-0013-0000,907.770215089729,13,182403,31107.5938165901
Portsmouth,,127,0237-0014-0000,178,23,,22,178-30644,8,CamaID: 0237-0014-0000,WOODBURY AVE,488519,08178-0237-0014-0000,0237-0014-0000,341.608167550593,22,182404,3064.05497214835
Portsmouth,,127,0237-0015-0000,178,23,,11,178-30645,8,CamaID: 0237-0015-0000,1156 WOODBURY AVE,488520,08178-0237-0015-0000,0237-0015-0000,845.605403199632,11,182405,33817.9849329803
Portsmouth,,304,0219-0041-0000,178,59,,57,178-29335,8,CamaID: 0219-0041-0000,1219 MAPLEWOOD AVE,488521,08178-0219-0041-0000,0219-0041-0000,643.04331780611,57,182406,25056.6004523426
Portsmouth,73,129,0219-0042-0000,178,25,,11,178-29336,8,CamaID: 0219-0042-0000,1185 MAPLEWOOD AVE,488522,08178-0219-0042-0000,0219-0042-0000,505.903148914681,11-73,182407,15371.4533114647
Portsmouth,73,129,0219-0043-0000,178,25,,11,178-29337,8,CamaID: 0219-0043-0000,1179 MAPLEWOOD AVE,488523,08178-0219-0043-0000,0219-0043-0000,629.964459923912,11-73,182408,24799.1683632328
Portsmouth,,206,0219-0044-0000,178,36,,14,178-29407,8,CamaID: 0219-0044-0001,1135 MAPLEWOOD AVE #1,488524,08178-0219-0044-0000,0219-0044-0001,534.041849615895,14,182409,17491.9581833882
Portsmouth,,129,0219-0045-0000,178,25,,11,178-29338,8,CamaID: 0219-0045-0000,1113 MAPLEWOOD AVE,488525,08178-0219-0045-0000,0219-0045-0000,563.550434904646,11,182410,18943.8627309269
Portsmouth,,127,0217-0011-0000,178,23,,11,178-29092,8,CamaID: 0217-0011-0000,1151 WOODBURY AVE,488526,08178-0217-0011-0000,0217-0011-0000,485.583912878588,11,182411,12967.4477135429
Portsmouth,,127,0217-0009-0000,178,23,,11,178-29091,8,CamaID: 0217-0009-0000,1161 WOODBURY AVE,488527,08178-0217-0009-0000,0217-0009-0000,487.074521769457,11,182412,13079.6716739153
Portsmouth,,127,0217-0008-0000,178,23,,11,178-29090,8,CamaID: 0217-0008-0000,1173 WOODBURY AVE,488528,08178-0217-0008-0000,0217-0008-0000,490.68494470284,11,182413,13606.3717711962
Portsmouth,73,129,0219-0045-0006,178,25,,11,178-29413,8,CamaID: 0219-0045-0006,800 MCGEE DR,488529,08178-0219-0045-0006,0219-0045-0006,643.749267552707,11-73,182414,21579.9938050232
Portsmouth,73,129,0219-0045-0005,178,25,,11,178-29412,8,CamaID: 0219-0045-0005,810 MCGEE DR,488530,08178-0219-0045-0005,0219-0045-0005,618.139274493263,11-73,182415,20118.0316438353
Portsmouth,73,129,0219-0045-0004,178,25,,11,178-29411,8,CamaID: 0219-0045-0004,820 MCGEE DR,488531,08178-0219-0045-0004,0219-0045-0004,605.249462509921,11-73,182416,19928.1907196249
Portsmouth,73,129,0219-0045-0003,178,25,,11,178-29410,8,CamaID: 0219-0045-0003,830 MCGEE DR,488532,08178-0219-0045-0003,0219-0045-0003,588.537152188919,11-73,182417,19372.9082848757
Portsmouth,73,129,0219-0045-0002,178,25,,11,178-29409,8,CamaID: 0219-0045-0002,840 MCGEE DR,488533,08178-0219-0045-0002,0219-0045-0002,577.527468712,11-73,182418,19429.6271245212
Portsmouth,,129,0219-0048-0000,178,25,,11,178-29340,8,CamaID: 0219-0048-0000,825 MCGEE DR,488534,08178-0219-0048-0000,0219-0048-0000,774.886631715321,11,182419,27660.3205160067
Portsmouth,,129,0219-0047-0000,178,25,,11,178-29339,8,CamaID: 0219-0047-0000,815 MCGEE DR,488535,08178-0219-0047-0000,0219-0047-0000,436.716674551826,11,182420,11160.993136249
Portsmouth,,129,0219-0051-0000,178,25,,11,178-29343,8,CamaID: 0219-0051-0000,1033 MAPLEWOOD AVE,488536,08178-0219-0051-0000,0219-0051-0000,1132.38302766715,11,182421,63695.1743100832
Portsmouth,,304,0219-0050-0000,178,59,,57,178-29342,8,CamaID: 0219-0050-0000,1061 MAPLEWOOD AVE,488537,08178-0219-0050-0000,0219-0050-0000,561.976846172429,57,182422,15518.1809866893
Portsmouth,,304,0219-0052-0000,178,59,,57,178-29344,8,CamaID: 0219-0052-0000,1009 MAPLEWOOD AVE,488538,08178-0219-0052-0000,0219-0052-0000,931.011828661277,57,182423,27258.3835598487
Portsmouth,,129,0219-0053-0000,178,25,,11,178-29345,8,CamaID: 0219-0053-0000,1007 MAPLEWOOD AVE,488539,08178-0219-0053-0000,0219-0053-0000,888.467497923967,11,182424,27026.7022570575
Portsmouth,,206,0219-0055-0000,178,36,,14,178-29415,8,CamaID: 0219-0055-000A,959 MAPLEWOOD AVE #A,488540,08178-0219-0055-0000,0219-0055-000A,999.411879591557,14,182425,45430.9770576817
Portsmouth,,129,0219-0054-0000,178,25,,11,178-29346,8,CamaID: 0219-0054-0000,979 MAPLEWOOD AVE,488541,08178-0219-0054-0000,0219-0054-0000,377.573410358804,11,182426,7972.52621812458
Portsmouth,,129,0219-0003-0000,178,25,,11,178-29302,8,CamaID: 0219-0003-0000,990 MAPLEWOOD AVE,488542,08178-0219-0003-0000,0219-0003-0000,920.983670967554,11,182427,44321.3437125661
Portsmouth,70,113,0224-0010-0006,178,13,,11,178-35450,8,CamaID: 0224-0010-0006,104 ODIORNE POINT RD,488543,08178-0224-0010-0006,0224-0010-0006,1082.10186932079,11-70,182428,44581.7792035344
Portsmouth,,133,0247-0088-0000,178,29,,11,178-30903,8,CamaID: 0247-0088-0000,240 ELWYN RD,488544,08178-0247-0088-0000,0247-0088-0000,536.973308000645,11,182429,16796.3743845539
Portsmouth,,130,0212-0185-0000,178,26,,11,178-51191,8,CamaID: 0212-0185-0000,57 LAUREL COURT,488545,08178-0212-0185-0000,0212-0185-0000,318.52127415248,11,182430,6320.70212086735
Portsmouth,,,0290-0000-0000,178,,,,,,,,488546,08178-0290-0000-0000,,490.028427711721,,182431,8527.41732706727
Portsmouth,,,0220-0087-0003,178,,,,,,,,488547,08178-0220-0087-0003,,624.580140015504,,182432,21232.430819244
Portsmouth,,129,0237-0079-0000,178,25,,11,178-52168,8,CamaID: 0237-0079-0000,260 WOODLAWN CIR,488548,08178-0237-0079-0000,0237-0079-0000,653.977954837477,11,182433,19443.4504804013
Portsmouth,,301,0213-0002-0000,178,56,,33,178-35381,8,CamaID: 0213-0002-0000,100 PORTSMOUTH BLVD,488549,08178-0213-0002-0000,0213-0002-0000,2393.09138615905,33,182434,304296.510639187
Portsmouth,,119,0289-0003-0000,178,18,,22,178-35964,8,CamaID: 0289-0003-0000,LAFAYETTE RD,488550,08178-0289-0003-0000,0289-0003-0000,445.684998857158,22,182435,3136.98422848465
Portsmouth,,119,0289-0002-0000,178,18,,22,178-35963,8,CamaID: 0289-0002-0000,LAFAYETTE RD,488551,08178-0289-0002-0000,0289-0002-0000,725.793788806845,22,182436,9582.3088377918
Portsmouth,,119,0289-0004-0000,178,18,,57,178-35965,8,CamaID: 0289-0004-0000,LANG RD,488552,08178-0289-0004-0000,0289-0004-0000,3088.67758392499,57,182437,341347.110791463
Portsmouth,,114,0247-0077-0000,178,14,,11,178-30892,8,CamaID: 0247-0077-0000,61 TAFT RD,488553,08178-0247-0077-0000,0247-0077-0000,496.998634308228,11,182438,14561.9608377982
Portsmouth,,123,0232-0097-0000,178,21,,11,178-30239,8,CamaID: 0232-0097-0000,27 PEARSON ST,488554,08178-0232-0097-0000,0232-0097-0000,374.13322849237,11,182439,8510.92610368688
Portsmouth,,104,0170-0020-0000,178,6,,11,178-35243,8,CamaID: 0170-0020-0000,14 SEWALL RD,488555,08178-0170-0020-0000,0170-0020-0000,474.396509177114,11,182440,14041.0870198983
Portsmouth,,104,0170-0019-0000,178,6,,11,178-35242,8,CamaID: 0170-0019-0000,18 SEWALL RD,488556,08178-0170-0019-0000,0170-0019-0000,389.042949352036,11,182441,9423.86731212104
Portsmouth,,103B,0148-0002-0000,178,5,,11,178-34538,8,CamaID: 0148-0002-0000,168 WIBIRD ST,488557,08178-0148-0002-0000,0148-0002-0000,235.75650765741,11,182442,3305.86356694416
Portsmouth,,111,0202-0001-0000,178,11,,11,178-28579,8,CamaID: 0202-0001-0000,93 WALKER BUNGALOW RD,488558,08178-0202-0001-0000,0202-0001-0000,851.330592670274,11,182443,41964.6707205558
Portsmouth,,111,0202-0002-0000,178,11,,11,178-28580,8,CamaID: 0202-0002-0000,107 WALKER BUNGALOW RD,488559,08178-0202-0002-0000,0202-0002-0000,884.605848642712,11,182444,39447.9189425484
Portsmouth,,104,0168-0015-0000,178,6,,11,178-35209,8,CamaID: 0168-0015-0000,185 MIDDLE RD,488560,08178-0168-0015-0000,0168-0015-0000,993.069101982036,11,182445,32933.0552964341
Portsmouth,,104,0168-0010-0000,178,6,,11,178-35204,8,CamaID: 0168-0010-0000,277 MIDDLE RD,488561,08178-0168-0010-0000,0168-0010-0000,368.407584092884,11,182446,6727.4265943411
Portsmouth,,303,0239-0012-0000,178,58,,13,178-35543,8,CamaID: 0239-0012-0000,GOSLING RD,488562,08178-0239-0012-0000,0239-0012-0000,2975.46538855882,13,182447,501573.152720983
Portsmouth,,127,0237-0038-0000,178,23,,11,178-30668,8,CamaID: 0237-0038-0000,134 ECHO AVE,488563,08178-0237-0038-0000,0237-0038-0000,478.15626958675,11,182448,11547.1172567838
Portsmouth,,103A,0112-0030-0000,178,4,,11,178-33306,8,CamaID: 0112-0030-0000,196 SHERBURNE AVE,488564,08178-0112-0030-0000,0112-0030-0000,312.842720598312,11,182449,5987.49884228675
Portsmouth,,301,0234-0002-0000,178,56,,60,178-35505,8,CamaID: 0234-0002-0000,BARBERRY LN,488565,08178-0234-0002-0000,0234-0002-0000,2192.91169621981,60,182450,207613.040373663
Portsmouth,70,128,0209-0045-0000,178,24,,11,178-28768,8,CamaID: 0209-0045-0000,332 LESLIE DR,488566,08178-0209-0045-0000,0209-0045-0000,354.12339808669,11-70,182451,7354.4739724146
Portsmouth,70,128,0209-0046-0000,178,24,,11,178-28769,8,CamaID: 0209-0046-0000,320 LESLIE DR,488567,08178-0209-0046-0000,0209-0046-0000,420.356834799741,11-70,182452,8827.59745404376
Portsmouth,70,113,0224-0010-0007,178,13,,11,178-35451,8,CamaID: 0224-0010-0007,116 ODIORNE POINT RD,488568,08178-0224-0010-0007,0224-0010-0007,1062.67199858269,11-70,182453,46976.584525593
Portsmouth,,111,0205-0002-0000,178,11,,11,178-28622,8,CamaID: 0205-0002-0000,325 LITTLE HARBOR RD,488569,08178-0205-0002-0000,0205-0002-0000,4018.14875985446,11,182454,491765.359123703
Portsmouth,,305,0117-0025-0000,178,60,,57,178-33455,8,CamaID: 0117-0025-0000,18 LADD ST,488570,08178-0117-0025-0000,0117-0025-0000,108.530819943379,57,182455,663.258964735189
Portsmouth,,305,0106-0019-0000,178,60,,57,178-33092,8,CamaID: 0106-0019-0000,108 PENHALLOW ST,488571,08178-0106-0019-0000,0106-0019-0000,169.199931291234,57,182456,1299.86287517878
Portsmouth,,305,0106-0021-0000,178,60,,57,178-37232,8,CamaID: 0106-0021-0000,128 PENHALLOW ST,488572,08178-0106-0021-0000,0106-0021-0000,237.211095434375,57,182457,2813.51486109151
Portsmouth,,104,0151-0009-0000,178,6,,11,178-34723,8,CamaID: 0151-0009-0000,70 LAFAYETTE RD,488573,08178-0151-0009-0000,0151-0009-0000,461.821498040452,11,182458,13130.718622527
Portsmouth,,103B,0149-0042-0000,178,5,,11,178-34644,8,CamaID: 0149-0042-0000,179 ORCHARD ST,488574,08178-0149-0042-0000,0149-0042-0000,450.520361224203,11,182459,10545.5415407345
Portsmouth,,103B,0148-0020-0000,178,5,,12,178-34555,8,CamaID: 0148-0020-0000,670 LINCOLN AVE,488575,08178-0148-0020-0000,0148-0020-0000,295.3045976592,12,182460,5256.71302942764
Portsmouth,,103B,0148-0019-0000,178,5,,11,178-34554,8,CamaID: 0148-0019-0000,664 LINCOLN AVE,488576,08178-0148-0019-0000,0148-0019-0000,309.30187558943,11,182461,5254.41000098289
Portsmouth,,104,0148-0026-0000,178,6,,11,178-34561,8,CamaID: 0148-0026-0000,46 ALDRICH RD,488577,08178-0148-0026-0000,0148-0026-0000,348.034079331312,11,182462,7766.95029126707
Portsmouth,,133,0226-0005-0000,178,29,,57,178-35455,8,CamaID: 0226-0005-0000,ELWYN RD,488578,08178-0226-0005-0000,0226-0005-0000,6147.87270802893,57,182463,887758.16847665
Portsmouth,,133,0248-0001-0000,178,29,,11,178-30905,8,CamaID: 0248-0001-0000,870 ELWYN RD,488579,08178-0248-0001-0000,0248-0001-0000,7250.36188256322,11,182464,1823214.79966156
Portsmouth,,301,0263-0001-0006,178,56,,57,178-35787,8,CamaID: 0263-0001-0006,GRIFFIN RD,488580,08178-0263-0001-0006,0263-0001-0006,6686.25570951368,57,182465,2354785.05485633
Portsmouth,,301,0278-0002-0000,178,56,,27,178-35899,8,CamaID: 0278-0002-0000,GREENLAND RD,488581,08178-0278-0002-0000,0278-0002-0000,3548.20616094817,27,182466,740349.715605376
Portsmouth,,301,0278-0003-0000,178,56,,27,178-35900,8,CamaID: 0278-0003-0000,GREENLAND RD,488582,08178-0278-0003-0000,0278-0003-0000,3549.85366487867,27,182467,714622.733024279
Portsmouth,,304,0281-0001-0000,178,59,,27,178-35906,8,CamaID: 0281-0001-0000,OCEAN RD,488583,08178-0281-0001-0000,0281-0001-0000,1536.66143359972,27,182468,79752.1850022871
Portsmouth,,302,0286-0026-0003,178,57,,23,178-35960,8,CamaID: 0286-0026-0003,LAFAYETTE RD,488584,08178-0286-0026-0003,0286-0026-0003,2034.62950340732,23,182469,228202.373430514
Portsmouth,,302,0286-0026-0002,178,57,,23,178-35959,8,CamaID: 0286-0026-0002,LAFAYETTE RD,488585,08178-0286-0026-0002,0286-0026-0002,1823.80311524415,23,182470,193020.159566704
Portsmouth,,302,0286-0026-0001,178,57,,23,178-35958,8,CamaID: 0286-0026-0001,LAFAYETTE RD,488586,08178-0286-0026-0001,0286-0026-0001,1642.19984970309,23,182471,156941.174344933
Portsmouth,,307,0306-0006-0000,178,63,,45,178-38208,8,CamaID: 0306-0006-0000,130 INTERNATIONAL DR,488587,08178-0306-0006-0000,0306-0006-0000,2710.69738878097,45,182472,435902.256065788
Portsmouth,,121,0261-0077-0000,178,20,,27,178-38458,8,CamaID: 0261-0077-0000,SHERBURNE RD,488588,08178-0261-0077-0000,0261-0077-0000,2659.88880428255,27,182473,189118.180159162
Portsmouth,,307,0310-0002-0000,178,63,,45,178-37881,8,CamaID: 0310-0002-0000,58 DURHAM ST,488589,08178-0310-0002-0000,0310-0002-0000,1374.07526009859,45,182474,59359.2903072071
Portsmouth,,307,0310-0001-0000,178,63,,45,178-37880,8,CamaID: 0310-0001-0000,120 AVIATION AVE,488590,08178-0310-0001-0000,0310-0001-0000,1235.06291603018,45,182475,63521.6104516192
Portsmouth,,307,0310-0009-0000,178,63,,45,178-38880,8,CamaID: 0310-0009-0000,110 AVIATION AVE,488591,08178-0310-0009-0000,0310-0009-0000,857.025171333425,45,182476,35050.0853732835
Portsmouth,,307,0310-0005-0000,178,63,,45,178-37884,8,CamaID: 0310-0005-0000,23 HAMPTON ST,488592,08178-0310-0005-0000,0310-0005-0000,849.629328319302,45,182477,24657.3125969548
Portsmouth,,307,0310-0008-0000,178,63,,45,178-38878,8,CamaID: 0310-0008-0002,44 DURHAM ST,488593,08178-0310-0008-0000,0310-0008-0002,851.973652141175,45,182478,26301.0377081102
Portsmouth,,,0308-0008-0000,178,,,,,,,,488594,08178-0308-0008-0000,,953.291474138566,,182479,44324.2602060174
Portsmouth,,129,0237-0010-0000,178,25,,11,178-30640,8,CamaID: 0237-0010-0000,1020 WOODBURY AVE,488595,08178-0237-0010-0000,0237-0010-0000,433.269055915275,11,182480,11014.2432187221
Portsmouth,,111,0203-0004-0000,178,11,,44,178-35306,8,CamaID: 0203-0004-0000,375 LITTLE HARBOR RD,488596,08178-0203-0004-0000,0203-0004-0000,2612.71765978228,44,182481,268656.175282229
Portsmouth,,121,0260-0120-0000,178,20,,11,178-31375,8,CamaID: 0260-0120-0000,26 DECATUR RD,488597,08178-0260-0120-0000,0260-0120-0000,332.296034287014,11,182482,5552.81203186418
Portsmouth,,121,0260-0118-0000,178,20,,11,178-31373,8,CamaID: 0260-0118-0000,60 DECATUR RD,488598,08178-0260-0118-0000,0260-0118-0000,370.693557096771,11,182483,7634.1279418747
Portsmouth,,121,0260-0098-0000,178,20,,11,178-31353,8,CamaID: 0260-0098-0000,35 WHIPPLE CT,488599,08178-0260-0098-0000,0260-0098-0000,376.819649521266,11,182484,8254.16967111961
Portsmouth,,121,0260-0117-0000,178,20,,11,178-31372,8,CamaID: 0260-0117-0000,76 DECATUR RD,488600,08178-0260-0117-0000,0260-0117-0000,389.530042467646,11,182485,8450.7746739053
Portsmouth,,121,0260-0085-0000,178,20,,11,178-31340,8,CamaID: 0260-0085-0000,682 COLONIAL DR,488601,08178-0260-0085-0000,0260-0085-0000,372.102803955142,11,182486,8006.38807225481
Portsmouth,,121,0260-0141-0000,178,20,,11,178-31395,8,CamaID: 0260-0141-0000,296 COLONIAL DR,488602,08178-0260-0141-0000,0260-0141-0000,398.984937699389,11,182487,9259.55041729351
Portsmouth,,121,0260-0020-0000,178,20,,11,178-31275,8,CamaID: 0260-0020-0000,32 HALL CT,488603,08178-0260-0020-0000,0260-0020-0000,432.030637599175,11,182488,11220.5712175838
Portsmouth,,121,0260-0080-0000,178,20,,11,178-31335,8,CamaID: 0260-0080-0000,606 COLONIAL DR,488604,08178-0260-0080-0000,0260-0080-0000,372.477772267195,11,182489,8254.56077523437
Portsmouth,,123,0233-0051-0000,178,21,,11,178-30417,8,CamaID: 0233-0051-0000,30 SHEFFIELD RD,488605,08178-0233-0051-0000,0233-0051-0000,331.822922514848,11,182490,6815.13768949835
Portsmouth,,121,0260-0021-0000,178,20,,11,178-31276,8,CamaID: 0260-0021-0000,29 HALL CT,488606,08178-0260-0021-0000,0260-0021-0000,459.444361098303,11,182491,9869.32918193381
Portsmouth,,121,0260-0023-0000,178,20,,11,178-31278,8,CamaID: 0260-0023-0000,7 HALL CT,488607,08178-0260-0023-0000,0260-0023-0000,378.663575333673,11,182492,8444.06643111805
Portsmouth,,121,0260-0083-0000,178,20,,11,178-31338,8,CamaID: 0260-0083-0000,642 COLONIAL DR,488608,08178-0260-0083-0000,0260-0083-0000,344.649949603494,11,182493,6804.9526603358
Portsmouth,,121,0260-0082-0000,178,20,,11,178-31337,8,CamaID: 0260-0082-0000,630 COLONIAL DR,488609,08178-0260-0082-0000,0260-0082-0000,332.871949750357,11,182494,6663.54611796603
Portsmouth,,121,0260-0077-0000,178,20,,11,178-31332,8,CamaID: 0260-0077-0000,96 MASON AVE,488610,08178-0260-0077-0000,0260-0077-0000,361.563189584587,11,182495,6691.31317495493
Portsmouth,,121,0260-0076-0000,178,20,,11,178-31331,8,CamaID: 0260-0076-0000,82 MASON AVE,488611,08178-0260-0076-0000,0260-0076-0000,363.22750426821,11,182496,7624.77067869728
Portsmouth,,121,0260-0075-0000,178,20,,11,178-31330,8,CamaID: 0260-0075-0000,68 MASON AVE,488612,08178-0260-0075-0000,0260-0075-0000,358.075647351563,11,182497,7422.75516823753
Portsmouth,,121,0260-0074-0000,178,20,,11,178-31329,8,CamaID: 0260-0074-0000,54 MASON AVE,488613,08178-0260-0074-0000,0260-0074-0000,354.249652657008,11,182498,7298.96901006832
Portsmouth,,121,0260-0106-0000,178,20,,11,178-31361,8,CamaID: 0260-0106-0000,121 DECATUR RD,488614,08178-0260-0106-0000,0260-0106-0000,360.875670087005,11,182499,7498.42285134853
Portsmouth,,121,0260-0105-0000,178,20,,11,178-31360,8,CamaID: 0260-0105-0000,107 DECATUR RD,488615,08178-0260-0105-0000,0260-0105-0000,357.635390088365,11,182500,7420.67559079576
Portsmouth,,121,0260-0099-0000,178,20,,11,178-31354,8,CamaID: 0260-0099-0000,23 WHIPPLE CT,488616,08178-0260-0099-0000,0260-0099-0000,346.025848935933,11,182501,6872.43883550203
Portsmouth,,121,0260-0116-0000,178,20,,11,178-31371,8,CamaID: 0260-0116-0000,90 DECATUR RD,488617,08178-0260-0116-0000,0260-0116-0000,386.842657483076,11,182502,8360.43878148416
Portsmouth,,118,0294-0007-0000,178,17,,11,178-32748,8,CamaID: 0294-0007-0000,476 OCEAN RD,488618,08178-0294-0007-0000,0294-0007-0000,525.36467315451,11,182503,16073.3131623449
Portsmouth,,304,0294-0008-0000,178,59,,57,178-35985,8,CamaID: 0294-0008-0000,472 OCEAN RD,488619,08178-0294-0008-0000,0294-0008-0000,1537.99384972144,57,182504,101171.206167089
Portsmouth,,118,0294-0014-0000,178,17,,11,178-32753,8,CamaID: 0294-0014-0000,430 OCEAN RD,488620,08178-0294-0014-0000,0294-0014-0000,628.001962893047,11,182505,22558.188910424
Portsmouth,,118,0294-0015-0000,178,17,,11,178-32754,8,CamaID: 0294-0015-0000,428 OCEAN RD,488621,08178-0294-0015-0000,0294-0015-0000,607.952533660518,11,182506,20366.7261464195
Portsmouth,,118,0294-0016-0000,178,17,,11,178-32755,8,CamaID: 0294-0016-0000,424 OCEAN RD,488622,08178-0294-0016-0000,0294-0016-0000,562.379076200614,11,182507,15826.0660038831
Portsmouth,,118,0294-0017-0000,178,17,,11,178-32756,8,CamaID: 0294-0017-0000,420 OCEAN RD,488623,08178-0294-0017-0000,0294-0017-0000,568.421687662736,11,182508,16500.9041118653
Portsmouth,,118,0293-0011-0000,178,17,,11,178-32694,8,CamaID: 0293-0011-0000,418 OCEAN RD,488624,08178-0293-0011-0000,0293-0011-0000,898.482605410814,11,182509,44787.6609912756
Portsmouth,,118,0293-0012-0000,178,17,,11,178-32695,8,CamaID: 0293-0012-0000,416 OCEAN RD,488625,08178-0293-0012-0000,0293-0012-0000,899.797084104282,11,182510,44989.6172174578
Portsmouth,,301,0293-0013-0000,178,56,,27,178-35983,8,CamaID: 0293-0013-0000,OCEAN RD,488626,08178-0293-0013-0000,0293-0013-0000,659.961334464379,27,182511,23723.0124417036
Portsmouth,,118,0293-0014-0000,178,17,,11,178-32696,8,CamaID: 0293-0014-0000,414 OCEAN RD,488627,08178-0293-0014-0000,0293-0014-0000,897.369502444127,11,182512,44662.9034375595
Portsmouth,,121,0260-0115-0000,178,20,,11,178-31370,8,CamaID: 0260-0115-0000,102 DECATUR RD,488628,08178-0260-0115-0000,0260-0115-0000,378.199704412929,11,182513,8042.28418628536
Portsmouth,,121,0260-0111-0000,178,20,,11,178-31366,8,CamaID: 0260-0111-0000,154 DECATUR RD,488629,08178-0260-0111-0000,0260-0111-0000,410.561881793108,11,182514,9249.04603704872
Portsmouth,,121,0260-0110-0000,178,20,,11,178-31365,8,CamaID: 0260-0110-0000,166 DECATUR RD,488630,08178-0260-0110-0000,0260-0110-0000,395.659793667469,11,182515,8595.83215485758
Portsmouth,,121,0260-0109-0000,178,20,,11,178-31364,8,CamaID: 0260-0109-0000,180 DECATUR RD,488631,08178-0260-0109-0000,0260-0109-0000,362.286155508795,11,182516,7409.2664697901
Portsmouth,70,101,0101-0014-0000,178,2,,11,178-32810,8,CamaID: 0101-0014-0000,43 HOLMES CT,488632,08178-0101-0014-0000,0101-0014-0000,334.494450565666,11-70,182517,5755.973313677
Portsmouth,,105,0144-0033-0000,178,7,,12,178-34356,8,CamaID: 0144-0033-0000,413 ISLINGTON ST,488633,08178-0144-0033-0000,0144-0033-0000,320.130064571808,12,182518,6007.10285630359
Portsmouth,70,101,0101-0019-0000,178,2,,11,178-32815,8,CamaID: 0101-0019-0000,28 WALDEN ST,488634,08178-0101-0019-0000,0101-0019-0000,234.288364511025,11-70,182519,2942.82539477069
Portsmouth,,101,0101-0017-0000,178,2,,11,178-32813,8,CamaID: 0101-0017-0000,11 WALDEN ST,488635,08178-0101-0017-0000,0101-0017-0000,125.087476129593,11,182520,765.458110155285
Portsmouth,,204,0101-0060-0000,178,34,,14,178-32871,8,CamaID: 0101-0060-0001,50 SOUTH SCHOOL ST #1,488636,08178-0101-0060-0000,0101-0060-0001,510.703683632125,14,182521,15823.1294492471
Portsmouth,73,131,0140-0015-0000,178,27,,11,178-34230,8,CamaID: 0140-0015-0000,100 DENNETT ST,488649,08178-0140-0015-0000,0140-0015-0000,373.201051038548,11-73,182522,8429.73940807147
Portsmouth,,305,0104-0003-0003,178,60,,27,178-37189,8,CamaID: 0104-0003-0003,MARCY ST,488637,08178-0104-0003-0003,0104-0003-0003,766.724857998435,27,182523,11183.3948416861
Portsmouth,,305,0105-0003-0000,178,60,,27,178-37708,8,CamaID: 0105-0003-0000,DANIEL ST,488638,08178-0105-0003-0000,0105-0003-0000,155.125721682692,27,182524,1337.93098921151
Portsmouth,,,0105-0002-0001,178,,,,,,,,488639,08178-0105-0002-0001,,522.181015855748,,182525,14073.8537579549
Portsmouth,,131,0141-0016-0000,178,27,,11,178-34253,8,CamaID: 0141-0016-0000,37 PROSPECT ST,488640,08178-0141-0016-0000,0141-0016-0000,296.358130766331,11,182526,5325.03605193938
Portsmouth,,305,0106-0048-0000,178,60,,44,178-37253,8,CamaID: 0106-0048-0000,33 BOW ST #A,488641,08178-0106-0048-0000,0106-0048-0000,151.469988647729,44,182527,1298.35053359404
Portsmouth,,305,0106-0046-0000,178,60,,27,178-37257,8,CamaID: 0106-0046-0000,18 CERES ST,488642,08178-0106-0046-0000,0106-0046-0000,404.039609387155,27,182528,5128.91102742502
Portsmouth,,103B,0221-0058-0000,178,5,,11,178-29566,8,CamaID: 0221-0058-0000,566 BROAD ST,488661,08178-0221-0058-0000,0221-0058-0000,319.790428217744,11,182529,6383.36670624158
Portsmouth,,304,0221-0059-0000,178,59,,13,178-29567,8,CamaID: 0221-0059-0000,548 BROAD ST,488662,08178-0221-0059-0000,0221-0059-0000,1155.14177595862,13,182530,66801.0385304077
Portsmouth,,204,0140-0021-0000,178,34,,14,178-50660,8,CamaID: 0140-0021-0004,162  MILL POND WAY  #4,488643,08178-0140-0021-0000,0140-0021-0004,1133.86422393178,14,182531,58119.7450191461
Portsmouth,,204,0140-0018-0000,178,34,,14,178-38376,8,CamaID: 0140-0018-0001,130 DENNETT ST #1,488644,08178-0140-0018-0000,0140-0018-0001,891.400214442968,14,182532,40745.2285975488
Portsmouth,,103B,0134-0052-0000,178,5,,11,178-34003,8,CamaID: 0134-0052-0000,426 UNION ST,488645,08178-0134-0052-0000,0134-0052-0000,388.756182528677,11,182533,6786.40428293688
Portsmouth,,103B,0148-0052-0000,178,5,,11,178-34586,8,CamaID: 0148-0052-0000,567 LINCOLN AVE,488646,08178-0148-0052-0000,0148-0052-0000,328.296666713059,11,182534,6352.83790738049
Portsmouth,,103B,0133-0045-0000,178,5,,11,178-33939,8,CamaID: 0133-0045-0000,470 LINCOLN AVE,488647,08178-0133-0045-0000,0133-0045-0000,302.503357812084,11,182535,5095.17965514651
Portsmouth,,204,0140-0016-0000,178,34,,14,178-38429,8,CamaID: 0140-0016-0001,98 DENNETT ST #1,488648,08178-0140-0016-0000,0140-0016-0001,640.411865652998,14,182536,20907.7021373809
Portsmouth,70,131,0140-0014-0000,178,27,,11,178-34229,8,CamaID: 0140-0014-0000,70 DENNETT ST,488650,08178-0140-0014-0000,0140-0014-0000,547.577897987261,11-70,182537,15574.1806834743
Portsmouth,,121,0260-0025-0000,178,20,,11,178-31280,8,CamaID: 0260-0025-0000,617 COLONIAL DR,488651,08178-0260-0025-0000,0260-0025-0000,330.336489474022,11,182538,6541.16996111605
Portsmouth,,103A,0112-0001-0000,178,4,,11,178-33277,8,CamaID: 0112-0001-0000,438 SOUTH ST,488652,08178-0112-0001-0000,0112-0001-0000,373.215878665565,11,182539,7555.36689958478
Portsmouth,,112,0222-0065-0000,178,12,,12,178-29658,8,CamaID: 0222-0065-0000,21 VERSAILLES AVE,488653,08178-0222-0065-0000,0222-0065-0000,497.881415880089,12,182540,14840.4549385388
Portsmouth,,112,0222-0064-0000,178,12,,12,178-29657,8,CamaID: 0222-0064-0000,20 VERSAILLES AVE,488654,08178-0222-0064-0000,0222-0064-0000,501.458953749315,12,182541,15055.9089791825
Portsmouth,,112,0222-0076-0000,178,12,,11,178-38159,8,CamaID: 0222-0076-0000,4 LENS AVE,488655,08178-0222-0076-0000,0222-0076-0000,500.684288968433,11,182542,14987.3353825651
Portsmouth,,123,0233-0065-0000,178,21,,11,178-30431,8,CamaID: 0233-0065-0000,140 ESSEX AVE,488656,08178-0233-0065-0000,0233-0065-0000,500.789629506734,11,182543,10038.5898524919
Portsmouth,,123,0233-0082-0000,178,21,,11,178-30448,8,CamaID: 0233-0082-0000,238 MELBOURNE ST,488657,08178-0233-0082-0000,0233-0082-0000,328.804980385869,11,182544,6682.02564395367
Portsmouth,,103B,0221-0055-0000,178,5,,11,178-29563,8,CamaID: 0221-0055-0000,600 BROAD ST,488658,08178-0221-0055-0000,0221-0055-0000,373.529236104376,11,182545,7874.59498217385
Portsmouth,,103B,0221-0056-0000,178,5,,11,178-29564,8,CamaID: 0221-0056-0000,586 BROAD ST,488659,08178-0221-0056-0000,0221-0056-0000,522.524513883229,11,182546,10619.1638274358
Portsmouth,,103B,0221-0057-0000,178,5,,11,178-29565,8,CamaID: 0221-0057-0000,574 BROAD ST,488660,08178-0221-0057-0000,0221-0057-0000,320.318485988331,11,182547,5995.50897898741
Portsmouth,,103B,0221-0053-0000,178,5,,11,178-29561,8,CamaID: 0221-0053-0000,603 BROAD ST,488663,08178-0221-0053-0000,0221-0053-0000,350.302563950958,11,182548,6930.00669239724
Portsmouth,,103B,0221-0052-0000,178,5,,11,178-29560,8,CamaID: 0221-0052-0000,589 BROAD ST,488664,08178-0221-0052-0000,0221-0052-0000,337.675669935686,11,182549,6362.67317927157
Portsmouth,,103B,0221-0051-0000,178,5,,11,178-29559,8,CamaID: 0221-0051-0000,585 BROAD ST,488665,08178-0221-0051-0000,0221-0051-0000,339.987979268265,11,182550,6615.75356809103
Portsmouth,,103B,0221-0050-0000,178,5,,11,178-29558,8,CamaID: 0221-0050-0000,579 BROAD ST,488666,08178-0221-0050-0000,0221-0050-0000,334.70773085949,11,182551,6456.5615069887
Portsmouth,,103B,0221-0018-0000,178,5,,11,178-29526,8,CamaID: 0221-0018-0000,241 SAGAMORE AVE,488667,08178-0221-0018-0000,0221-0018-0000,333.38232247356,11,182552,6314.64583525521
Portsmouth,,103B,0221-0017-0000,178,5,,11,178-29525,8,CamaID: 0221-0017-0000,251 SAGAMORE AVE,488668,08178-0221-0017-0000,0221-0017-0000,342.216072405781,11,182553,6646.29730894442
Portsmouth,,103B,0221-0016-0000,178,5,,11,178-29524,8,CamaID: 0221-0016-0000,261 SAGAMORE AVE,488669,08178-0221-0016-0000,0221-0016-0000,346.843927269927,11,182554,6748.84761992873
Portsmouth,,103B,0221-0015-0000,178,5,,11,178-29523,8,CamaID: 0221-0015-0000,271 SAGAMORE AVE,488670,08178-0221-0015-0000,0221-0015-0000,358.041482317472,11,182555,7216.66649113938
Portsmouth,,103B,0221-0014-0000,178,5,,11,178-29522,8,CamaID: 0221-0014-0000,281 SAGAMORE AVE,488671,08178-0221-0014-0000,0221-0014-0000,378.900733680271,11,182556,8239.26710876149
Portsmouth,,103B,0221-0020-0000,178,5,,12,178-29528,8,CamaID: 0221-0020-0000,205 SAGAMORE AVE,488672,08178-0221-0020-0000,0221-0020-0000,328.228287205927,12,182557,6273.32150053873
Portsmouth,,103B,0221-0021-0000,178,5,,11,178-29529,8,CamaID: 0221-0021-0000,191 SAGAMORE AVE,488673,08178-0221-0021-0000,0221-0021-0000,445.73379765099,11,182558,12372.7566979728
Portsmouth,,103B,0221-0048-0000,178,5,,11,178-29556,8,CamaID: 0221-0048-0000,545 BROAD ST,488674,08178-0221-0048-0000,0221-0048-0000,316.550061688059,11,182559,5802.12444770632
Portsmouth,,103B,0221-0047-0000,178,5,,11,178-29555,8,CamaID: 0221-0047-0000,535 BROAD ST,488675,08178-0221-0047-0000,0221-0047-0000,298.538167161363,11,182560,5021.65084537551
Portsmouth,,103B,0221-0046-0000,178,5,,11,178-29554,8,CamaID: 0221-0046-0000,517 BROAD ST,488676,08178-0221-0046-0000,0221-0046-0000,313.289462801791,11,182561,5751.96837038232
Portsmouth,,306,0221-0088-0000,178,62,,33,178-37676,8,CamaID: 0221-0088-0000,936 SOUTH ST,488677,08178-0221-0088-0000,0221-0088-0000,1170.80479751822,33,182562,70077.2906176405
Portsmouth,,103B,0150-0011-0000,178,5,,11,178-34679,8,CamaID: 0150-0011-0000,1008 SOUTH ST,488678,08178-0150-0011-0000,0150-0011-0000,660.359494547167,11,182563,11737.8781897969
Portsmouth,,103B,0150-0010-0000,178,5,,12,178-34678,8,CamaID: 0150-0010-0000,998 SOUTH ST,488679,08178-0150-0010-0000,0150-0010-0000,403.72586125634,12,182564,7348.48970133235
Portsmouth,,204,0150-0009-0000,178,34,,14,178-52025,8,CamaID: 0150-0009-0001,992 SOUTH ST #1,488680,08178-0150-0009-0000,0150-0009-0001,425.246354764153,14,182565,6897.78155963734
Portsmouth,,103B,0150-0008-0000,178,5,,12,178-34676,8,CamaID: 0150-0008-0000,978 SOUTH ST,488681,08178-0150-0008-0000,0150-0008-0000,407.978696506732,12,182566,6193.27468504368
Portsmouth,,103B,0221-0089-0000,178,5,,11,178-29595,8,CamaID: 0221-0089-0000,2 RAND CT,488682,08178-0221-0089-0000,0221-0089-0000,685.085951338186,11,182567,26594.1346798588
Portsmouth,,101,0207-0067-0000,178,2,,11,178-28720,8,CamaID: 0207-0067-0000,28 RIDGES CT,488683,08178-0207-0067-0000,0207-0067-0000,500.747727240763,11,182568,10045.4382208233
Portsmouth,73,101,0207-0049-0000,178,2,,11,178-28704,8,CamaID: 0207-0049-0000,27 BAYCLIFF RD,488684,08178-0207-0049-0000,0207-0049-0000,361.245397372641,11-73,182569,7570.99384092354
Portsmouth,73,101,0207-0045-0000,178,2,,11,178-28700,8,CamaID: 0207-0045-0000,46 BAYCLIFF RD,488685,08178-0207-0045-0000,0207-0045-0000,551.740554946208,11-73,182570,18730.8672207746
Portsmouth,73,101,0207-0055-0000,178,2,,11,178-28709,8,CamaID: 0207-0055-0000,21 FERNALD CT,488686,08178-0207-0055-0000,0207-0055-0000,417.012589629295,11-73,182571,7871.19806913087
Portsmouth,73,102,0101-0027-0000,178,3,,11,178-32823,8,CamaID: 0101-0027-0000,122 NEW CASTLE AVE,488687,08178-0101-0027-0000,0101-0027-0000,326.628905137738,11-73,182572,5662.98219128559
Portsmouth,73,101,0101-0026-0000,178,2,,11,178-32822,8,CamaID: 0101-0026-0000,140 NEW CASTLE AVE,488688,08178-0101-0026-0000,0101-0026-0000,280.541753067983,11-73,182573,4499.87275136865
Portsmouth,73,101,0101-0025-0000,178,2,,11,178-32821,8,CamaID: 0101-0025-0000,150 NEW CASTLE AVE,488689,08178-0101-0025-0000,0101-0025-0000,492.728490183274,11-73,182574,10405.1649366377
Portsmouth,73,101,0101-0024-0000,178,2,,11,178-32820,8,CamaID: 0101-0024-0000,166 NEW CASTLE AVE,488690,08178-0101-0024-0000,0101-0024-0000,208.621090822073,11-73,182575,2370.16305746886
Portsmouth,,207,0207-0051-0000,178,37,,14,178-28726,8,CamaID: 0207-0051-0001,192 NEW CASTLE AVE #1,488691,08178-0207-0051-0000,0207-0051-0001,242.792244383773,14,182576,3299.81366661569
Portsmouth,73,101,0207-0050-0000,178,2,,11,178-28705,8,CamaID: 0207-0050-0000,200 NEW CASTLE AVE,488692,08178-0207-0050-0000,0207-0050-0000,465.105242030599,11-73,182577,8814.13452758477
Portsmouth,73,101,0207-0044-0000,178,2,,11,178-28699,8,CamaID: 0207-0044-0000,220 NEW CASTLE AVE,488693,08178-0207-0044-0000,0207-0044-0000,412.959546238693,11-73,182578,10059.7726037577
Portsmouth,73,101,0207-0039-0000,178,2,,11,178-28694,8,CamaID: 0207-0039-0000,244 NEW CASTLE AVE,488694,08178-0207-0039-0000,0207-0039-0000,249.470413220847,11-73,182579,3552.30795683442
Portsmouth,73,101,0101-0055-0000,178,2,,11,178-32849,8,CamaID: 0101-0055-0000,137 NEW CASTLE AVE,488695,08178-0101-0055-0000,0101-0055-0000,290.57087433925,11-73,182580,4824.6073039797
Portsmouth,,304,0101-0022-A000,178,59,,57,178-37173,8,CamaID: 0101-0022-A000,535 MARCY ST,488696,08178-0101-0022-A000,0101-0022-A000,157.053044242827,57,182581,1578.33447012052
Portsmouth,73,101,0101-0043-0000,178,2,,11,178-32837,8,CamaID: 0101-0043-0000,10 HUMPHREYS CT,488697,08178-0101-0043-0000,0101-0043-0000,247.715013100318,11-73,182582,3497.01056420092
Portsmouth,,101,0101-0057-0000,178,2,,11,178-32851,8,CamaID: 0101-0057-0000,508 MARCY ST,488698,08178-0101-0057-0000,0101-0057-0000,236.104958984145,11,182583,3339.5304825257
Portsmouth,,101,0101-0022-0000,178,2,,11,178-32818,8,CamaID: 0101-0022-0000,513 MARCY ST,488699,08178-0101-0022-0000,0101-0022-0000,306.888040250337,11,182584,5010.47945879223
Portsmouth,,101,0101-0016-0000,178,2,,11,178-32812,8,CamaID: 0101-0016-0000,499 MARCY ST,488700,08178-0101-0016-0000,0101-0016-0000,221.408244311645,11,182585,1906.33973155453
Portsmouth,,103B,0221-0069-0000,178,5,,11,178-29577,8,CamaID: 0221-0069-0000,350 BROAD ST,488701,08178-0221-0069-0000,0221-0069-0000,436.279931581922,11,182586,10574.7277255685
Portsmouth,,304,0221-0068-0000,178,59,,57,178-29576,8,CamaID: 0221-0068-0000,366 BROAD ST,488702,08178-0221-0068-0000,0221-0068-0000,792.004133071102,57,182587,36108.5550936421
Portsmouth,,103B,0221-0066-0000,178,5,,11,178-29574,8,CamaID: 0221-0066-0000,410 BROAD ST,488703,08178-0221-0066-0000,0221-0066-0000,763.148660663728,11,182588,28634.6880888506
Portsmouth,,103B,0221-0065-0000,178,5,,11,178-29573,8,CamaID: 0221-0065-0000,434 BROAD ST,488704,08178-0221-0065-0000,0221-0065-0000,885.248753087986,11,182589,41306.3480457516
Portsmouth,,103B,0221-0064-0000,178,5,,11,178-29572,8,CamaID: 0221-0064-0000,458 BROAD ST,488705,08178-0221-0064-0000,0221-0064-0000,690.218404320635,11,182590,17296.5905968238
Portsmouth,,204,0221-0063-0000,178,34,,14,178-53608,8,CamaID: 0221-0063-0001,482 BROAD ST #1,488706,08178-0221-0063-0000,0221-0063-0001,841.098414536045,14,182591,35696.9996122491
Portsmouth,,103B,0221-0061-0000,178,5,,11,178-29569,8,CamaID: 0221-0061-0000,512 BROAD ST,488707,08178-0221-0061-0000,0221-0061-0000,425.755910633423,11,182592,9447.07354584979
Portsmouth,,103B,0221-0060-0000,178,5,,11,178-29568,8,CamaID: 0221-0060-0000,524 BROAD ST,488708,08178-0221-0060-0000,0221-0060-0000,888.284167473133,11,182593,21250.0731580534
Portsmouth,,103B,0221-0031-0000,178,5,,11,178-29539,8,CamaID: 0221-0031-0000,39 SAGAMORE AVE,488709,08178-0221-0031-0000,0221-0031-0000,383.517143224707,11,182594,8449.29247149071
Portsmouth,,103B,0221-0030-0000,178,5,,11,178-29538,8,CamaID: 0221-0030-0000,49 SAGAMORE AVE,488710,08178-0221-0030-0000,0221-0030-0000,355.089851543026,11,182595,7048.03947400369
Portsmouth,,103B,0221-0029-0000,178,5,,11,178-29537,8,CamaID: 0221-0029-0000,73 SAGAMORE AVE,488711,08178-0221-0029-0000,0221-0029-0000,461.062359654762,11,182596,13226.1454881897
Portsmouth,,103B,0221-0028-0000,178,5,,11,178-29536,8,CamaID: 0221-0028-0000,89 SAGAMORE AVE,488712,08178-0221-0028-0000,0221-0028-0000,326.733029113011,11,182597,6174.32351143988
Portsmouth,,103B,0221-0027-0000,178,5,,12,178-29535,8,CamaID: 0221-0027-0000,111 SAGAMORE AVE,488713,08178-0221-0027-0000,0221-0027-0000,443.383500718508,12,182598,12201.0610845974
Portsmouth,,103B,0221-0026-0000,178,5,,11,178-29534,8,CamaID: 0221-0026-0000,125 SAGAMORE AVE,488714,08178-0221-0026-0000,0221-0026-0000,326.347177258097,11,182599,6238.65673663771
Portsmouth,,103B,0221-0025-0000,178,5,,11,178-29533,8,CamaID: 0221-0025-0000,133 SAGAMORE AVE,488715,08178-0221-0025-0000,0221-0025-0000,323.591244266778,11,182600,6086.54049175531
Portsmouth,,103B,0221-0024-0000,178,5,,11,178-29532,8,CamaID: 0221-0024-0000,141 SAGAMORE AVE,488716,08178-0221-0024-0000,0221-0024-0000,327.679075589396,11,182601,6284.07645728284
Portsmouth,,103B,0221-0023-0000,178,5,,11,178-29531,8,CamaID: 0221-0023-0000,161 SAGAMORE AVE,488717,08178-0221-0023-0000,0221-0023-0000,324.06440581292,11,182602,6086.56322770121
Portsmouth,,103B,0221-0022-0000,178,5,,11,178-29530,8,CamaID: 0221-0022-0000,171 SAGAMORE AVE,488718,08178-0221-0022-0000,0221-0022-0000,326.601640656172,11,182603,6205.21989428912
Portsmouth,,103B,0221-0043-0000,178,5,,11,178-29551,8,CamaID: 0221-0043-0000,479 BROAD ST,488719,08178-0221-0043-0000,0221-0043-0000,312.311915000908,11,182604,5719.42192132005
Portsmouth,,103B,0221-0044-0000,178,5,,11,178-29552,8,CamaID: 0221-0044-0000,491 BROAD ST,488720,08178-0221-0044-0000,0221-0044-0000,316.653197992893,11,182605,5931.00284379662
Portsmouth,,103B,0221-0045-0000,178,5,,11,178-29553,8,CamaID: 0221-0045-0000,501 BROAD ST,488721,08178-0221-0045-0000,0221-0045-0000,317.109177232263,11,182606,5953.37700939128
Portsmouth,,103B,0229-006A-0000,178,5,,22,178-30069,8,CamaID: 0229-006A-0000,LAFAYETTE RD,488722,08178-0229-006A-0000,0229-006A-0000,850.143910581012,22,182607,43622.297710151
Portsmouth,,125,0231-0024-0000,178,22,,11,178-30112,8,CamaID: 0231-0024-0000,99 HILLSIDE DR,488723,08178-0231-0024-0000,0231-0024-0000,480.657988486371,11,182608,12540.8540693
Portsmouth,,125,0231-0027-0000,178,22,,11,178-30115,8,CamaID: 0231-0027-0000,75 HILLSIDE DR,488724,08178-0231-0027-0000,0231-0027-0000,440.511975741787,11,182609,11246.6350387769
Portsmouth,,125,0231-0028-0000,178,22,,11,178-30116,8,CamaID: 0231-0028-0000,57 HILLSIDE DR,488725,08178-0231-0028-0000,0231-0028-0000,638.135653811864,11,182610,19243.4255558929
Portsmouth,,125,0231-0029-0000,178,22,,11,178-30117,8,CamaID: 0231-0029-0000,29 HILLSIDE DR,488726,08178-0231-0029-0000,0231-0029-0000,424.223367233007,11,182611,10663.9012996156
Portsmouth,,125,0231-0045-0000,178,22,,11,178-30133,8,CamaID: 0231-0045-0000,3 HILLSIDE DR,488727,08178-0231-0045-0000,0231-0045-0000,516.947961398249,11,182612,15921.1321812335
Portsmouth,,125,0231-0030-0000,178,22,,11,178-30118,8,CamaID: 0231-0030-0000,20 HILLSIDE DR,488728,08178-0231-0030-0000,0231-0030-0000,391.534875481618,11,182613,9092.56792919992
Portsmouth,,125,0231-0034-0000,178,22,,11,178-30122,8,CamaID: 0231-0034-0000,78 HILLSIDE DR,488729,08178-0231-0034-0000,0231-0034-0000,392.651357965636,11,182614,9093.17177426271
Portsmouth,,104,0168-0003-0000,178,6,,11,178-35197,8,CamaID: 0168-0003-0000,171 MONROE ST EXT,488730,08178-0168-0003-0000,0168-0003-0000,358.445533610392,11,182615,7721.60511926746
Portsmouth,,103B,0151-0004-0000,178,5,,11,178-34720,8,CamaID: 0151-0004-0000,1248 SOUTH ST,488731,08178-0151-0004-0000,0151-0004-0000,358.413587643622,11,182616,6003.43245142477
Portsmouth,,103B,0151-0003-0000,178,5,,11,178-34719,8,CamaID: 0151-0003-0000,1246 SOUTH ST,488732,08178-0151-0003-0000,0151-0003-0000,691.239396896585,11,182617,27583.1191463154
Portsmouth,,103B,0230-0013-0000,178,5,,11,178-30082,8,CamaID: 0230-0013-0000,5 JENKINS AVE,488733,08178-0230-0013-0000,0230-0013-0000,493.081468517529,11,182618,14510.2133498008
Portsmouth,,103B,0230-0012-0000,178,5,,11,178-30081,8,CamaID: 0230-0012-0000,1 JENKINS AVE,488734,08178-0230-0012-0000,0230-0012-0000,532.648933158947,11,182619,16439.9593423454
Portsmouth,,104,0168-0023-0000,178,6,,11,178-35216,8,CamaID: 0168-0023-0000,1375 SOUTH ST,488735,08178-0168-0023-0000,0168-0023-0000,363.291850861906,11,182620,7659.83551206467
Portsmouth,,123,0233-0033-0000,178,21,,11,178-30400,8,CamaID: 0233-0033-0000,16 HAMPSHIRE RD,488736,08178-0233-0033-0000,0233-0033-0000,358.513661896104,11,182621,7930.91115543433
Portsmouth,,123,0233-0035-0000,178,21,,11,178-30402,8,CamaID: 0233-0035-0000,13 HAMPSHIRE RD,488737,08178-0233-0035-0000,0233-0035-0000,346.638432909748,11,182622,7425.91664228264
Portsmouth,,123,0232-0151-0000,178,21,,11,178-30290,8,CamaID: 0232-0151-0000,11 HAMPSHIRE RD,488738,08178-0232-0151-0000,0232-0151-0000,343.681166085111,11,182623,7208.14114382963
Portsmouth,,123,0233-0034-0000,178,21,,11,178-30401,8,CamaID: 0233-0034-0000,12 HAMPSHIRE RD,488739,08178-0233-0034-0000,0233-0034-0000,354.787506153388,11,182624,7730.27088991978
Portsmouth,,103B,0151-0020-0000,178,5,,11,178-34733,8,CamaID: 0151-0020-0000,145 LAFAYETTE RD,488740,08178-0151-0020-0000,0151-0020-0000,296.56605635071,11,182625,4836.3379804634
Portsmouth,,103B,0151-0023-0000,178,5,,11,178-34734,8,CamaID: 0151-0023-0000,1247 SOUTH ST,488741,08178-0151-0023-0000,0151-0023-0000,315.690764647699,11,182626,5733.78819981138
Portsmouth,,103B,0151-0024-0000,178,5,,11,178-34735,8,CamaID: 0151-0024-0000,1229 SOUTH ST,488742,08178-0151-0024-0000,0151-0024-0000,580.698063777587,11,182627,18479.2373044449
Portsmouth,,103B,0150-0044-0000,178,5,,11,178-34711,8,CamaID: 0150-0044-0000,29 ORCHARD CT,488743,08178-0150-0044-0000,0150-0044-0000,320.068117450999,11,182628,5381.64077012673
Portsmouth,,103B,0150-0018-0000,178,5,,11,178-34686,8,CamaID: 0150-0018-0000,1151 SOUTH ST,488744,08178-0150-0018-0000,0150-0018-0000,341.568914655607,11,182629,6487.17505196111
Portsmouth,,103B,0150-0020-0000,178,5,,11,178-34688,8,CamaID: 0150-0020-0000,1121 SOUTH ST,488745,08178-0150-0020-0000,0150-0020-0000,361.376451791672,11,182630,7321.09550406572
Portsmouth,,103B,0150-0021-0000,178,5,,11,178-34689,8,CamaID: 0150-0021-0000,1105 SOUTH ST,488746,08178-0150-0021-0000,0150-0021-0000,310.519447319973,11,182631,5904.43609948029
Portsmouth,,103B,0150-0017-0000,178,5,,11,178-34685,8,CamaID: 0150-0017-0000,1157 SOUTH ST,488747,08178-0150-0017-0000,0150-0017-0000,308.5124807169,11,182632,5142.38399053168
Portsmouth,,103B,0230-0001-0000,178,5,,11,178-30070,8,CamaID: 0230-0001-0000,1160 SOUTH ST,488748,08178-0230-0001-0000,0230-0001-0000,1167.60502435008,11,182633,57440.7714553838
Portsmouth,,103B,0150-0016-0000,178,5,,11,178-34684,8,CamaID: 0150-0016-0000,1140 SOUTH ST,488749,08178-0150-0016-0000,0150-0016-0000,493.941516890236,11,182634,11112.1236726815
Portsmouth,,119,0217-0002-1819,178,18,,22,178-29242,8,CamaID: 0217-0002-1819,1 OSPREY DR,488750,08178-0217-0002-1819,0217-0002-1819,368.714559245843,22,182635,8747.81190192295
Portsmouth,,301,0216-0001-0005,178,56,,33,178-35373,8,CamaID: 0216-0001-0005,230 COMMERCE WAY,488751,08178-0216-0001-0005,0216-0001-0005,2411.42971845897,33,182636,241802.099085619
Portsmouth,,303,0238-0016-0000,178,58,,33,178-35532,8,CamaID: 0238-0016-0000,1600 WOODBURY AVE,488752,08178-0238-0016-0000,0238-0016-0000,4977.97858964289,33,182637,694371.944598665
Portsmouth,,303,0239-0003-0000,178,58,,33,178-35538,8,CamaID: 0239-0003-0000,1650 WOODBURY AVE,488753,08178-0239-0003-0000,0239-0003-0000,676.632202724654,33,182638,30107.724928856
Portsmouth,,125,0243-0017-0000,178,22,,27,178-30769,8,CamaID: 0243-0017-0000,SWETT AVE,488754,08178-0243-0017-0000,0243-0017-0000,462.683982612434,27,182639,12158.9958155673
Portsmouth,,303,0216-0003-0000,178,58,,33,178-35366,8,CamaID: 0216-0003-0000,1465 WOODBURY AVE,488755,08178-0216-0003-0000,0216-0003-0000,3902.19386379057,33,182640,865318.630765701
Portsmouth,,303,0215-0013-0000,178,58,,33,178-35362,8,CamaID: 0215-0013-0000,1815 WOODBURY AVE,488756,08178-0215-0013-0000,0215-0013-0000,673.254121184473,33,182641,24524.9991548067
Portsmouth,,303,0215-0012-0000,178,58,,33,178-35361,8,CamaID: 0215-0012-0000,1817 WOODBURY AVE,488757,08178-0215-0012-0000,0215-0012-0000,596.840694071972,33,182642,19423.4363051495
Portsmouth,,303,0215-0011-0000,178,58,,33,178-35360,8,CamaID: 0215-0011-0000,1855 WOODBURY AVE,488758,08178-0215-0011-0000,0215-0011-0000,660.159391936901,33,182643,25620.9475180549
Portsmouth,,204,0124-0014-0000,178,34,,14,178-52546,8,CamaID: 0124-0014-0402,233 VAUGHAN ST #402,488759,08178-0124-0014-0000,0124-0014-0402,680.444110058367,14,182644,20109.1139538315
Portsmouth,,111,0202-0008-0000,178,11,,11,178-28586,8,CamaID: 0202-0008-0000,171 WALKER BUNGALOW RD,488762,08178-0202-0008-0000,0202-0008-0000,665.531599987822,11,182645,23090.3406676557
Portsmouth,,111,0202-0010-0000,178,11,,11,178-28588,8,CamaID: 0202-0010-0000,201 WALKER BUNGALOW RD,488763,08178-0202-0010-0000,0202-0010-0000,617.071096463629,11,182646,21243.508699489
Portsmouth,,206,0209-0023-0000,178,36,,14,178-38470,8,CamaID: 0209-0023-0001,12 CENTRAL AVE #1,488764,08178-0209-0023-0000,0209-0023-0001,630.785158594983,14,182647,20666.4389359154
Portsmouth,,128,0209-0065-0000,178,24,,11,178-28788,8,CamaID: 0209-0065-0000,74 LESLIE DR,488765,08178-0209-0065-0000,0209-0065-0000,378.74313837813,11,182648,8298.56630556887
Portsmouth,,128,0209-0022-0000,178,24,,11,178-28745,8,CamaID: 0209-0022-0000,14 CENTRAL AVE,488766,08178-0209-0022-0000,0209-0022-0000,364.887058283599,11,182649,8159.72481296046
Portsmouth,,128,0209-0004-0000,178,24,,11,178-28731,8,CamaID: 0209-0004-0000,15 CENTRAL AVE,488767,08178-0209-0004-0000,0209-0004-0000,527.887661416498,11,182650,15358.8578412511
Portsmouth,,128,0209-0025-0000,178,24,,11,178-28748,8,CamaID: 0209-0025-0000,140 CUTTS ST,488768,08178-0209-0025-0000,0209-0025-0000,313.457144626109,11,182651,5675.67239876116
Portsmouth,,128,0209-0037-0000,178,24,,11,178-28760,8,CamaID: 0209-0037-0000,91 CUTTS ST,488769,08178-0209-0037-0000,0209-0037-0000,621.338848772949,11,182652,20639.1509208613
Portsmouth,,130,0212-0149-0000,178,26,,11,178-28971,8,CamaID: 0212-0149-0000,87 CRESCENT WAY,488770,08178-0212-0149-0000,0212-0149-0000,300.366205001794,11,182653,5433.26390096559
Portsmouth,,130,0212-0071-0000,178,26,,11,178-28902,8,CamaID: 0212-0071-0000,191 CRESCENT WAY,488771,08178-0212-0071-0000,0212-0071-0000,231.402692140856,11,182654,2450.19265839056
Portsmouth,,305,0119-0002-0000,178,60,,33,178-37990,8,CamaID: 0119-0002-0000,53 GREEN ST,488760,08178-0119-0002-0000,0119-0002-0000,1127.40952151653,33,182655,69129.3019483723
Portsmouth,,111,0202-0006-0000,178,11,,11,178-28584,8,CamaID: 0202-0006-0000,159 WALKER BUNGALOW RD,488761,08178-0202-0006-0000,0202-0006-0000,409.528399707556,11,182656,10439.2711727754
Portsmouth,,301,0219-0063-0000,178,56,,44,178-35402,8,CamaID: 0219-0063-0002,1000 MARKET ST,488772,08178-0219-0063-0000,0219-0063-0002,3963.75977556612,44,182657,777175.32865968
Portsmouth,,128,0210-0013-0000,178,24,,22,178-28819,8,CamaID: 0210-0013-0000,ELM ST,488773,08178-0210-0013-0000,0210-0013-0000,715.079145496248,22,182658,20361.9896104413
Portsmouth,,128,0210-0017-0000,178,24,,27,178-35331,8,CamaID: 0210-0017-0000,CENTRAL ST,488774,08178-0210-0017-0000,0210-0017-0000,262.621263417914,27,182659,4282.41499773401
Portsmouth,,128,0210-0012-0000,178,24,,11,178-28818,8,CamaID: 0210-0012-0000,1 FOREST ST,488775,08178-0210-0012-0000,0210-0012-0000,598.639999329341,11,182660,22939.1187880904
Portsmouth,,128,0210-0018-0000,178,24,,22,178-28822,8,CamaID: 0210-0018-0000,CENTRAL ST,488776,08178-0210-0018-0000,0210-0018-0000,131.571671921344,22,182661,656.702124058177
Portsmouth,,128,0218-0026-0000,178,24,,11,178-29279,8,CamaID: 0218-0026-0000,352 KEARSARGE WAY,488777,08178-0218-0026-0000,0218-0026-0000,608.168148601409,11,182662,22873.8914044569
Portsmouth,,128,0218-0023-0000,178,24,,11,178-29278,8,CamaID: 0218-0023-0000,374 KEARSARGE WAY,488778,08178-0218-0023-0000,0218-0023-0000,385.842904701856,11,182663,9590.48356314123
Portsmouth,,130,0212-0120-0001,178,26,,11,178-28990,8,CamaID: 0212-0120-0001,531 KEARSARGE WAY,488779,08178-0212-0120-0001,0212-0120-0001,186.377695602408,11,182664,1660.5333049392
Portsmouth,,130,0212-0120-0003,178,26,,11,178-28992,8,CamaID: 0212-0120-0003,535 KEARSARGE WAY,488780,08178-0212-0120-0003,0212-0120-0003,166.364360286533,11,182665,968.455516758586
Portsmouth,,130,0212-0120-0005,178,26,,11,178-28994,8,CamaID: 0212-0120-0005,539 KEARSARGE WAY,488781,08178-0212-0120-0005,0212-0120-0005,166.364660637757,11,182666,968.456526210824
Portsmouth,,130,0212-0025-0006,178,26,,11,178-29008,8,CamaID: 0212-0025-0006,600 KEARSARGE WAY,488782,08178-0212-0025-0006,0212-0025-0006,203.05309875635,11,182667,2206.61792912669
Portsmouth,,130,0212-0047-0000,178,26,,11,178-28878,8,CamaID: 0212-0047-0000,95 SARATOGA WAY,488783,08178-0212-0047-0000,0212-0047-0000,271.785669497741,11,182668,2663.50542378698
Portsmouth,,130,0212-0054-0000,178,26,,11,178-28885,8,CamaID: 0212-0054-0000,687 KEARSARGE WAY,488784,08178-0212-0054-0000,0212-0054-0000,243.638133958106,11,182669,3066.68838342454
Portsmouth,,125,0232-0116-0000,178,22,,11,178-30258,8,CamaID: 0232-0116-0000,969 MIDDLE RD,488785,08178-0232-0116-0000,0232-0116-0000,500.312350752222,11,182670,14925.9162500795
Portsmouth,,218,0297-012A-0000,178,47,,14,178-32779,8,CamaID: 0297-012A-0001,3370 LAFAYETTE RD #1,488786,08178-0297-012A-0000,0297-012A-0001,2887.64162505018,14,182671,194936.237459048
Portsmouth,,118,0297-0010-0000,178,17,,11,178-32776,8,CamaID: 0297-0010-0000,3430 LAFAYETTE RD,488787,08178-0297-0010-0000,0297-0010-0000,385.316587840143,11,182672,9203.61659877276
Portsmouth,,119,0292-0234-0000,178,18,,11,178-38070,8,CamaID: 0292-0234-0000,150 NATHANIEL DR,488788,08178-0292-0234-0000,0292-0234-0000,577.040271537988,11,182673,16747.2976150397
Portsmouth,,119,0292-0235-0000,178,18,,11,178-38071,8,CamaID: 0292-0235-0000,140 NATHANIEL DR,488789,08178-0292-0235-0000,0292-0235-0000,507.145309389829,11,182674,15009.5170744871
Portsmouth,,119,0292-0233-0000,178,18,,11,178-38151,8,CamaID: 0292-0233-0000,145 NATHANIEL DR,488790,08178-0292-0233-0000,0292-0233-0000,548.930188586696,11,182675,14175.3041330759
Portsmouth,,118,0292-0216-0000,178,17,,11,178-32675,8,CamaID: 0292-0216-0000,47 MARIETTE DR,488794,08178-0292-0216-0000,0292-0216-0000,541.817874329702,11,182676,15167.5713779453
Portsmouth,,304,0123-0009-0000,178,59,,57,178-33630,8,CamaID: 0123-0009-0000,235 MAPLEWOOD AVE,488791,08178-0123-0009-0000,0123-0009-0000,1256.21517569427,57,182677,55268.6521011796
Portsmouth,,131,0141-0020-0000,178,27,,12,178-34256,8,CamaID: 0141-0020-0000,399 MAPLEWOOD AVE,488792,08178-0141-0020-0000,0141-0020-0000,734.038893344657,12,182678,26013.1032042706
Portsmouth,,129,0209-0086-0000,178,25,,57,178-28809,8,CamaID: 0209-0086-0000,465 MAPLEWOOD AVE,488793,08178-0209-0086-0000,0209-0086-0000,419.595054156115,57,182679,10282.0213769225
Portsmouth,,305,0119-0004-0000,178,60,,23,178-37425,8,CamaID: 0119-0004-0000,MARKET ST,488795,08178-0119-0004-0000,0119-0004-0000,609.755099902294,23,182680,9381.17102969286
Portsmouth,,305,0119-0005-0000,178,60,,44,178-37744,8,CamaID: 0119-0005-0000,555 MARKET ST,488796,08178-0119-0005-0000,0119-0005-0000,6629.28887356001,44,182681,579184.499920343
Portsmouth,,305,0124-0012-0000,178,60,,27,178-37481,8,CamaID: 0124-0012-0000,2A RUSSELL ST,488797,08178-0124-0012-0000,0124-0012-0000,674.22847512233,27,182682,19075.7746969845
Portsmouth,,305,0124-0008-0001,178,60,,33,178-54065,8,CamaID: 0124-0008-0001,145 MAPLEWOOD AVE,488798,08178-0124-0008-0001,0124-0008-0001,832.49928826464,33,182683,42766.967541565
Portsmouth,,118,0293-0005-0003,178,17,,11,178-32738,8,CamaID: 0293-0005-0003,381 OCEAN RD,488799,08178-0293-0005-0003,0293-0005-0003,1124.66548119491,11,182684,52543.5252422165
Portsmouth,,118,0293-0005-0004,178,17,,11,178-32739,8,CamaID: 0293-0005-0004,383 OCEAN RD,488800,08178-0293-0005-0004,0293-0005-0004,1112.91426781121,11,182685,53484.1379884991
Portsmouth,,118,0293-0005-0005,178,17,,11,178-32740,8,CamaID: 0293-0005-0005,385 OCEAN RD,488801,08178-0293-0005-0005,0293-0005-0005,1106.12239937485,11,182686,54151.7552157685
Portsmouth,,,0,178,,,,,,,,488802,08178-0,,112.961452228736,,182687,43.1460702067067
Portsmouth,70,113,0224-0010-0001,178,13,,11,178-29982,8,CamaID: 0224-0010-0001,20 ODIORNE POINT RD,488803,08178-0224-0010-0001,0224-0010-0001,2056.89996299428,11-70,182688,123716.012530097
Portsmouth,,219,0224-0013-0000,178,48,,14,178-53346,8,CamaID: 0224-0013-0007,1177 SAGAMORE AVE #7,488804,08178-0224-0013-0000,0224-0013-0007,954.550881904082,14,182689,56056.7103026224
Portsmouth,,302,0174-0012-0000,178,57,,27,178-35274,8,CamaID: 0174-0012-0000,153 BOYD RD,488805,08178-0174-0012-0000,0174-0012-0000,1105.37979590251,27,182690,54917.9861556936
Portsmouth,,305A,0138-0063-0000,178,61,,44,178-37538,8,CamaID: 0138-0063-0001,361 HANOVER ST #A,488806,08178-0138-0063-0000,0138-0063-0001,1017.0511890223,44,182691,43310.6120644514
Portsmouth,,,,178,,,,,,,,488807,08178-,,1813.56746006207,,182692,185868.333697343
Portsmouth,,305,0121-0001-0000,178,60,,57,178-38058,8,CamaID: 0121-0001-0000,MARKET ST,488808,08178-0121-0001-0000,0121-0001-0000,10498.4132591374,57,182693,371943.63623197
Portsmouth,,129,0219-0003-0001,178,25,,11,178-29356,8,CamaID: 0219-0003-0001,101 OLEARY PL,488809,08178-0219-0003-0001,0219-0003-0001,881.24111520734,11,182694,40733.5889698093
Portsmouth,,118,0293-0005-0001,178,17,,11,178-32736,8,CamaID: 0293-0005-0001,377 OCEAN RD,488810,08178-0293-0005-0001,0293-0005-0001,1187.0920939868,11,182695,54897.0260729692
Portsmouth,,128,0209-0075-0000,178,24,,11,178-28798,8,CamaID: 0209-0075-0000,263 LESLIE DR,488811,08178-0209-0075-0000,0209-0075-0000,333.086747395084,11,182696,6903.04059631187
Portsmouth,,305,0124-0013-0000,178,60,,57,178-37482,8,CamaID: 0124-0013-0000,GREEN ST,488812,08178-0124-0013-0000,0124-0013-0000,780.720953516176,57,182697,12743.079910534
Portsmouth,,305,0119-0003-0000,178,60,,24,178-37743,8,CamaID: 0119-0003-0000,MARKET ST,488813,08178-0119-0003-0000,0119-0003-0000,815.341282968365,24,182698,21532.2886375086
Portsmouth,,304,0122-0009-0000,178,59,,57,178-37747,8,CamaID: 0122-0009-0000,76 NORTHWEST ST,488814,08178-0122-0009-0000,0122-0009-0000,1060.92080532845,57,182699,57600.9526121665
Portsmouth,,131,0141-0028-0000,178,27,,12,178-34263,8,CamaID: 0141-0028-0000,73 NORTHWEST ST,488815,08178-0141-0028-0000,0141-0028-0000,1125.56024972194,12,182700,60177.9501747236
Portsmouth,,128,0209-0061-0000,178,24,,11,178-28784,8,CamaID: 0209-0061-0000,122 LESLIE DR,488816,08178-0209-0061-0000,0209-0061-0000,439.61178363615,11,182701,10752.2322666083
Portsmouth,,128,0209-0060-0000,178,24,,11,178-28783,8,CamaID: 0209-0060-0000,130 LESLIE DR,488817,08178-0209-0060-0000,0209-0060-0000,430.988987192525,11,182702,10676.4825205461
Portsmouth,,131,0122-0007-0000,178,27,,11,178-38237,8,CamaID: 0122-0007-0000,172 NORTHWEST ST,488818,08178-0122-0007-0000,0122-0007-0000,704.360100357981,11,182703,30961.2628890532
Portsmouth,,103B,0133-0034-0000,178,5,,11,178-33928,8,CamaID: 0133-0034-0000,269 WIBIRD ST,488819,08178-0133-0034-0000,0133-0034-0000,408.850214559001,11,182704,7859.97599878746
Portsmouth,,129,0163-0014-0000,178,25,,11,178-35107,8,CamaID: 0163-0014-0000,97 MORNING ST,488820,08178-0163-0014-0000,0163-0014-0000,199.382592136904,11,182705,2316.18994675312
Portsmouth,,131,0163-0013-0000,178,27,,12,178-35106,8,CamaID: 0163-0013-0000,46 WOODBURY AVE,488821,08178-0163-0013-0000,0163-0013-0000,218.324583937933,12,182706,2943.49576756334
Portsmouth,,301,0163-0004-0000,178,56,,57,178-35097,8,CamaID: 0163-0004-0000,150 BARTLETT ST,488822,08178-0163-0004-0000,0163-0004-0000,262.634927048266,57,182707,2540.00475819869
Portsmouth,,131,0163-0012-0000,178,27,,11,178-35105,8,CamaID: 0163-0012-0000,34 WOODBURY AVE,488823,08178-0163-0012-0000,0163-0012-0000,355.663544510022,11,182708,6645.23560255138
Portsmouth,,131,0163-0005-0000,178,27,,11,178-35098,8,CamaID: 0163-0005-0000,160 BARTLETT ST,488824,08178-0163-0005-0000,0163-0005-0000,265.688652152823,11,182709,3441.78147889243
Portsmouth,,131,0174-0020-0000,178,27,,11,178-35280,8,CamaID: 0174-0020-0000,100 WOODBURY AVE,488825,08178-0174-0020-0000,0174-0020-0000,337.693302912269,11,182710,6147.72773474519
Portsmouth,,131,0163-0011-0000,178,27,,11,178-35104,8,CamaID: 0163-0011-0000,24 WOODBURY AVE,488826,08178-0163-0011-0000,0163-0011-0000,337.695325425293,11,182711,5585.31468996363
Portsmouth,,,0165-0000-0000,178,,,,,,,,488827,08178-0165-0000-0000,,151.832441811422,,182712,659.350085587482
Portsmouth,,129,0163-0020-0000,178,25,,11,178-35113,8,CamaID: 0163-0020-0000,70 MORNING ST,488828,08178-0163-0020-0000,0163-0020-0000,411.29282734465,11,182713,7664.91769912995
Portsmouth,,129,0163-0021-0000,178,25,,11,178-35114,8,CamaID: 0163-0021-0000,78 MORNING ST,488829,08178-0163-0021-0000,0163-0021-0000,425.711968290438,11,182714,6959.57749294851
Portsmouth,,207,0163-0022-0000,178,37,,14,178-38434,8,CamaID: 0163-0022-0001,86 MORNING ST #1,488830,08178-0163-0022-0000,0163-0022-0001,403.921051568291,14,182715,8592.01352407141
Portsmouth,,121,0258-0006-0000,178,20,,11,178-31187,8,CamaID: 0258-0006-0000,59 OXFORD AVE,488831,08178-0258-0006-0000,0258-0006-0000,470.872501029758,11,182716,10905.7497167233
Portsmouth,,121,0258-0005-0000,178,20,,11,178-31186,8,CamaID: 0258-0005-0000,644 GREENLAND RD,488832,08178-0258-0005-0000,0258-0005-0000,496.332822503467,11,182717,14598.345025585
Portsmouth,,302,0232-0090-0000,178,57,,57,178-35492,8,CamaID: 0232-0090-0000,968 MIDDLE RD,488833,08178-0232-0090-0000,0232-0090-0000,385.083119609355,57,182718,9007.1588212288
Portsmouth,,121,0259-0019-0000,178,20,,11,178-31244,8,CamaID: 0259-0019-0000,669 GREENLAND RD,488834,08178-0259-0019-0000,0259-0019-0000,384.421962322474,11,182719,7858.91105119854
Portsmouth,,132,0259-0021-0000,178,28,,11,178-31246,8,CamaID: 0259-0021-0000,3 PRINCETON ST,488835,08178-0259-0021-0000,0259-0021-0000,518.213594406671,11,182720,15407.8675151937
Portsmouth,,304,0262-0009-0000,178,59,,57,178-35776,8,CamaID: 0262-0009-0000,GREENLAND RD,488836,08178-0262-0009-0000,0262-0009-0000,764.538487739934,57,182721,26375.2381149496
Portsmouth,,121,0259-0004-0000,178,20,,11,178-31236,8,CamaID: 0259-0004-0000,890 GREENLAND RD,488837,08178-0259-0004-0000,0259-0004-0000,523.044918404481,11,182722,12564.8763711962
Portsmouth,,132,0259-0028-0000,178,28,,11,178-31251,8,CamaID: 0259-0028-0000,50 HARVARD ST,488838,08178-0259-0028-0000,0259-0028-0000,446.161526244223,11,182723,12299.1282752539
Portsmouth,,132,0259-0026-0000,178,28,,11,178-31250,8,CamaID: 0259-0026-0000,56 HARVARD ST,488839,08178-0259-0026-0000,0259-0026-0000,982.483939002842,11,182724,42519.4029245106
Portsmouth,,121,0259-0005-0000,178,20,,11,178-31237,8,CamaID: 0259-0005-0000,11 BISHOP ST,488840,08178-0259-0005-0000,0259-0005-0000,404.5789200621,11,182725,9387.33691691888
Portsmouth,,125,0231-0003-0000,178,22,,12,178-30093,8,CamaID: 0231-0003-0000,420 LAFAYETTE RD,488841,08178-0231-0003-0000,0231-0003-0000,404.858964894755,12,182726,9540.00374595936
Portsmouth,,121,0259-0009-0000,178,20,,11,178-31239,8,CamaID: 0259-0009-0000,52 SHERBURNE RD,488842,08178-0259-0009-0000,0259-0009-0000,457.833509115625,11,182727,10245.8134773855
Portsmouth,,125,0231-0047-0000,178,22,,11,178-30135,8,CamaID: 0231-0047-0000,8 GREENLEAF AVE,488843,08178-0231-0047-0000,0231-0047-0000,401.294051902581,11,182728,9822.65511403781
Portsmouth,,121,0260-0001-0000,178,20,,11,178-31256,8,CamaID: 0260-0001-0000,100 SHERBURNE RD,488844,08178-0260-0001-0000,0260-0001-0000,579.194730626386,11,182729,20406.7589138488
Portsmouth,,123,0232-0131-0000,178,21,,11,178-30270,8,CamaID: 0232-0131-0000,88 SIMS AVE,488845,08178-0232-0131-0000,0232-0131-0000,608.935213560262,11,182730,20964.7271681427
Portsmouth,,121,0260-0087-0000,178,20,,11,178-31342,8,CamaID: 0260-0087-0000,712 COLONIAL DR,488846,08178-0260-0087-0000,0260-0087-0000,329.851676843418,11,182731,6498.25380540187
Portsmouth,,121,0260-0017-0000,178,20,,11,178-31272,8,CamaID: 0260-0017-0000,679 COLONIAL DR,488847,08178-0260-0017-0000,0260-0017-0000,366.767051371122,11,182732,7543.22481304306
Portsmouth,,121,0261-0005-0000,178,20,,11,178-31426,8,CamaID: 0261-0005-0000,362 SHERBURNE RD,488848,08178-0261-0005-0000,0261-0005-0000,553.316593979185,11,182733,18400.6750443135
Portsmouth,,121,0261-0025-0000,178,20,,11,178-31446,8,CamaID: 0261-0025-0000,21 SUTTON AVE,488849,08178-0261-0025-0000,0261-0025-0000,517.163075720176,11,182734,15368.0063283967
Portsmouth,,121,0261-0019-0000,178,20,,11,178-31440,8,CamaID: 0261-0019-0000,436 SHERBURNE RD,488850,08178-0261-0019-0000,0261-0019-0000,529.364418208405,11,182735,16446.8321702681
Portsmouth,,121,0261-0073-0000,178,20,,11,178-31493,8,CamaID: 0261-0073-0000,401 SHERBURNE RD,488851,08178-0261-0073-0000,0261-0073-0000,514.990048405962,11,182736,15099.3021474362
Portsmouth,,121,0260-0030-0000,178,20,,11,178-31285,8,CamaID: 0260-0030-0000,547 COLONIAL DR,488852,08178-0260-0030-0000,0260-0030-0000,380.998143848237,11,182737,8149.94117597926
Portsmouth,,121,0261-0032-0000,178,20,,11,178-31453,8,CamaID: 0261-0032-0000,20 WITMER AVE,488853,08178-0261-0032-0000,0261-0032-0000,443.970043866267,11,182738,11744.2460615035
Portsmouth,,121,0261-0035-0000,178,20,,11,178-31456,8,CamaID: 0261-0035-0000,476 SHERBURNE RD,488854,08178-0261-0035-0000,0261-0035-0000,508.53799631575,11,182739,14633.1297552693
Portsmouth,,304,0261-0038-0000,178,59,,27,178-35775,8,CamaID: 0261-0038-0000,SHERBURNE RD,488855,08178-0261-0038-0000,0261-0038-0000,1080.17726973859,27,182740,43567.873413108
Portsmouth,,129,0234-0014-0000,178,25,,11,178-30517,8,CamaID: 0234-0014-0000,62 COAKLEY RD,488856,08178-0234-0014-0000,0234-0014-0000,335.430308846394,11,182741,6996.268039349
Portsmouth,,129,0234-0015-0000,178,25,,11,178-30518,8,CamaID: 0234-0015-0000,58 COAKLEY RD,488857,08178-0234-0015-0000,0234-0015-0000,493.293131372522,11,182742,14075.5674130529
Portsmouth,,129,0234-0033-0000,178,25,,11,178-30536,8,CamaID: 0234-0033-0000,27 COAKLEY RD,488858,08178-0234-0033-0000,0234-0033-0000,329.063258649743,11,182743,6736.17761802322
Portsmouth,,129,0234-0017-0000,178,25,,11,178-30520,8,CamaID: 0234-0017-0000,50 COAKLEY RD,488859,08178-0234-0017-0000,0234-0017-0000,336.988874000598,11,182744,7071.66127017451
Portsmouth,,129,0234-0032-0000,178,25,,11,178-30535,8,CamaID: 0234-0032-0000,23 COAKLEY RD,488860,08178-0234-0032-0000,0234-0032-0000,351.230908871108,11,182745,7755.7037583317
Portsmouth,,129,0220-0009-0000,178,25,,11,178-29421,8,CamaID: 0220-0009-0000,147 ROCKINGHAM AVE,488861,08178-0220-0009-0000,0220-0009-0000,521.652832733551,11,182746,13020.8351699387
Portsmouth,,302,0160-0043-0000,178,57,,33,178-37614,8,CamaID: 0160-0043-0000,887 US ROUTE 1 BYP,488862,08178-0160-0043-0000,0160-0043-0000,627.055411816032,33,182747,15524.3169980031
Portsmouth,,129,0220-0092-0000,178,25,,11,178-29498,8,CamaID: 0220-0092-0000,217 MYRTLE AVE,488863,08178-0220-0092-0000,0220-0092-0000,344.476493793232,11,182748,5511.15164661339
Portsmouth,,131,0142-0019-0000,178,27,,11,178-34291,8,CamaID: 0142-0019-0000,47 KANE ST,488864,08178-0142-0019-0000,0142-0019-0000,322.479477793706,11,182749,6059.25528029697
Portsmouth,,302,0142-0017-0000,178,57,,33,178-38019,8,CamaID: 0142-0017-0000,948 US ROUTE 1 BYP,488865,08178-0142-0017-0000,0142-0017-0000,544.02676199554,33,182750,16379.3070548926
Portsmouth,,301,0220-0091-0000,178,56,,33,178-35411,8,CamaID: 0220-0091-0000,47 EMERY ST,488866,08178-0220-0091-0000,0220-0091-0000,992.589632060522,33,182751,61182.3719389678
Portsmouth,,302,0142-0036-0000,178,57,,33,178-38022,8,CamaID: 0142-0036-0000,955 US ROUTE 1 BYP,488867,08178-0142-0036-0000,0142-0036-0000,601.234847691553,33,182752,18524.3975054707
Portsmouth,,304,0209-0088-0000,178,59,,60,178-35328,8,CamaID: 0209-0088-0000,560 MAPLEWOOD AVE,488868,08178-0209-0088-0000,0209-0088-0000,871.342114660798,60,182753,37880.1659514965
Portsmouth,,129,0220-0068-0000,178,25,,11,178-29479,8,CamaID: 0220-0068-0000,115 FAIRVIEW AVE,488869,08178-0220-0068-0000,0220-0068-0000,293.581016414341,11,182754,4875.99299632234
Portsmouth,,129,0220-0067-0000,178,25,,11,178-29478,8,CamaID: 0220-0067-0000,139 FAIRVIEW AVE,488870,08178-0220-0067-0000,0220-0067-0000,289.114924496182,11,182755,4688.08529663163
Portsmouth,,129,0209-0013-0000,178,25,,11,178-28736,8,CamaID: 0209-0013-0000,553 MAPLEWOOD AVE,488871,08178-0209-0013-0000,0209-0013-0000,391.94978202687,11,182756,9279.82532204709
Portsmouth,,123,0170-0026-0000,178,21,,11,178-51408,8,CamaID: 0170-0026-0000,180 SPINNEY RD,488872,08178-0170-0026-0000,0170-0026-0000,604.328864294978,11,182757,14997.3629010601
Portsmouth,,123,0170-0025-0000,178,21,,11,178-51409,8,CamaID: 0170-0025-0000,194 SPINNEY RD,488873,08178-0170-0025-0000,0170-0025-0000,637.992313953811,11,182758,15105.1251000514
Portsmouth,,128,0209-0002-0000,178,24,,11,178-28729,8,CamaID: 0209-0002-0000,7 CENTRAL AVE,488874,08178-0209-0002-0000,0209-0002-0000,394.88049733423,11,182759,9402.88786306138
Portsmouth,,304,0209-0006-0000,178,59,,33,178-35324,8,CamaID: 0209-0006-0000,651 MAPLEWOOD AVE,488875,08178-0209-0006-0000,0209-0006-0000,464.578785360074,33,182760,12830.1374933715
Portsmouth,,128,0209-0064-0000,178,24,,11,178-28787,8,CamaID: 0209-0064-0000,84 LESLIE DR,488876,08178-0209-0064-0000,0209-0064-0000,372.040825009902,11,182761,8248.2034685121
Portsmouth,,301,0234-0007-004A,178,56,,27,178-35512,8,CamaID: 0234-0007-004A,444 BORTHWICK AVE,488877,08178-0234-0007-004A,0234-0007-004A,3518.69885777242,27,182762,395749.504493332
Portsmouth,,103B,0134-0050-0000,178,5,,12,178-34001,8,CamaID: 0134-0050-0000,446 UNION ST,488878,08178-0134-0050-0000,0134-0050-0000,319.792120019091,12,182763,5991.2243537903
Portsmouth,,206,0148-0035-0000,178,36,,14,178-50375,8,CamaID: 0148-0035-0001,699 MIDDLE ST #1,488879,08178-0148-0035-0000,0148-0035-0001,421.92149032039,14,182764,11153.9297045757
Portsmouth,,103B,0148-0049-0000,178,5,,11,178-34583,8,CamaID: 0148-0049-0000,69 PARK ST,488880,08178-0148-0049-0000,0148-0049-0000,446.926828045549,11,182765,6270.43280539867
Portsmouth,,103B,0134-0047-0000,178,5,,12,178-33998,8,CamaID: 0134-0047-0000,123 WIBIRD ST,488881,08178-0134-0047-0000,0134-0047-0000,311.028263370708,12,182766,5304.19270617431
Portsmouth,,103B,0134-0049-0000,178,5,,11,178-34000,8,CamaID: 0134-0049-0000,485 LINCOLN AVE,488882,08178-0134-0049-0000,0134-0049-0000,329.817378102484,11,182767,5799.37626060666
Portsmouth,,103B,0148-0048-0000,178,5,,11,178-34582,8,CamaID: 0148-0048-0000,61 PARK ST,488883,08178-0148-0048-0000,0148-0048-0000,457.114907915424,11,182768,9501.38956687173
Portsmouth,,103B,0148-0034-0000,178,5,,11,178-34568,8,CamaID: 0148-0034-0000,687 MIDDLE ST,488884,08178-0148-0034-0000,0148-0034-0000,361.305326252566,11,182769,8078.8907263882
Portsmouth,,302,0172-0002-0000,178,57,,33,178-37648,8,CamaID: 0172-0002-0000,350 US ROUTE 1 BYP,488885,08178-0172-0002-0000,0172-0002-0000,854.334453176095,33,182770,41774.449226714
Portsmouth,,103B,0148-0033-0000,178,5,,11,178-34567,8,CamaID: 0148-0033-0000,673 MIDDLE ST,488886,08178-0148-0033-0000,0148-0033-0000,296.681131095854,11,182771,5157.31243209882
Portsmouth,,204,0134-0044-0000,178,34,,14,178-34009,8,CamaID: 0134-0044-0001,101 WIBIRD ST #1,488887,08178-0134-0044-0000,0134-0044-0001,425.914034096972,14,182772,8734.97820600852
Portsmouth,,103B,0148-0046-0000,178,5,,11,178-34580,8,CamaID: 0148-0046-0000,45 PARK ST,488888,08178-0148-0046-0000,0148-0046-0000,395.268541986469,11,182773,9200.72846065385
Portsmouth,,103B,0134-0043-0000,178,5,,12,178-33996,8,CamaID: 0134-0043-0000,91 WIBIRD ST,488889,08178-0134-0043-0000,0134-0043-0000,334.717528757039,12,182774,5743.55498370387
Portsmouth,,103B,0134-0053-0000,178,5,,11,178-34004,8,CamaID: 0134-0053-0000,404 UNION ST,488890,08178-0134-0053-0000,0134-0053-0000,491.74375261101,11,182775,14478.4333293891
Portsmouth,,103B,0134-0042-0000,178,5,,12,178-33995,8,CamaID: 0134-0042-0000,79 WIBIRD ST,488891,08178-0134-0042-0000,0134-0042-0000,372.659524650278,12,182776,7984.88442725118
Portsmouth,,129,0220-0073-0000,178,25,,11,178-29484,8,CamaID: 0220-0073-0000,832 MAPLEWOOD AVE,488892,08178-0220-0073-0000,0220-0073-0000,393.930390109892,11,182777,9698.06853979787
Portsmouth,,129,0220-0066-0000,178,25,,19,178-29477,8,CamaID: 0220-0066-0000,FAIRVIEW AVE,488893,08178-0220-0066-0000,0220-0066-0000,317.208888443621,19,182778,5886.86552559217
Portsmouth,,128,0209-0003-0000,178,24,,11,178-28730,8,CamaID: 0209-0003-0000,9 CENTRAL AVE,488894,08178-0209-0003-0000,0209-0003-0000,813.01805671884,11,182779,35054.4603883716
Portsmouth,,206,0209-0019-0000,178,36,,14,178-53426,8,CamaID: 0209-0019-0002,90  CUTTS ST  #B,488895,08178-0209-0019-0000,0209-0019-0002,494.883355453371,14,182780,12320.4166634468
Portsmouth,,128,0209-0083-0000,178,24,,11,178-28806,8,CamaID: 0209-0083-0000,77 CUTTS ST,488896,08178-0209-0083-0000,0209-0083-0000,431.382523574389,11,182781,11376.2078801242
Portsmouth,,129,0219-0065-0000,178,25,,11,178-29355,8,CamaID: 0219-0065-0000,769 MAPLEWOOD AVE,488897,08178-0219-0065-0000,0219-0065-0000,869.469888426446,11,182782,30498.1769313111
Portsmouth,,128,0209-0031-0000,178,24,,12,178-28754,8,CamaID: 0209-0031-0000,1 BEECHWOOD ST,488898,08178-0209-0031-0000,0209-0031-0000,365.99018816311,12,182783,8194.87732698437
Portsmouth,,304,0209-0005-0000,178,59,,57,178-35323,8,CamaID: 0209-0005-0000,CENTRAL AVE,488899,08178-0209-0005-0000,0209-0005-0000,339.720997863467,57,182784,5184.15670206436
Portsmouth,,128,0209-0030-0000,178,24,,11,178-28753,8,CamaID: 0209-0030-0000,20 CENTRAL AVE,488900,08178-0209-0030-0000,0209-0030-0000,694.786136016762,11,182785,28437.2380287702
Portsmouth,,128,0209-0026-0000,178,24,,11,178-28749,8,CamaID: 0209-0026-0000,144 CUTTS ST,488901,08178-0209-0026-0000,0209-0026-0000,348.870214498359,11,182786,7180.22077763237
Portsmouth,,128,0210-0005-0000,178,24,,11,178-28813,8,CamaID: 0210-0005-0000,373 CUTTS AVE,488902,08178-0210-0005-0000,0210-0005-0000,431.061566617748,11,182787,11962.1365941891
Portsmouth,73,130,0210-0035-0000,178,26,,11,178-38456,8,CamaID: 0210-0035-0000,1 MICHAEL SUCCI DR,488903,08178-0210-0035-0000,0210-0035-0000,498.752283532369,11-73,182788,15048.9108374682
Portsmouth,,128,0210-0007-0000,178,24,,11,178-28814,8,CamaID: 0210-0007-0000,396 CUTTS AVE,488904,08178-0210-0007-0000,0210-0007-0000,594.699013593082,11,182789,19957.2828802521
Portsmouth,,128,0210-0015-0000,178,24,,22,178-28821,8,CamaID: 0210-0015-0000,ELM ST,488905,08178-0210-0015-0000,0210-0015-0000,279.316981157552,22,182790,4653.57547123986
Portsmouth,,304,0210-0025-0000,178,59,,57,178-28829,8,CamaID: 0210-0025-0000,499 CUTTS AVE,488906,08178-0210-0025-0000,0210-0025-0000,1902.10632488184,57,182791,138727.773200953
Portsmouth,,128,0218-0017-0000,178,24,,11,178-29275,8,CamaID: 0218-0017-0000,20 OAK ST,488907,08178-0218-0017-0000,0218-0017-0000,473.437185728954,11,182792,11753.5461918242
Portsmouth,,130,0212-0120-0002,178,26,,11,178-28991,8,CamaID: 0212-0120-0002,533 KEARSARGE WAY,488908,08178-0212-0120-0002,0212-0120-0002,166.373795180997,11,182793,968.802959131558
Portsmouth,,130,0212-0120-0004,178,26,,11,178-28993,8,CamaID: 0212-0120-0004,537 KEARSARGE WAY,488909,08178-0212-0120-0004,0212-0120-0004,166.374096749243,11,182794,968.509112509999
Portsmouth,,301,0212-0026-0000,178,56,,33,178-35337,8,CamaID: 0212-0026-0000,1 FALKLAND PL,488910,08178-0212-0026-0000,0212-0026-0000,519.586454427762,33,182795,12946.0379877656
Portsmouth,,130,0212-0001-0000,178,26,,11,178-28837,8,CamaID: 0212-0001-0000,97 PREBLE WAY,488911,08178-0212-0001-0000,0212-0001-0000,270.817850398,11,182796,4449.38451489393
Portsmouth,,133,0224-0004-0000,178,29,,11,178-29970,8,CamaID: 0224-0004-0000,1611 ELWYN RD,488912,08178-0224-0004-0000,0224-0004-0000,1018.41151797957,11,182797,46645.7211351027
Portsmouth,,301,0218-0038-0000,178,56,,23,178-35395,8,CamaID: 0218-0038-0000,KEARSARGE WAY,488913,08178-0218-0038-0000,0218-0038-0000,582.154616886668,23,182798,21867.0333063535
Portsmouth,,304,0242-0002-0000,178,59,,57,178-35590,8,CamaID: 0242-0002-0000,1 PLAINS AVE,488914,08178-0242-0002-0000,0242-0002-0000,748.040570666567,57,182799,20370.0668382617
Portsmouth,,114,0250-0009-0000,178,14,,11,178-30938,8,CamaID: 0250-0009-0000,19 CLEVELAND DR,488923,08178-0250-0009-0000,0250-0009-0000,486.407855867512,11,182800,13582.2125477188
Portsmouth,,133,0225-0036-0000,178,29,,11,178-30031,8,CamaID: 0225-0036-0000,916 ELWYN RD,488924,08178-0225-0036-0000,0225-0036-0000,1081.66495204703,11,182801,51847.5327185879
Portsmouth,,307,0319-0000-0000,178,63,,57,178-38342,8,CamaID: 0319-0000-0000,PEASE BLVD,488915,08178-0319-0000-0000,0319-0000-0000,14025.4652715597,57,182802,3416119.09270404
Portsmouth,,301,0288-0011-0000,178,56,,27,178-53006,8,CamaID: 0288-0011-0000,LANG RD,488916,08178-0288-0011-0000,0288-0011-0000,4852.52231264966,27,182803,84676.4877587519
Portsmouth,,302,0286-0011-0000,178,57,,57,178-32206,8,CamaID: 0286-0011-0000,63 ROBERT AVE,488917,08178-0286-0011-0000,0286-0011-0000,582.650932624558,57,182804,19025.5389494172
Portsmouth,,115,0269-0038-0000,178,15,,11,178-31664,8,CamaID: 0269-0038-0000,160 FW HARTFORD DR,488918,08178-0269-0038-0000,0269-0038-0000,796.535635135687,11,182805,29621.4338699455
Portsmouth,,115,0269-0028-0000,178,15,,11,178-31655,8,CamaID: 0269-0028-0000,125 FW HARTFORD DR,488919,08178-0269-0028-0000,0269-0028-0000,800.37252215662,11,182806,29706.7507245816
Portsmouth,,114,0250-0081-0000,178,14,,11,178-31010,8,CamaID: 0250-0081-0000,56 HARDING RD,488920,08178-0250-0081-0000,0250-0081-0000,392.572989905133,11,182807,9566.23856539218
Portsmouth,,114,0268-0059-0000,178,14,,11,178-31580,8,CamaID: 0268-0059-0000,27 TAFT RD,488921,08178-0268-0059-0000,0268-0059-0000,474.09998202692,11,182808,11963.7661918668
Portsmouth,,304,0250-0106-0000,178,59,,57,178-35669,8,CamaID: 0250-0106-0000,32 VAN BUREN AVE,488922,08178-0250-0106-0000,0250-0106-0000,3613.12978459969,57,182809,830668.870474182
Portsmouth,,120,0279-0003-0000,178,19,,11,178-32114,8,CamaID: 0279-0003-0000,1620 GREENLAND RD,488925,08178-0279-0003-0000,0279-0003-0000,600.483602499417,11,182810,19139.7951371534
Portsmouth,,302,0229-0010-0000,178,57,,57,178-35464,8,CamaID: 0229-0010-0000,630 LAFAYETTE RD,488926,08178-0229-0010-0000,0229-0010-0000,299.995950926613,57,182811,4999.74079937971
Portsmouth,,104,0167-0006-0000,178,6,,11,178-35188,8,CamaID: 0167-0006-0000,240 THAXTER RD,488927,08178-0167-0006-0000,0167-0006-0000,442.118368971095,11,182812,11695.7983021455
Portsmouth,,131,0160-0001-0000,178,27,,11,178-34947,8,CamaID: 0160-0001-0000,15 THORNTON ST,488928,08178-0160-0001-0000,0160-0001-0000,411.933497162117,11,182813,9073.4894392323
Portsmouth,,131,0143-0028-0000,178,27,,11,178-34326,8,CamaID: 0143-0028-0000,316 DENNETT ST,488929,08178-0143-0028-0000,0143-0028-0000,325.393120700607,11,182814,5538.04692580085
Portsmouth,,131,0142-0006-0000,178,27,,11,178-34281,8,CamaID: 0142-0006-0000,247 DENNETT ST,488930,08178-0142-0006-0000,0142-0006-0000,256.989829090411,11,182815,4094.4013802519
Portsmouth,,131,0160-0041-0000,178,27,,11,178-34984,8,CamaID: 0160-0041-0000,307 DENNETT ST,488931,08178-0160-0041-0000,0160-0041-0000,493.381842484025,11,182816,11412.221123528
Portsmouth,,103B,0206-0008-0000,178,5,,11,178-28633,8,CamaID: 0206-0008-0000,4 BRACKETT LN,488932,08178-0206-0008-0000,0206-0008-0000,338.624068952096,11,182817,6547.36617874383
Portsmouth,,103B,0206-0012-0000,178,5,,11,178-28636,8,CamaID: 0206-0012-0000,45 BRACKETT RD,488933,08178-0206-0012-0000,0206-0012-0000,551.800469518885,11,182818,18343.8446238842
Portsmouth,,103B,0206-0003-0000,178,5,,11,178-28628,8,CamaID: 0206-0003-0000,45 HAVEN RD,488934,08178-0206-0003-0000,0206-0003-0000,322.005685455565,11,182819,6042.15955379133
Portsmouth,,103B,0206-0002-0000,178,5,,11,178-28627,8,CamaID: 0206-0002-0000,29 HAVEN RD,488935,08178-0206-0002-0000,0206-0002-0000,345.30285100802,11,182820,6753.91364983814
Portsmouth,,103A,0111-0017-0000,178,4,,11,178-33253,8,CamaID: 0111-0017-0000,15 HAVEN RD,488936,08178-0111-0017-0000,0111-0017-0000,363.205005590375,11,182821,6670.96372363227
Portsmouth,,103A,0111-0016-0000,178,4,,11,178-33252,8,CamaID: 0111-0016-0000,404 SOUTH ST,488937,08178-0111-0016-0000,0111-0016-0000,361.400897206937,11,182822,6805.68290004912
Portsmouth,,103B,0206-0011-0000,178,5,,11,178-35314,8,CamaID: 0206-0011-0000,13 BRACKETT LN,488938,08178-0206-0011-0000,0206-0011-0000,580.545510605593,11,182823,21088.0221046845
Portsmouth,,103B,0206-0010-0000,178,5,,11,178-28635,8,CamaID: 0206-0010-0000,9 BRACKETT LN,488939,08178-0206-0010-0000,0206-0010-0000,410.086845920601,11,182824,9944.65513464956
Portsmouth,,,0206-0001-0000,178,,,,,,,,488940,08178-0206-0001-0000,,250.918496738462,,182825,1135.75633501357
Portsmouth,,103A,0111-0015-0000,178,4,,11,178-33251,8,CamaID: 0111-0015-0000,390 SOUTH ST,488941,08178-0111-0015-0000,0111-0015-0000,392.101787774901,11,182826,8618.79486071591
Portsmouth,,103B,0206-0009-0000,178,5,,11,178-28634,8,CamaID: 0206-0009-0000,2 BRACKETT LN,488942,08178-0206-0009-0000,0206-0009-0000,367.930354648179,11,182827,7384.28453600152
Portsmouth,,103A,0111-0014-0000,178,4,,11,178-33250,8,CamaID: 0111-0014-0000,368 SOUTH ST,488943,08178-0111-0014-0000,0111-0014-0000,474.326552773674,11,182828,13779.353970378
Portsmouth,,204,0146-0025-0000,178,34,,14,178-38587,8,CamaID: 0146-0025-0001,85 ALBANY ST #1,488944,08178-0146-0025-0000,0146-0025-0001,731.253132037504,14,182829,15784.5665966516
Portsmouth,,105,0156-0006-0000,178,7,,57,178-37779,8,CamaID: 0156-0006-0000,544 ISLINGTON ST,488945,08178-0156-0006-0000,0156-0006-0000,219.34136342401,57,182830,2710.76798200124
Portsmouth,,129,0174-0011-0000,178,25,,11,178-35273,8,CamaID: 0174-0011-0000,1 GARDEN ST,488946,08178-0174-0011-0000,0174-0011-0000,544.261242186879,11,182831,15859.5087616134
Portsmouth,,302,0172-0004-0000,178,57,,13,178-35259,8,CamaID: 0172-0004-0000,1001 ISLINGTON ST,488947,08178-0172-0004-0000,0172-0004-0000,2373.30650357904,13,182832,116130.673050203
Portsmouth,,123,0170-0001-0000,178,21,,11,178-35225,8,CamaID: 0170-0001-0000,287 SPINNEY RD,488948,08178-0170-0001-0000,0170-0001-0000,705.705787569734,11,182833,28491.1834456626
Portsmouth,,123,0169-0004-0000,178,21,,11,178-35223,8,CamaID: 0169-0004-0000,248 SPINNEY RD,488949,08178-0169-0004-0000,0169-0004-0000,1012.990116025,11,182834,62248.4605048808
Portsmouth,,123,0233-0024-0000,178,21,,11,178-30391,8,CamaID: 0233-0024-0000,34 HAMPSHIRE RD,488950,08178-0233-0024-0000,0233-0024-0000,400.235210371928,11,182835,10121.9095380378
Portsmouth,,123,0233-0022-0000,178,21,,11,178-30389,8,CamaID: 0233-0022-0000,11 SHEFFIELD RD,488951,08178-0233-0022-0000,0233-0022-0000,437.610368586056,11,182836,8436.8595626624
Portsmouth,,123,0233-0028-0000,178,21,,11,178-30395,8,CamaID: 0233-0028-0000,22 HAMPSHIRE RD,488952,08178-0233-0028-0000,0233-0028-0000,382.981337456531,11,182837,9255.40361457628
Portsmouth,,123,0233-0025-0000,178,21,,11,178-30392,8,CamaID: 0233-0025-0000,32 HAMPSHIRE RD,488953,08178-0233-0025-0000,0233-0025-0000,382.317361018883,11,182838,9004.83492625587
Portsmouth,,123,0233-0021-0000,178,21,,11,178-30388,8,CamaID: 0233-0021-0000,64 MELBOURNE ST,488954,08178-0233-0021-0000,0233-0021-0000,501.187565088757,11,182839,15029.8465587307
Portsmouth,,123,0233-0010-0000,178,21,,11,178-30377,8,CamaID: 0233-0010-0000,85 MELBOURNE ST,488955,08178-0233-0010-0000,0233-0010-0000,400.112504545248,11,182840,10003.6792228748
Portsmouth,,123,0170-0002-0000,178,21,,11,178-35226,8,CamaID: 0170-0002-0000,311 SPINNEY RD,488956,08178-0170-0002-0000,0170-0002-0000,689.138926789428,11,182841,28733.0860434116
Portsmouth,,123,0233-0020-0000,178,21,,11,178-30387,8,CamaID: 0233-0020-0000,44 MELBOURNE ST,488957,08178-0233-0020-0000,0233-0020-0000,347.279418282496,11,182842,6066.50878829552
Portsmouth,,123,0170-0023-0000,178,21,,11,178-35246,8,CamaID: 0170-0023-0000,216 SPINNEY RD,488958,08178-0170-0023-0000,0170-0023-0000,824.174968997058,11,182843,42475.6117754358
Portsmouth,,123,0233-0027-0000,178,21,,11,178-30394,8,CamaID: 0233-0027-0000,26 HAMPSHIRE RD,488959,08178-0233-0027-0000,0233-0027-0000,387.762539799407,11,182844,9288.21069140576
Portsmouth,,123,0233-0019-0000,178,21,,11,178-30386,8,CamaID: 0233-0019-0000,24 MELBOURNE ST,488960,08178-0233-0019-0000,0233-0019-0000,566.180500214027,11,182845,14875.1723867766
Portsmouth,,104,0170-0018-0000,178,6,,11,178-35241,8,CamaID: 0170-0018-0000,22 SEWALL RD,488961,08178-0170-0018-0000,0170-0018-0000,382.381044446498,11,182846,9418.12906985068
Portsmouth,,123,0233-0018-0000,178,21,,11,178-30385,8,CamaID: 0233-0018-0000,4 MELBOURNE ST,488962,08178-0233-0018-0000,0233-0018-0000,558.640341304417,11,182847,16073.0341182862
Portsmouth,,114,0247-0057-0000,178,14,,11,178-30872,8,CamaID: 0247-0057-0000,4 ARTHUR RD,488963,08178-0247-0057-0000,0247-0057-0000,428.904527666654,11,182848,11336.7587799458
Portsmouth,,114,0247-0059-0000,178,14,,11,178-30874,8,CamaID: 0247-0059-0000,5 ARTHUR RD,488964,08178-0247-0059-0000,0247-0059-0000,675.857893856034,11,182849,24198.8507960815
Portsmouth,,121,0258-0013-0000,178,20,,11,178-31194,8,CamaID: 0258-0013-0000,130 OXFORD AVE,488965,08178-0258-0013-0000,0258-0013-0000,1302.6640966011,11,182850,90828.0729348827
Portsmouth,,121,0258-0011-0000,178,20,,11,178-31192,8,CamaID: 0258-0011-0000,123 OXFORD AVE,488966,08178-0258-0011-0000,0258-0011-0000,494.640786686061,11,182851,12649.9710747822
Portsmouth,,121,0258-0015-0000,178,20,,11,178-31196,8,CamaID: 0258-0015-0000,90 OXFORD AVE,488967,08178-0258-0015-0000,0258-0015-0000,500.009377872173,11,182852,13439.266713027
Portsmouth,,121,0258-0016-0000,178,20,,11,178-31197,8,CamaID: 0258-0016-0000,80 OXFORD AVE,488968,08178-0258-0016-0000,0258-0016-0000,390.216950790231,11,182853,8819.52180497338
Portsmouth,,304,0262-0010-0000,178,59,,27,178-35777,8,CamaID: 0262-0010-0000,GREENLAND RD,488969,08178-0262-0010-0000,0262-0010-0000,435.0640484753,27,182854,11828.6604301754
Portsmouth,,121,0258-0008-0000,178,20,,11,178-31189,8,CamaID: 0258-0008-0000,75 OXFORD AVE,488970,08178-0258-0008-0000,0258-0008-0000,525.203825008626,11,182855,13624.6958369157
Portsmouth,,301,0212-0037-0000,178,56,,57,178-35339,8,CamaID: 0212-0037-0000,SARATOGA WAY,488971,08178-0212-0037-0000,0212-0037-0000,1121.19245657125,57,182856,43406.2858071227
Portsmouth,,104,0153-0022-0000,178,6,,11,178-34818,8,CamaID: 0153-0022-0000,178 ALDRICH RD,488972,08178-0153-0022-0000,0153-0022-0000,427.93534477114,11,182857,11261.2860799313
Portsmouth,,206,0148-0007-0000,178,36,,14,178-34602,8,CamaID: 0148-0007-0001,582 LINCOLN AVE #1,488973,08178-0148-0007-0000,0148-0007-0001,370.79595236789,14,182858,8077.38204908388
Portsmouth,,204,0153-0009-0000,178,34,,14,178-34843,8,CamaID: 0153-0009-0002,774 MIDDLE ST #1,488974,08178-0153-0009-0000,0153-0009-0002,819.984470100034,14,182859,37279.8935171238
Portsmouth,,104,0148-0023-0000,178,6,,11,178-34558,8,CamaID: 0148-0023-0000,748 MIDDLE ST,488975,08178-0148-0023-0000,0148-0023-0000,360.658458267583,11,182860,7549.34243707123
Portsmouth,,104,0153-0001-0000,178,6,,11,178-34798,8,CamaID: 0153-0001-0000,66 ALDRICH RD,488976,08178-0153-0001-0000,0153-0001-0000,489.660919716118,11,182861,12673.989005381
Portsmouth,,103B,0148-0051-0000,178,5,,11,178-34585,8,CamaID: 0148-0051-0000,583 LINCOLN AVE,488977,08178-0148-0051-0000,0148-0051-0000,324.953213393395,11,182862,6200.11727462922
Portsmouth,,206,0148-0036-0000,178,36,,14,178-38403,8,CamaID: 0148-0036-0001,729 MIDDLE ST #1,488978,08178-0148-0036-0000,0148-0036-0001,403.406502572156,14,182863,7652.16894092774
Portsmouth,73,103B,0206-0027-0000,178,5,,11,178-28650,8,CamaID: 0206-0027-0000,86 HAVEN RD,488979,08178-0206-0027-0000,0206-0027-0000,402.246130908147,11-73,182864,7952.28685344821
Portsmouth,,104,0148-0025-0000,178,6,,12,178-34560,8,CamaID: 0148-0025-0000,726 MIDDLE ST,488980,08178-0148-0025-0000,0148-0025-0000,391.49156907606,12,182865,7033.96233598568
Portsmouth,,103B,0133-0011-0000,178,5,,11,178-33906,8,CamaID: 0133-0011-0000,188 BROAD ST,488981,08178-0133-0011-0000,0133-0011-0000,369.750361127198,11,182866,6706.37333342723
Portsmouth,,206,0133-0020-0000,178,36,,14,178-33949,8,CamaID: 0133-0020-0001,448 LINCOLN AVE #1,488982,08178-0133-0020-0000,0133-0020-0001,479.249097551904,14,182867,13950.0001909418
Portsmouth,,103B,0133-0005-0000,178,5,,11,178-33900,8,CamaID: 0133-0005-0000,420 LINCOLN AVE,488983,08178-0133-0005-0000,0133-0005-0000,334.599921816533,11,182868,6582.33351854753
Portsmouth,,103B,0206-0026-0000,178,5,,11,178-28649,8,CamaID: 0206-0026-0000,16 BRACKETT RD,488984,08178-0206-0026-0000,0206-0026-0000,606.642927571745,11,182869,14433.9776940938
Portsmouth,,103B,0130-0028-0000,178,5,,11,178-33778,8,CamaID: 0130-0028-0000,354 LINCOLN AVE,488985,08178-0130-0028-0000,0130-0028-0000,350.810534627932,11,182870,7503.22861117809
Portsmouth,,103B,0130-0022-0000,178,5,,11,178-33772,8,CamaID: 0130-0022-0000,274 MILLER AVE,488986,08178-0130-0022-0000,0130-0022-0000,380.68977090865,11,182871,6968.88631793346
Portsmouth,,103B,0134-0018-0000,178,5,,11,178-33973,8,CamaID: 0134-0018-0000,373 LINCOLN AVE,488987,08178-0134-0018-0000,0134-0018-0000,335.368585937733,11,182872,6866.28716132328
Portsmouth,,103B,0206-0006-0000,178,5,,11,178-28631,8,CamaID: 0206-0006-0000,76 BRACKETT LN,488988,08178-0206-0006-0000,0206-0006-0000,411.428242222618,11,182873,7276.6199358039
Portsmouth,,103A,0112-0002-0000,178,4,,11,178-33278,8,CamaID: 0112-0002-0000,454 SOUTH ST,488989,08178-0112-0002-0000,0112-0002-0000,434.621563783921,11,182874,11399.1803425953
Portsmouth,,103A,0112-0028-0000,178,4,,11,178-33304,8,CamaID: 0112-0028-0000,194 ELWYN AVE,488990,08178-0112-0028-0000,0112-0028-0000,293.88739633849,11,182875,4783.7266876254
Portsmouth,,103B,0134-0023-0000,178,5,,11,178-33978,8,CamaID: 0134-0023-0000,168 HIGHLAND ST,488991,08178-0134-0023-0000,0134-0023-0000,496.71001154471,11,182876,14437.0673274774
Portsmouth,,103B,0130-0038-0000,178,5,,11,178-33788,8,CamaID: 0130-0038-0000,228 HIGHLAND ST,488992,08178-0130-0038-0000,0130-0038-0000,384.29224100621,11,182877,7082.38784005067
Portsmouth,,103A,0112-0034-0000,178,4,,11,178-33310,8,CamaID: 0112-0034-0000,150 SHERBURNE AVE,488993,08178-0112-0034-0000,0112-0034-0000,310.718394943967,11,182878,5359.47769925196
Portsmouth,,301,0240-0001-0000,178,56,,33,178-35553,8,CamaID: 0240-0001-0000,225 BORTHWICK AVE,488994,08178-0240-0001-0000,0240-0001-0000,2792.00503254199,33,182879,489845.727441415
Portsmouth,,301,0240-0002-1001,178,56,,27,178-35556,8,CamaID: 0240-0002-1001,BORTHWICK AVE,488995,08178-0240-0002-1001,0240-0002-1001,3388.13913525335,27,182880,399006.972095384
Portsmouth,,301,0234-0007-0003,178,56,,27,178-35511,8,CamaID: 0234-0007-0003,445 BORTHWICK AVE,488996,08178-0234-0007-0003,0234-0007-0003,4950.82210649406,27,182881,758404.952384814
Portsmouth,,123,0241-0012-0000,178,21,,11,178-30746,8,CamaID: 0241-0012-0000,1674 ISLINGTON ST,488997,08178-0241-0012-0000,0241-0012-0000,1373.54434689581,11,182882,86988.2119068596
Portsmouth,,304,0241-0017-0000,178,59,,27,178-35586,8,CamaID: 0241-0017-0000,ISLINGTON ST,488998,08178-0241-0017-0000,0241-0017-0000,1922.9198843476,27,182883,221015.632470857
Portsmouth,,123,0241-0023-0000,178,21,,11,178-30754,8,CamaID: 0241-0023-0000,1707 ISLINGTON ST,488999,08178-0241-0023-0000,0241-0023-0000,1447.44308027218,11,182884,120178.46040561
Portsmouth,,123,0241-0011-0000,178,21,,11,178-30745,8,CamaID: 0241-0011-0000,1628 ISLINGTON ST,489000,08178-0241-0011-0000,0241-0011-0000,1377.51435327383,11,182885,50443.8857373162
Portsmouth,,304,0241-0016-0000,178,59,,57,178-35585,8,CamaID: 0241-0016-0000,210 HARVARD ST,489001,08178-0241-0016-0000,0241-0016-0000,3177.06497422921,57,182886,645339.557123027
Portsmouth,,123,0233-0084-0000,178,21,,11,178-30450,8,CamaID: 0233-0084-0000,276 MELBOURNE ST,489002,08178-0233-0084-0000,0233-0084-0000,520.046034633344,11,182887,12105.7063150041
Portsmouth,,123,0233-0085-0000,178,21,,11,178-30451,8,CamaID: 0233-0085-0000,10 VINE ST,489003,08178-0233-0085-0000,0233-0085-0000,318.28159919272,11,182888,5648.39695796787
Portsmouth,,301,0240-0003-0000,178,56,,27,178-35554,8,CamaID: 0240-0003-0000,BORTHWICK AVE,489004,08178-0240-0003-0000,0240-0003-0000,2791.17842267681,27,182889,467826.096086604
Portsmouth,,123,0233-0107-0001,178,21,,11,178-52269,8,CamaID: 0233-0107-0001,6 VINE ST,489005,08178-0233-0107-0001,0233-0107-0001,326.796593861854,11,182890,5748.29604701188
Portsmouth,,123,0233-0070-0000,178,21,,11,178-30436,8,CamaID: 0233-0070-0000,21 SIMS AVE,489006,08178-0233-0070-0000,0233-0070-0000,316.896684504757,11,182891,6276.04612040579
Portsmouth,,123,0233-0091-0000,178,21,,11,178-30457,8,CamaID: 0233-0091-0000,213 MELBOURNE ST,489007,08178-0233-0091-0000,0233-0091-0000,319.972062823224,11,182892,6007.00420698152
Portsmouth,,123,0233-0103-0000,178,21,,11,178-30468,8,CamaID: 0233-0103-0000,1402 ISLINGTON ST,489008,08178-0233-0103-0000,0233-0103-0000,325.689074631501,11,182893,6250.14332611093
Portsmouth,,123,0233-0102-0000,178,21,,11,178-30467,8,CamaID: 0233-0102-0000,1392 ISLINGTON ST,489009,08178-0233-0102-0000,0233-0102-0000,300.075871203878,11,182894,4966.27514794706
Portsmouth,,123,0233-0069-0000,178,21,,11,178-30435,8,CamaID: 0233-0069-0000,170 MELBOURNE ST,489010,08178-0233-0069-0000,0233-0069-0000,311.885795803317,11,182895,6014.90528833336
Portsmouth,,123,0233-0068-0000,178,21,,11,178-30434,8,CamaID: 0233-0068-0000,64 ESSEX AVE,489011,08178-0233-0068-0000,0233-0068-0000,421.989246653299,11,182896,11470.4669081502
Portsmouth,,123,0233-0101-0000,178,21,,11,178-30466,8,CamaID: 0233-0101-0000,1384 ISLINGTON ST,489012,08178-0233-0101-0000,0233-0101-0000,300.339805527463,11,182897,4987.65326146868
Portsmouth,,123,0233-0100-0000,178,21,,11,178-30465,8,CamaID: 0233-0100-0000,1374 ISLINGTON ST,489013,08178-0233-0100-0000,0233-0100-0000,301.69980605513,11,182898,5064.87107038085
Portsmouth,,123,0233-0068-0001,178,21,,11,178-30510,8,CamaID: 0233-0068-0001,10 ESSEX AVE,489014,08178-0233-0068-0001,0233-0068-0001,432.685374635032,11,182899,9909.98929941616
Portsmouth,,206,0233-0099-0000,178,36,,14,178-38328,8,CamaID: 0233-0099-0001,1360 ISLINGTON ST #1,489015,08178-0233-0099-0000,0233-0099-0001,349.086334964895,14,182900,7449.07807825988
Portsmouth,,123,0233-0055-0000,178,21,,11,178-30421,8,CamaID: 0233-0055-0000,124 MELBOURNE ST,489016,08178-0233-0055-0000,0233-0055-0000,319.306398935998,11,182901,5664.985261276
Portsmouth,,123,0233-0098-0000,178,21,,12,178-30463,8,CamaID: 0233-0098-0000,1344 ISLINGTON ST,489017,08178-0233-0098-0000,0233-0098-0000,351.954637587202,12,182902,7598.70242429204
Portsmouth,,123,0233-0097-0000,178,21,,11,178-30462,8,CamaID: 0233-0097-0000,1324 ISLINGTON ST,489018,08178-0233-0097-0000,0233-0097-0000,402.227770635365,11,182903,10110.7185417239
Portsmouth,,123,0233-0008-0000,178,21,,12,178-30375,8,CamaID: 0233-0008-0000,1262 ISLINGTON ST,489019,08178-0233-0008-0000,0233-0008-0000,419.623953067359,12,182904,10992.3148828714
Portsmouth,,305,0128-0015-0000,178,60,,57,178-37829,8,CamaID: 0128-0015-0000,155 PARROTT AVE,489020,08178-0128-0015-0000,0128-0015-0000,1146.5253864494,57,182905,72167.8419958672
Portsmouth,,304,0115-0003-0001,178,59,,23,178-38053,8,CamaID: 0115-0003-0001,PARROTT AVE,489021,08178-0115-0003-0001,0115-0003-0001,249.079739865319,23,182906,3802.07665206563
Portsmouth,73,101,0102-0019-0000,178,2,,11,178-32895,8,CamaID: 0102-0019-0000,44 PICKERING ST,489022,08178-0102-0019-0000,0102-0019-0000,421.400357101895,11-73,182907,8252.47693127426
Portsmouth,,101,0102-0003-0000,178,2,,11,178-32881,8,CamaID: 0102-0003-0000,17 PICKERING ST,489023,08178-0102-0003-0000,0102-0003-0000,236.343906494679,11,182908,3243.82929138973
Portsmouth,,305,0107-0012-0000,178,60,,57,178-33137,8,CamaID: 0107-0012-0000,3 SHEAFE ST,489024,08178-0107-0012-0000,0107-0012-0000,112.766839597697,57,182909,741.908524133623
Portsmouth,,304,0102-0024-0000,178,59,,57,178-32900,8,CamaID: 0102-0024-0000,15 PICKERING AVE,489025,08178-0102-0024-0000,0102-0024-0000,679.475988116544,57,182910,19704.4213268576
Portsmouth,,101,0102-0010-0000,178,2,,11,178-32888,8,CamaID: 0102-0010-0000,24 HUNKING ST,489026,08178-0102-0010-0000,0102-0010-0000,200.30285760379,11,182911,2509.02302627517
Portsmouth,,304,0103-0035-0000,178,59,,23,178-32988,8,CamaID: 0103-0035-0000,MECHANIC ST,489027,08178-0103-0035-0000,0103-0035-0000,81.8490726885756,23,182912,405.046925047008
Portsmouth,73,101,0103-0038-0000,178,2,,11,178-32991,8,CamaID: 0103-0038-0000,33 HUNKING ST,489028,08178-0103-0038-0000,0103-0038-0000,286.133642347074,11-73,182913,5110.67911566213
Portsmouth,73,101,0103-0040-0000,178,2,,11,178-32992,8,CamaID: 0103-0040-0000,69 HUNKING ST,489029,08178-0103-0040-0000,0103-0040-0000,178.226076463577,11-73,182914,1940.12945945661
Portsmouth,,304,0103-0034-0000,178,59,,57,178-32987,8,CamaID: 0103-0034-0000,177 MECHANIC ST,489030,08178-0103-0034-0000,0103-0034-0000,355.446534007776,57,182915,7304.79812165366
Portsmouth,73,101,0102-0007-0000,178,2,,11,178-32885,8,CamaID: 0102-0007-0000,170 MECHANIC ST,489031,08178-0102-0007-0000,0102-0007-0000,403.665258381859,11-73,182916,8680.98146577441
Portsmouth,73,101,0102-0006-0000,178,2,,11,178-32884,8,CamaID: 0102-0006-0000,49 PICKERING ST,489032,08178-0102-0006-0000,0102-0006-0000,211.223725469571,11-73,182917,2776.02844401251
Portsmouth,73,101,0102-0005-0000,178,2,,11,178-32883,8,CamaID: 0102-0005-0000,39 PICKERING ST,489033,08178-0102-0005-0000,0102-0005-0000,206.668146527094,11-73,182918,2658.75144577536
Portsmouth,,101,0102-0004-0000,178,2,,11,178-32882,8,CamaID: 0102-0004-0000,29 PICKERING ST,489034,08178-0102-0004-0000,0102-0004-0000,242.48146568862,11,182919,3524.16226357881
Portsmouth,,101,0102-0009-0000,178,2,,11,178-32887,8,CamaID: 0102-0009-0000,34 HUNKING ST,489035,08178-0102-0009-0000,0102-0009-0000,183.747320340642,11,182920,2103.65875540094
Portsmouth,73,101,0102-0008-0000,178,2,,11,178-32886,8,CamaID: 0102-0008-0000,42 HUNKING ST,489036,08178-0102-0008-0000,0102-0008-0000,264.79723705435,11-73,182921,4141.00535820425
Portsmouth,,305,0107-0044-0000,178,60,,57,178-37301,8,CamaID: 0107-0044-0000,177 STATE ST,489037,08178-0107-0044-0000,0107-0044-0000,248.087435047263,57,182922,2459.33725536521
Portsmouth,,305,0107-0012-0001,178,60,,33,178-37296,8,CamaID: 0107-0012-0001,51 PENHALLOW ST,489038,08178-0107-0012-0001,0107-0012-0001,141.782223224087,33,182923,1255.97955915895
Portsmouth,,102,0107-0013-0000,178,3,,11,178-37292,8,CamaID: 0107-0013-0000,9 SHEAFE ST,489039,08178-0107-0013-0000,0107-0013-0000,153.518148529598,11,182924,1136.16067954346
Portsmouth,,305,0107-0010-0000,178,60,,33,178-37284,8,CamaID: 0107-0010-0000,77 DANIEL ST,489040,08178-0107-0010-0000,0107-0010-0000,204.924415297389,33,182925,1807.25944487076
Portsmouth,,305,0107-0043-0000,178,60,,33,178-37300,8,CamaID: 0107-0043-0000,25 PENHALLOW ST,489041,08178-0107-0043-0000,0107-0043-0000,124.685529872035,33,182926,805.318487758957
Portsmouth,,305,0107-0069-0000,178,60,,33,178-37280,8,CamaID: 0107-0069-0000,238 STATE ST,489042,08178-0107-0069-0000,0107-0069-0000,126.151680032413,33,182927,646.962692855357
Portsmouth,,305,0116-0007-0000,178,60,,27,178-37308,8,CamaID: 0116-0007-0000,STATE ST,489043,08178-0116-0007-0000,0116-0007-0000,313.109051892367,27,182928,5501.65074567232
Portsmouth,,305,0116-0006-0000,178,60,,33,178-37307,8,CamaID: 0116-0006-0000,325 STATE ST,489044,08178-0116-0006-0000,0116-0006-0000,615.421962377651,33,182929,23663.3031480917
Portsmouth,,305,0116-0001-0000,178,60,,23,178-37305,8,CamaID: 0116-0001-0000,CHURCH ST,489045,08178-0116-0001-0000,0116-0001-0000,199.620953733795,23,182930,2462.41880675577
Portsmouth,,102,0117-0057-0000,178,3,,11,178-38371,8,CamaID: 0117-0057-0000,12 PORTER ST,489046,08178-0117-0057-0000,0117-0057-0000,176.889145971723,11,182931,1566.286310764
Portsmouth,,108,0107-0060-0001,178,8,,11,178-33177,8,CamaID: 0107-0060-0001,369 COURT ST,489047,08178-0107-0060-0001,0107-0060-0001,265.989248387128,11,182932,4365.39971708748
Portsmouth,,305,0107-0034-0000,178,60,,33,178-37283,8,CamaID: 0107-0034-0000,27 PLEASANT ST,489048,08178-0107-0034-0000,0107-0034-0000,221.946932430178,33,182933,2237.04742311784
Portsmouth,,305,0107-0082-0000,178,60,,33,178-37966,8,CamaID: 0107-0082-0000,10 PLEASANT ST,489049,08178-0107-0082-0000,0107-0082-0000,256.194102117128,33,182934,3933.08861519018
Portsmouth,,305,0108-0002-0000,178,60,,57,178-37684,8,CamaID: 0108-0002-0000,386 COURT ST,489050,08178-0108-0002-0000,0108-0002-0000,467.057742464012,57,182935,12687.8958397828
Portsmouth,,305,0107-0039-0000,178,60,,44,178-50350,8,CamaID: 0107-0039-0001,189 STATE ST #D,489051,08178-0107-0039-0000,0107-0039-0001,250.911418186151,44,182936,3789.52178025353
Portsmouth,,305,0107-0032-0000,178,60,,33,178-37285,8,CamaID: 0107-0032-0000,15 PLEASANT ST,489052,08178-0107-0032-0000,0107-0032-0000,203.245819355232,33,182937,2023.06211800366
Portsmouth,,305,0107-0060-0000,178,60,,57,178-37291,8,CamaID: 0107-0060-0000,142 STATE ST,489053,08178-0107-0060-0000,0107-0060-0000,324.568758537881,57,182938,6367.13799065556
Portsmouth,,305,0107-0059-0000,178,60,,57,178-33160,8,CamaID: 0107-0059-0000,136 STATE ST,489054,08178-0107-0059-0000,0107-0059-0000,220.501209322078,57,182939,1581.50989916963
Portsmouth,,305,0107-0058-0000,178,60,,57,178-33159,8,CamaID: 0107-0058-0000,132 STATE ST,489055,08178-0107-0058-0000,0107-0058-0000,239.228414170774,57,182940,2496.69093498206
Portsmouth,,103A,0130-0047-0000,178,4,,11,178-33797,8,CamaID: 0130-0047-0000,318 RICHARDS AVE,489056,08178-0130-0047-0000,0130-0047-0000,241.069113428587,11,182941,3606.26956081951
Portsmouth,,305,0107-0063-0000,178,60,,27,178-37716,8,CamaID: 0107-0063-0000,COURT ST,489057,08178-0107-0063-0000,0107-0063-0000,218.986341858683,27,182942,2998.97432484962
Portsmouth,,201,0107-0057-0000,178,31,,14,178-38462,8,CamaID: 0107-0057-0001,126 STATE ST #1,489058,08178-0107-0057-0000,0107-0057-0001,387.432130347841,14,182943,4800.70301065859
Portsmouth,,305,0121-0001-0000,178,60,,57,178-38058,8,CamaID: 0121-0001-0000,MARKET ST,489059,08178-0121-0001-0000,0121-0001-0000,1265.27177853258,57,182944,25221.5306451997
Portsmouth,,131,0141-0027-0000,178,27,,11,178-34262,8,CamaID: 0141-0027-0000,33 NORTHWEST ST,489060,08178-0141-0027-0000,0141-0027-0000,317.946724790578,11,182945,5651.8296218934
Portsmouth,,131,0141-0029-0000,178,27,,57,178-37773,8,CamaID: 0141-0029-0000,62 NORTHWEST ST,489061,08178-0141-0029-0000,0141-0029-0000,485.267056372555,57,182946,14913.2808123953
Portsmouth,,128,0209-0059-0000,178,24,,11,178-28782,8,CamaID: 0209-0059-0000,146 LESLIE DR,489062,08178-0209-0059-0000,0209-0059-0000,346.700426186091,11,182947,7230.07153272665
Portsmouth,70,131,0122-0008-0000,178,27,,11,178-33615,8,CamaID: 0122-0008-0000,136 NORTHWEST ST,489063,08178-0122-0008-0000,0122-0008-0000,459.925002487072,11-70,182948,11186.0346638068
Portsmouth,,128,0209-0068-0000,178,24,,11,178-28791,8,CamaID: 0209-0068-0000,145 LESLIE DR,489064,08178-0209-0068-0000,0209-0068-0000,371.16900882322,11,182949,8759.63118064464
Portsmouth,,128,0209-0067-0000,178,24,,11,178-28790,8,CamaID: 0209-0067-0000,85 LESLIE DR,489065,08178-0209-0067-0000,0209-0067-0000,351.332514743153,11,182950,7226.26375967887
Portsmouth,,103A,0130-0003-0000,178,4,,11,178-33753,8,CamaID: 0130-0003-0000,356 RICHARDS AVE,489066,08178-0130-0003-0000,0130-0003-0000,362.346938520811,11,182951,6279.91113744643
Portsmouth,,103A,0112-0040-0000,178,4,,11,178-33316,8,CamaID: 0112-0040-0000,160 ELWYN AVE,489067,08178-0112-0040-0000,0112-0040-0000,316.868645874559,11,182952,5553.02508840025
Portsmouth,,103B,0130-0037-0000,178,5,,12,178-33787,8,CamaID: 0130-0037-0000,238 HIGHLAND ST,489068,08178-0130-0037-0000,0130-0037-0000,368.963831081321,12,182953,6643.59866943682
Portsmouth,,103B,0130-0006-0000,178,5,,11,178-33756,8,CamaID: 0130-0006-0000,274 LINCOLN AVE,489069,08178-0130-0006-0000,0130-0006-0000,471.855004755073,11,182954,13190.7131173496
Portsmouth,,103B,0134-0024-0000,178,5,,19,178-37527,8,CamaID: 0134-0024-0000,HIGHLAND ST,489070,08178-0134-0024-0000,0134-0024-0000,515.095410735713,19,182955,15019.679875742
Portsmouth,,103B,0130-0036-0000,178,5,,11,178-33786,8,CamaID: 0130-0036-0000,250 HIGHLAND ST,489071,08178-0130-0036-0000,0130-0036-0000,355.988346021897,11,182956,6320.98322769486
Portsmouth,,103B,0130-0033-0000,178,5,,12,178-33783,8,CamaID: 0130-0033-0000,238 MILLER AVE,489072,08178-0130-0033-0000,0130-0033-0000,337.780832388319,12,182957,6759.8135290139
Portsmouth,,103A,0112-0035-0000,178,4,,11,178-33311,8,CamaID: 0112-0035-0000,140 SHERBURNE AVE,489073,08178-0112-0035-0000,0112-0035-0000,317.004544681315,11,182958,5581.43928373796
Portsmouth,,103A,0130-0004-0000,178,4,,11,178-33754,8,CamaID: 0130-0004-0000,346 RICHARDS AVE,489074,08178-0130-0004-0000,0130-0004-0000,345.058661312585,11,182959,5964.52178795302
Portsmouth,,103A,0112-0036-0000,178,4,,11,178-33312,8,CamaID: 0112-0036-0000,128 SHERBURNE AVE,489075,08178-0112-0036-0000,0112-0036-0000,320.879784335339,11,182960,5637.79461409818
Portsmouth,,103A,0130-0005-0000,178,4,,11,178-33755,8,CamaID: 0130-0005-0000,238 LINCOLN AVE,489076,08178-0130-0005-0000,0130-0005-0000,323.54665888322,11,182961,5174.5023966591
Portsmouth,,103A,0112-0042-0000,178,4,,11,178-33318,8,CamaID: 0112-0042-0000,140 ELWYN AVE,489077,08178-0112-0042-0000,0112-0042-0000,212.03242972747,11,182962,2808.04709286365
Portsmouth,,103B,0134-0025-0000,178,5,,11,178-33979,8,CamaID: 0134-0025-0000,112 HIGHLAND ST,489078,08178-0134-0025-0000,0134-0025-0000,379.695813513191,11,182963,8974.59261846545
Portsmouth,,103A,0112-0043-0000,178,4,,11,178-33319,8,CamaID: 0112-0043-0000,132 ELWYN AVE,489079,08178-0112-0043-0000,0112-0043-0000,290.262144643715,11,182964,3567.78949984043
Portsmouth,,206,0130-0034-0000,178,36,,14,178-38199,8,CamaID: 0130-0034-0001,212 MILLER AVE #1,489080,08178-0130-0034-0000,0130-0034-0001,523.079283018833,14,182965,13221.4488437607
Portsmouth,,103A,0112-0049-0000,178,4,,11,178-33325,8,CamaID: 0112-0049-0000,151 ELWYN AVE,489081,08178-0112-0049-0000,0112-0049-0000,311.6935045442,11,182966,5490.50013254991
Portsmouth,,103A,0112-0037-0000,178,4,,11,178-33313,8,CamaID: 0112-0037-0000,116 SHERBURNE AVE,489082,08178-0112-0037-0000,0112-0037-0000,330.340592124986,11,182967,5900.51121878311
Portsmouth,,304,0134-0026-0000,178,59,,57,178-33980,8,CamaID: 0134-0026-0000,94 HIGHLAND ST #96,489083,08178-0134-0026-0000,0134-0026-0000,398.701442727533,57,182968,9820.34007551445
Portsmouth,,103A,0130-0048-0000,178,4,,11,178-33798,8,CamaID: 0130-0048-0000,308 RICHARDS AVE,489084,08178-0130-0048-0000,0130-0048-0000,227.204555718605,11,182969,3012.54673762588
Portsmouth,,304,0134-0029-0000,178,59,,33,178-37528,8,CamaID: 0134-0029-0000,84 BROAD ST,489085,08178-0134-0029-0000,0134-0029-0000,997.961567685551,33,182970,57782.9264830347
Portsmouth,,304,0130-0041-0000,178,59,,57,178-33791,8,CamaID: 0130-0041-0000,186 MILLER AVE,489086,08178-0130-0041-0000,0130-0041-0000,498.329275796596,57,182971,14941.4134931001
Portsmouth,,301,0212-0121-0000,178,56,,13,178-28946,8,CamaID: 0212-0121-0000,40 BEDFORD WAY,489087,08178-0212-0121-0000,0212-0121-0000,2753.65947034672,13,182972,239970.123463395
Portsmouth,,130,0212-0047-0001,178,26,,11,178-29023,8,CamaID: 0212-0047-0001,144 RALEIGH WAY,489088,08178-0212-0047-0001,0212-0047-0001,252.595649661413,11,182973,3072.29401089012
Portsmouth,,130,0212-0010-0000,178,26,,11,178-28846,8,CamaID: 0212-0010-0000,38 CONCORD WAY,489089,08178-0212-0010-0000,0212-0010-0000,241.302154113907,11,182974,2501.65831045982
Portsmouth,,130,0212-0048-0000,178,26,,11,178-28879,8,CamaID: 0212-0048-0000,132 RALEIGH WAY,489090,08178-0212-0048-0000,0212-0048-0000,285.439966145047,11,182975,4644.88338373444
Portsmouth,,130,0212-0009-0000,178,26,,11,178-28845,8,CamaID: 0212-0009-0000,52 CONCORD WAY,489091,08178-0212-0009-0000,0212-0009-0000,294.334903433511,11,182976,4973.54112042432
Portsmouth,,130,0212-0052-0000,178,26,,11,178-28883,8,CamaID: 0212-0052-0000,100 CONCORD WAY,489092,08178-0212-0052-0000,0212-0052-0000,253.885140984959,11,182977,3998.28217885824
Portsmouth,,130,0212-0101-0000,178,26,,11,178-28931,8,CamaID: 0212-0101-0000,106 SARATOGA WAY,489093,08178-0212-0101-0000,0212-0101-0000,256.065965021592,11,182978,3475.76041129657
Portsmouth,,130,0212-0101-0001,178,26,,11,178-28988,8,CamaID: 0212-0101-0001,174 RALEIGH WAY,489094,08178-0212-0101-0001,0212-0101-0001,219.755800907444,11,182979,2089.52494856114
Portsmouth,,304,0212-0166-0000,178,59,,57,178-35346,8,CamaID: 0212-0166-0000,134 PREBLE WAY,489095,08178-0212-0166-0000,0212-0166-0000,2264.34192117803,57,182980,276692.003374241
Portsmouth,,307,0302-0001-0000,178,63,,44,178-37841,8,CamaID: 0302-0001-0000,2 INTERNATIONAL DR,489096,08178-0302-0001-0000,0302-0001-0000,1906.95815186192,44,182981,218384.887287462
Portsmouth,,307,0304-0001-0000,178,63,,44,178-37853,8,CamaID: 0304-0001-0000,161 CORPORATE DR,489097,08178-0304-0001-0000,0304-0001-0000,1871.74400034391,44,182982,218244.982968871
Portsmouth,,108,0107-0056-0000,178,8,,12,178-33157,8,CamaID: 0107-0056-0000,124 STATE ST,489098,08178-0107-0056-0000,0107-0056-0000,365.128090083094,12,182983,3404.92807693073
Portsmouth,,108,0107-0064-0000,178,8,,11,178-33162,8,CamaID: 0107-0064-0000,20 ATKINSON ST,489099,08178-0107-0064-0000,0107-0064-0000,213.084462865637,11,182984,2328.67060320146
Portsmouth,70,109,0207-0025-0000,178,9,,11,178-28680,8,CamaID: 0207-0025-0000,2 MOEBUS TER,489100,08178-0207-0025-0000,0207-0025-0000,1010.91269481975,11-70,182985,31240.5111232105
Portsmouth,,103B,0134-0028-0000,178,5,,11,178-33982,8,CamaID: 0134-0028-0000,100 MERRIMAC ST,489101,08178-0134-0028-0000,0134-0028-0000,702.42636249006,11,182986,31271.5430732719
Portsmouth,,129,0234-0030-0000,178,25,,11,178-30533,8,CamaID: 0234-0030-0000,15 COAKLEY RD,489102,08178-0234-0030-0000,0234-0030-0000,402.872586278511,11,182987,8472.6452484194
Portsmouth,,129,0234-0031-0000,178,25,,11,178-30534,8,CamaID: 0234-0031-0000,19 COAKLEY RD,489103,08178-0234-0031-0000,0234-0031-0000,412.843988002762,11,182988,8965.62243765375
Portsmouth,,129,0234-0019-0000,178,25,,11,178-30522,8,CamaID: 0234-0019-0000,42 COAKLEY RD,489104,08178-0234-0019-0000,0234-0019-0000,370.78075147133,11,182989,8767.1246872523
Portsmouth,,109,0207-0028-0000,178,9,,11,178-28683,8,CamaID: 0207-0028-0000,2 BOYAN PL,489105,08178-0207-0028-0000,0207-0028-0000,512.44973874617,11,182990,14540.3138542125
Portsmouth,73,109,0207-0027-0000,178,9,,11,178-28682,8,CamaID: 0207-0027-0000,31 PLEASANT POINT DR,489106,08178-0207-0027-0000,0207-0027-0000,422.592486044598,11-73,182991,10629.9764176014
Portsmouth,,129,0234-0023-0000,178,25,,11,178-30526,8,CamaID: 0234-0023-0000,26 COAKLEY RD,489107,08178-0234-0023-0000,0234-0023-0000,359.670787227417,11,182992,7485.63439650909
Portsmouth,,109,0207-0029-0000,178,9,,11,178-28684,8,CamaID: 0207-0029-0000,4 BOYAN PL,489108,08178-0207-0029-0000,0207-0029-0000,600.966613101992,11,182993,19671.8055404704
Portsmouth,,129,0234-0009-0000,178,25,,11,178-30512,8,CamaID: 0234-0009-0000,82 COAKLEY RD,489109,08178-0234-0009-0000,0234-0009-0000,411.366114038172,11,182994,8544.55885451477
Portsmouth,,129,0220-0053-0000,178,25,,11,178-29465,8,CamaID: 0220-0053-0000,87 EDMOND AVE,489110,08178-0220-0053-0000,0220-0053-0000,420.697158066887,11,182995,11387.9783281461
Portsmouth,,,0118-0000-0000,178,,,,,,,,489111,08178-0118-0000-0000,,151.40880584468,,182996,922.194969161443
Portsmouth,,305,0118-0026-0000,178,60,,44,178-37392,8,CamaID: 0118-0026-0011,401 THE HILL #7-2,489112,08178-0118-0026-0000,0118-0026-0011,1205.83433147496,44,182997,53773.7025507378
Portsmouth,,305,0119-0001-001A,178,60,,23,178-37415,8,CamaID: 0119-0001-001A,DEER ST,489113,08178-0119-0001-001A,0119-0001-001A,380.768946500178,23,182998,3011.88975243812
Portsmouth,,304,0136-0019-0000,178,59,,33,178-38059,8,CamaID: 0136-0019-0000,351 MIDDLE ST,489114,08178-0136-0019-0000,0136-0019-0000,624.550577639955,33,182999,23991.6974187177
Portsmouth,,103B,0136-0023-0000,178,5,,11,178-38012,8,CamaID: 0136-0023-0000,338 MIDDLE ST,489115,08178-0136-0023-0000,0136-0023-0000,332.872298603021,11,183000,6695.55712318523
Portsmouth,,304,0136-0017-0000,178,59,,27,178-34099,8,CamaID: 0136-0017-0000,MIDDLE ST,489116,08178-0136-0017-0000,0136-0017-0000,741.205766033527,27,183001,30331.9958545187
Portsmouth,,105,0136-0024-0000,178,7,,11,178-34102,8,CamaID: 0136-0024-0000,26 SUMMER ST,489117,08178-0136-0024-0000,0136-0024-0000,281.739136188589,11,183002,4899.08956880083
Portsmouth,,103B,0136-0006-0000,178,5,,12,178-34089,8,CamaID: 0136-0006-0000,314 MIDDLE ST,489118,08178-0136-0006-0000,0136-0006-0000,297.119682744523,12,183003,4455.23795192141
Portsmouth,,103B,0148-0044-0000,178,5,,11,178-34578,8,CamaID: 0148-0044-0000,26 PARK ST,489119,08178-0148-0044-0000,0148-0044-0000,331.202142777437,11,183004,6549.49648087895
Portsmouth,,103B,0148-0059-0000,178,5,,11,178-34592,8,CamaID: 0148-0059-0000,82 WIBIRD ST,489120,08178-0148-0059-0000,0148-0059-0000,626.413036649408,11,183005,10521.8869848567
Portsmouth,,103B,0148-0058-0000,178,5,,12,178-34591,8,CamaID: 0148-0058-0000,88 WIBIRD ST,489121,08178-0148-0058-0000,0148-0058-0000,322.533991638302,12,183006,6124.57355032823
Portsmouth,,103B,0148-0061-0000,178,5,,11,178-34594,8,CamaID: 0148-0061-0000,68 WIBIRD ST,489122,08178-0148-0061-0000,0148-0061-0000,250.286078903402,11,183007,3395.32109320579
Portsmouth,,103B,0148-0062-0000,178,5,,11,178-34595,8,CamaID: 0148-0062-0000,60 WIBIRD ST,489123,08178-0148-0062-0000,0148-0062-0000,383.332859909172,11,183008,6065.17807644697
Portsmouth,,103B,0148-0063-0000,178,5,,12,178-34596,8,CamaID: 0148-0063-0000,50 WIBIRD ST,489124,08178-0148-0063-0000,0148-0063-0000,391.28798823242,12,183009,6653.5008087584
Portsmouth,,304,0135-0015-0000,178,59,,57,178-34026,8,CamaID: 0135-0015-0000,300 UNION ST,489125,08178-0135-0015-0000,0135-0015-0000,256.464267412671,57,183010,3694.98546615225
Portsmouth,,105,0135-0023-0000,178,7,,11,178-34032,8,CamaID: 0135-0023-0000,226 UNION ST,489126,08178-0135-0023-0000,0135-0023-0000,289.190377540321,11,183011,4454.94895471577
Portsmouth,,204,0135-0043-0000,178,34,,14,178-52488,8,CamaID: 0135-0043-0002,456 MIDDLE ST #2,489127,08178-0135-0043-0000,0135-0043-0002,412.343558537293,14,183012,6387.62022815102
Portsmouth,,103B,0148-0042-0000,178,5,,11,178-34576,8,CamaID: 0148-0042-0000,76 PARK ST,489128,08178-0148-0042-0000,0148-0042-0000,416.366090306285,11,183013,8579.39983293969
Portsmouth,,104,0153-0032-0000,178,6,,11,178-34828,8,CamaID: 0153-0032-0000,161 ALDRICH RD,489129,08178-0153-0032-0000,0153-0032-0000,476.778097526719,11,183014,9337.26624262134
Portsmouth,,104,0153-0033-0000,178,6,,11,178-34829,8,CamaID: 0153-0033-0000,151 ALDRICH RD,489130,08178-0153-0033-0000,0153-0033-0000,485.432897663914,11,183015,9809.80874374072
Portsmouth,,104,0153-0034-0000,178,6,,11,178-34830,8,CamaID: 0153-0034-0000,139 ALDRICH RD,489131,08178-0153-0034-0000,0153-0034-0000,488.290072728271,11,183016,9595.740199976
Portsmouth,,204,0135-0021-0000,178,34,,14,178-38374,8,CamaID: 0135-0021-0001,496 MIDDLE ST #1,489132,08178-0135-0021-0000,0135-0021-0001,291.644631980719,14,183017,4591.98740732317
Portsmouth,,105,0135-0022-0000,178,7,,12,178-37765,8,CamaID: 0135-0022-0000,236 UNION ST,489133,08178-0135-0022-0000,0135-0022-0000,301.387691746492,12,183018,5051.53074781309
Portsmouth,,131,0160-0007-0000,178,27,,11,178-34953,8,CamaID: 0160-0007-0000,88 THORNTON ST,489134,08178-0160-0007-0000,0160-0007-0000,506.363048961928,11,183019,11153.8040876654
Portsmouth,,131,0160-0004-0000,178,27,,11,178-34950,8,CamaID: 0160-0004-0000,384 DENNETT ST,489135,08178-0160-0004-0000,0160-0004-0000,313.721756151313,11,183020,5710.08616994162
Portsmouth,,131,0160-0037-0000,178,27,,11,178-34980,8,CamaID: 0160-0037-0000,341 DENNETT ST,489136,08178-0160-0037-0000,0160-0037-0000,385.812753162716,11,183021,8794.60768357544
Portsmouth,,123,0232-0111-0000,178,21,,22,178-30253,8,CamaID: 0232-0111-0000,SHERBURNE ST,489137,08178-0232-0111-0000,0232-0111-0000,486.774103143295,22,183022,14057.6322639996
Portsmouth,,123,0241-0004-0000,178,21,,22,178-30740,8,CamaID: 0241-0004-0000,SHERBURNE ST,489138,08178-0241-0004-0000,0241-0004-0000,944.336212633575,22,183023,36182.1832215762
Portsmouth,,123,0241-0003-0000,178,21,,22,178-30739,8,CamaID: 0241-0003-0000,SHERBURNE ST,489139,08178-0241-0003-0000,0241-0003-0000,367.365631999306,22,183024,8179.50042517705
Portsmouth,,123,0241-0002-0000,178,21,,22,178-30738,8,CamaID: 0241-0002-0000,SHERBURNE ST,489140,08178-0241-0002-0000,0241-0002-0000,321.03459400818,22,183025,5598.29703255062
Portsmouth,,123,0233-0104-0000,178,21,,11,178-30469,8,CamaID: 0233-0104-0000,1414 ISLINGTON ST,489141,08178-0233-0104-0000,0233-0104-0000,329.406673935648,11,183026,6430.33402891502
Portsmouth,,123,0241-0005-0000,178,21,,22,178-30741,8,CamaID: 0241-0005-0000,SHERBURNE ST,489142,08178-0241-0005-0000,0241-0005-0000,586.006208451365,22,183027,19107.5416028752
Portsmouth,,123,0241-0008-0000,178,21,,11,178-30742,8,CamaID: 0241-0008-0000,1600 ISLINGTON ST,489143,08178-0241-0008-0000,0241-0008-0000,810.449361287648,11,183028,31259.0296851679
Portsmouth,,128,0218-0005-0001,178,24,,11,178-53566,8,CamaID: 0218-0005-0001,25 MANGROVE ST,489144,08178-0218-0005-0001,0218-0005-0001,362.992298769377,11,183029,7846.59298203873
Portsmouth,,125,0243-0055-0000,178,22,,11,178-30802,8,CamaID: 0243-0055-0000,260 PEVERLY HILL RD,489145,08178-0243-0055-0000,0243-0055-0000,515.312516294288,11,183030,15673.793936765
Portsmouth,,125,0243-0064-0000,178,22,,11,178-30811,8,CamaID: 0243-0064-0000,360 GREENLEAF AVE,489146,08178-0243-0064-0000,0243-0064-0000,755.06521313827,11,183031,27409.9699113857
Portsmouth,,125,0243-0048-0000,178,22,,22,178-30797,8,CamaID: 0243-0048-0000,LEAVITT AVE,489147,08178-0243-0048-0000,0243-0048-0000,234.575211119127,22,183032,3076.92004754753
Portsmouth,,301,0243-0005-0000,178,56,,34,178-35596,8,CamaID: 0243-0005-0000,225 GREENLEAF AVE,489148,08178-0243-0005-0000,0243-0005-0000,884.045201112855,34,183033,47922.5878984852
Portsmouth,,125,0243-0026-0000,178,22,,11,178-30778,8,CamaID: 0243-0026-0000,200 SWETT AVE,489149,08178-0243-0026-0000,0243-0026-0000,491.440211838143,11,183034,14411.3253437394
Portsmouth,,125,0243-0062-0000,178,22,,11,178-30809,8,CamaID: 0243-0062-0000,390 GREENLEAF AVE,489150,08178-0243-0062-0000,0243-0062-0000,768.956854837823,11,183035,27015.3431055958
Portsmouth,,304,0243-0052-0000,178,59,,27,178-35598,8,CamaID: 0243-0052-0000,PEVERLY HILL RD,489151,08178-0243-0052-0000,0243-0052-0000,319.637291627803,27,183036,6384.33955522859
Portsmouth,,125,0243-0049-0000,178,22,,22,178-30798,8,CamaID: 0243-0049-0000,LEAVITT AVE,489152,08178-0243-0049-0000,0243-0049-0000,318.111714395647,22,183037,6321.59095083917
Portsmouth,,125,0243-0051-0000,178,22,,12,178-30800,8,CamaID: 0243-0051-0000,100 PEVERLY HILL RD,489153,08178-0243-0051-0000,0243-0051-0000,400.671830111244,12,183038,9653.43768809922
Portsmouth,,304,0243-0066-0000,178,59,,57,178-35600,8,CamaID: 0243-0066-0000,200 GREENLEAF AVE,489154,08178-0243-0066-0000,0243-0066-0000,1163.57473966555,57,183039,84325.0085427085
Portsmouth,,304,0243-0004-0000,178,59,,57,178-35595,8,CamaID: 0243-0004-0000,195 GREENLEAF AVE,489155,08178-0243-0004-0000,0243-0004-0000,1636.88318267619,57,183040,152669.000828362
Portsmouth,,128,0218-0001-0000,178,24,,27,178-35383,8,CamaID: 0218-0001-0000,MARKET ST,489156,08178-0218-0001-0000,0218-0001-0000,3075.61610122393,27,183041,246836.857332109
Portsmouth,,305,0118-0021-0000,178,60,,33,178-37989,8,CamaID: 0118-0021-0000,127 HIGH ST,489157,08178-0118-0021-0000,0118-0021-0000,256.078752777061,33,183042,2569.98822981982
Portsmouth,,305,0118-026A-0000,178,60,,57,178-37741,8,CamaID: 0118-026A-0000,154 HIGH ST #6-2,489158,08178-0118-026A-0000,0118-026A-0000,203.345073499108,57,183043,2572.69228198675
Portsmouth,,305,0118-0027-0000,178,60,,33,178-37771,8,CamaID: 0118-0027-0000,62 DEER ST,489159,08178-0118-0027-0000,0118-0027-0000,272.042569900556,33,183044,4606.70033086185
Portsmouth,,305,0118-0009-0000,178,60,,13,178-33534,8,CamaID: 0118-0009-0000,182 MARKET ST,489160,08178-0118-0009-0000,0118-0009-0000,468.190775696414,13,183045,11475.8853982403
Portsmouth,,305,0118-0010-0000,178,60,,27,178-37378,8,CamaID: 0118-0010-0000,200 MARKET ST,489161,08178-0118-0010-0000,0118-0010-0000,332.645991823229,27,183046,6374.74979804926
Portsmouth,,305,0118-0011-0000,178,60,,33,178-37988,8,CamaID: 0118-0011-0000,206 MARKET ST,489162,08178-0118-0011-0000,0118-0011-0000,163.062042694997,33,183047,1661.53841272724
Portsmouth,,123,0232-0103-0000,178,21,,11,178-30245,8,CamaID: 0232-0103-0000,133 PEARSON ST,489163,08178-0232-0103-0000,0232-0103-0000,685.881085552402,11,183048,23146.8530956545
Portsmouth,,123,0241-0010-0000,178,21,,11,178-30744,8,CamaID: 0241-0010-0000,1618 ISLINGTON ST,489164,08178-0241-0010-0000,0241-0010-0000,1397.47002748905,11,183049,48417.023999458
Portsmouth,,123,0241-0009-0000,178,21,,11,178-30743,8,CamaID: 0241-0009-0000,1608 ISLINGTON ST,489165,08178-0241-0009-0000,0241-0009-0000,463.872162306067,11,183050,12333.7547866141
Portsmouth,,123,0241-0001-0000,178,21,,22,178-30737,8,CamaID: 0241-0001-0000,SHERBURNE ST,489166,08178-0241-0001-0000,0241-0001-0000,612.631725974029,22,183051,21243.0713807295
Portsmouth,,301,0259-0015-0000,178,56,,33,178-35733,8,CamaID: 0259-0015-0000,100 BORTHWICK AVE,489167,08178-0259-0015-0000,0259-0015-0000,4117.58331558076,33,183052,560819.427622456
Portsmouth,,123,0233-0109-0000,178,21,,11,178-30474,8,CamaID: 0233-0109-0000,1500 ISLINGTON ST,489168,08178-0233-0109-0000,0233-0109-0000,673.423913478016,11,183053,27233.1846074006
Portsmouth,,123,0233-0108-0000,178,21,,11,178-30473,8,CamaID: 0233-0108-0000,1490 ISLINGTON ST,489169,08178-0233-0108-0000,0233-0108-0000,795.628690415946,11,183054,35845.701941639
Portsmouth,,123,0233-0111-0000,178,21,,11,178-30476,8,CamaID: 0233-0111-0000,1507 ISLINGTON ST,489170,08178-0233-0111-0000,0233-0111-0000,450.861429790968,11,183055,12359.7521511283
Portsmouth,,123,0233-0107-0000,178,21,,11,178-30472,8,CamaID: 0233-0107-0000,1474 ISLINGTON ST,489171,08178-0233-0107-0000,0233-0107-0000,326.677071557704,11,183056,6309.76951397687
Portsmouth,,123,0233-0086-0000,178,21,,11,178-30452,8,CamaID: 0233-0086-0000,1462 ISLINGTON ST,489172,08178-0233-0086-0000,0233-0086-0000,324.024491111004,11,183057,6178.2233171982
Portsmouth,,123,0241-0015-0001,178,21,,11,178-30756,8,CamaID: 0241-0015-0001,1722 ISLINGTON ST,489173,08178-0241-0015-0001,0241-0015-0001,831.156462034816,11,183058,34487.6184740994
Portsmouth,,123,0241-0013-0000,178,21,,11,178-30747,8,CamaID: 0241-0013-0000,1710 ISLINGTON ST,489174,08178-0241-0013-0000,0241-0013-0000,903.81147707023,11,183059,35386.9321669826
Portsmouth,,123,0233-0106-0000,178,21,,11,178-30471,8,CamaID: 0233-0106-0000,1438 ISLINGTON ST,489175,08178-0233-0106-0000,0233-0106-0000,324.195329501926,11,183060,6147.34105870537
Portsmouth,,123,0233-0105-0000,178,21,,11,178-30470,8,CamaID: 0233-0105-0000,1426 ISLINGTON ST,489176,08178-0233-0105-0000,0233-0105-0000,329.778402778072,11,183061,6440.11550232269
Portsmouth,,206,0233-0116-0000,178,36,,14,178-38317,8,CamaID: 0233-0116-0001,1395 ISLINGTON ST #1,489177,08178-0233-0116-0000,0233-0116-0001,675.708419952595,14,183062,24624.7890666414
Portsmouth,,123,0233-0114-0000,178,21,,22,178-30479,8,CamaID: 0233-0114-0000,1483 ISLINGTON ST,489178,08178-0233-0114-0000,0233-0114-0000,564.204541794348,22,183063,16564.0917844089
Portsmouth,,131,0162-0023-0000,178,27,,12,178-35052,8,CamaID: 0162-0023-0000,56 PINE ST,489179,08178-0162-0023-0000,0162-0023-0000,371.170199495575,12,183064,7470.25862861521
Portsmouth,,131,0162-0040-0000,178,27,,11,178-35068,8,CamaID: 0162-0040-0000,89 CLINTON ST,489180,08178-0162-0040-0000,0162-0040-0000,486.274185033237,11,183065,14763.2732957865
Portsmouth,,131,0162-0041-0000,178,27,,11,178-35069,8,CamaID: 0162-0041-0000,123 CLINTON ST,489181,08178-0162-0041-0000,0162-0041-0000,494.577678511873,11,183066,15272.4650701674
Portsmouth,,131,0162-0022-0000,178,27,,11,178-35051,8,CamaID: 0162-0022-0000,40 PINE ST,489182,08178-0162-0022-0000,0162-0022-0000,373.144957619324,11,183067,7569.82275615531
Portsmouth,,130,0212-0031-0000,178,26,,11,178-28863,8,CamaID: 0212-0031-0000,111 RALEIGH WAY,489183,08178-0212-0031-0000,0212-0031-0000,233.852980955534,11,183068,2220.77047056965
Portsmouth,,130,0212-0031-0001,178,26,,11,178-29019,8,CamaID: 0212-0031-0001,113 RALEIGH WAY,489184,08178-0212-0031-0001,0212-0031-0001,240.322678183651,11,183069,2470.21724616659
Portsmouth,,130,0212-0039-0000,178,26,,11,178-28870,8,CamaID: 0212-0039-0000,86 RALEIGH WAY,489185,08178-0212-0039-0000,0212-0039-0000,216.476626895039,11,183070,2520.85252114462
Portsmouth,,130,0212-0051-0000,178,26,,11,178-28882,8,CamaID: 0212-0051-0000,102 RALEIGH WAY,489186,08178-0212-0051-0000,0212-0051-0000,247.501119621443,11,183071,2621.87262409524
Portsmouth,,130,0212-0040-0000,178,26,,11,178-28871,8,CamaID: 0212-0040-0000,635 KEARSARGE WAY,489187,08178-0212-0040-0000,0212-0040-0000,290.009640861106,11,183072,5250.23498553185
Portsmouth,,130,0212-0050-0000,178,26,,11,178-28881,8,CamaID: 0212-0050-0000,112 RALEIGH WAY,489188,08178-0212-0050-0000,0212-0050-0000,247.414538868776,11,183073,2504.53981280068
Portsmouth,,130,0212-0041-0000,178,26,,11,178-37217,8,CamaID: 0212-0041-0000,647 KEARSARGE WAY,489189,08178-0212-0041-0000,0212-0041-0000,204.948855548851,11,183074,2060.21951994306
Portsmouth,,130,0212-0049-0000,178,26,,11,178-28880,8,CamaID: 0212-0049-0000,122 RALEIGH WAY,489190,08178-0212-0049-0000,0212-0049-0000,242.593655793833,11,183075,2335.72682458699
Portsmouth,,131,0161-0020-0000,178,27,,11,178-35006,8,CamaID: 0161-0020-0000,630 DENNETT ST,489191,08178-0161-0020-0000,0161-0020-0000,362.241841751896,11,183076,7318.1879659375
Portsmouth,,131,0162-0001-0000,178,27,,11,178-35031,8,CamaID: 0162-0001-0000,245 THORNTON ST,489192,08178-0162-0001-0000,0162-0001-0000,415.773150955638,11,183077,8384.7133079454
Portsmouth,,131,0161-0019-0000,178,27,,11,178-35005,8,CamaID: 0161-0019-0000,618 DENNETT ST,489193,08178-0161-0019-0000,0161-0019-0000,375.592174512219,11,183078,8099.98684037544
Portsmouth,,131,0161-0012-0000,178,27,,11,178-34998,8,CamaID: 0161-0012-0000,570 DENNETT ST,489194,08178-0161-0012-0000,0161-0012-0000,360.168114971002,11,183079,7181.307526314
Portsmouth,,131,0161-0011-0000,178,27,,11,178-34997,8,CamaID: 0161-0011-0000,566 DENNETT ST,489195,08178-0161-0011-0000,0161-0011-0000,360.85646631247,11,183080,7305.90891191706
Portsmouth,,131,0161-0010-0001,178,27,,11,178-35030,8,CamaID: 0161-0010-0001,530 DENNETT ST,489196,08178-0161-0010-0001,0161-0010-0001,356.372260025895,11,183081,7209.9720555414
Portsmouth,,131,0161-0004-0000,178,27,,11,178-34990,8,CamaID: 0161-0004-0000,200 THORNTON ST,489197,08178-0161-0004-0000,0161-0004-0000,343.400386820429,11,183082,7174.34236801549
Portsmouth,,131,0161-0010-0000,178,27,,11,178-34996,8,CamaID: 0161-0010-0000,528 DENNETT ST,489198,08178-0161-0010-0000,0161-0010-0000,281.601926758078,11,183083,4872.60329581633
Portsmouth,,131,0161-0003-0000,178,27,,12,178-34989,8,CamaID: 0161-0003-0000,17 STARK ST,489199,08178-0161-0003-0000,0161-0003-0000,400.43441157739,12,183084,8063.72648649021
Portsmouth,,131,0161-0002-0000,178,27,,11,178-34988,8,CamaID: 0161-0002-0000,508 DENNETT ST,489200,08178-0161-0002-0000,0161-0002-0000,283.245521765751,11,183085,5008.27500704011
Portsmouth,,131,0161-0008-0000,178,27,,12,178-34994,8,CamaID: 0161-0008-0000,230 THORNTON ST,489201,08178-0161-0008-0000,0161-0008-0000,364.798125016383,12,183086,7593.42390158567
Portsmouth,,131,0161-0007-0000,178,27,,12,178-34993,8,CamaID: 0161-0007-0000,246 THORNTON ST,489202,08178-0161-0007-0000,0161-0007-0000,357.994465359002,12,183087,7183.13065548248
Portsmouth,,131,0161-0007-0001,178,27,,11,178-54178,8,CamaID: 0161-0007-0001,250 THORNTON ST,489203,08178-0161-0007-0001,0161-0007-0001,357.587842936516,11,183088,7160.59464418602
Portsmouth,,111,0222-0001-0001,178,11,,22,178-38076,8,CamaID: 0222-0001-0001,WALKER BUNGALOW RD,489204,08178-0222-0001-0001,0222-0001-0001,1535.0341404313,22,183089,37941.4895938253
Portsmouth,,306,0223-0025-000B,178,62,,57,178-35423,8,CamaID: 0223-0025-000B,SAGAMORE AVE,489205,08178-0223-0025-000B,0223-0025-000B,3941.7647506878,57,183090,481702.806384972
Portsmouth,,121,0261-003A-0000,178,20,,11,178-31495,8,CamaID: 0261-003A-0000,282R SHERBURNE RD,489206,08178-0261-003A-0000,0261-003A-0000,721.117914146011,11,183091,26639.5404218856
Portsmouth,,121,0261-0004-0002,178,20,,11,178-31497,8,CamaID: 0261-0004-0002,380 GREENSIDE AVE,489207,08178-0261-0004-0002,0261-0004-0002,571.600522902961,11,183092,19630.894308388
Portsmouth,,121,0260-0004-0000,178,20,,11,178-31259,8,CamaID: 0260-0004-0000,176 SHERBURNE RD,489208,08178-0260-0004-0000,0260-0004-0000,1174.34828843708,11,183093,73370.0086487225
Portsmouth,,121,0260-0162-0000,178,20,,11,178-31415,8,CamaID: 0260-0162-0000,50 COLONIAL DR,489209,08178-0260-0162-0000,0260-0162-0000,365.355576351567,11,183094,7392.53056210091
Portsmouth,,121,0260-0157-0000,178,20,,11,178-31411,8,CamaID: 0260-0157-0000,86 COLONIAL DR,489210,08178-0260-0157-0000,0260-0157-0000,426.635369210582,11,183095,9531.7839883292
Portsmouth,,304,0260-0159-0000,178,59,,27,178-35774,8,CamaID: 0260-0159-0000,SHERBURNE RD,489211,08178-0260-0159-0000,0260-0159-0000,2182.3790143252,27,183096,176850.296124137
Portsmouth,,121,0260-0088-0000,178,20,,11,178-31343,8,CamaID: 0260-0088-0000,726 COLONIAL DR,489212,08178-0260-0088-0000,0260-0088-0000,331.351517579228,11,183097,6359.71661351919
Portsmouth,,121,0260-0121-0000,178,20,,11,178-31376,8,CamaID: 0260-0121-0000,10 DECATUR RD,489213,08178-0260-0121-0000,0260-0121-0000,301.896710373487,11,183098,5797.10516359369
Portsmouth,,121,0260-0013-0000,178,20,,11,178-31268,8,CamaID: 0260-0013-0000,289 SHERBURNE RD,489214,08178-0260-0013-0000,0260-0013-0000,368.890390602012,11,183099,8041.06529824663
Portsmouth,,121,0260-0122-0000,178,20,,11,178-31377,8,CamaID: 0260-0122-0000,141 COLONIAL DR,489215,08178-0260-0122-0000,0260-0122-0000,314.011097790788,11,183100,5926.60311759065
Portsmouth,,121,0260-0095-0000,178,20,,11,178-31350,8,CamaID: 0260-0095-0000,30 WHIPPLE CT,489216,08178-0260-0095-0000,0260-0095-0000,359.078966535216,11,183101,7578.50120507088
Portsmouth,,121,0261-0014-0000,178,20,,11,178-31435,8,CamaID: 0261-0014-0000,424 GREENSIDE AVE,489217,08178-0261-0014-0000,0261-0014-0000,856.038449601947,11,183102,42494.6354132986
Portsmouth,,121,0260-0096-0000,178,20,,11,178-31351,8,CamaID: 0260-0096-0000,40 WHIPPLE CT,489218,08178-0260-0096-0000,0260-0096-0000,358.5746213085,11,183103,7865.93826593514
Portsmouth,,121,0260-0012-0000,178,20,,11,178-31267,8,CamaID: 0260-0012-0000,303 SHERBURNE RD,489219,08178-0260-0012-0000,0260-0012-0000,377.114728087644,11,183104,8312.37919915434
Portsmouth,,121,0261-0013-0000,178,20,,11,178-31434,8,CamaID: 0261-0013-0000,423 GREENSIDE AVE,489220,08178-0261-0013-0000,0261-0013-0000,553.902487011441,11,183105,18446.9940208697
Portsmouth,,304,0259-0010-0000,178,59,,57,178-35730,8,CamaID: 0259-0010-0000,35 SHERBURNE RD,489221,08178-0259-0010-0000,0259-0010-0000,2119.55816060801,57,183106,219482.729303828
Portsmouth,,304,0174-0002-0000,178,59,,13,178-37787,8,CamaID: 0174-0002-0000,MANOR DRIVE,489222,08178-0174-0002-0000,0174-0002-0000,1564.84761158607,13,183107,138837.610313555
Portsmouth,,302,0165-0011-0000,178,57,,27,178-35133,8,CamaID: 0165-0011-0000,711 ISLINGTON ST,489223,08178-0165-0011-0000,0165-0011-0000,362.278823797386,27,183108,7564.02642421838
Portsmouth,,104,0166-0049-0000,178,6,,11,178-35182,8,CamaID: 0166-0049-0000,328 ALDRICH RD,489224,08178-0166-0049-0000,0166-0049-0000,382.913805123777,11,183109,9153.36774071645
Portsmouth,,104,0166-0006-0000,178,6,,11,178-35140,8,CamaID: 0166-0006-0000,301 ALDRICH RD,489225,08178-0166-0006-0000,0166-0006-0000,428.744696395572,11,183110,10405.2877513853
Portsmouth,,104,0166-0005-0000,178,6,,11,178-35139,8,CamaID: 0166-0005-0000,311 ALDRICH RD,489226,08178-0166-0005-0000,0166-0005-0000,441.160076280567,11,183111,11576.8979168283
Portsmouth,,302,0166-0051-0000,178,57,,33,178-37639,8,CamaID: 0166-0051-0000,880 ISLINGTON ST,489227,08178-0166-0051-0000,0166-0051-0000,410.977986497539,33,183112,10286.7804050022
Portsmouth,,204,0166-0004-0000,178,34,,14,178-38571,8,CamaID: 0166-0004-0001,313 ALDRICH RD #1,489228,08178-0166-0004-0000,0166-0004-0001,426.608231653709,14,183113,10990.9830869979
Portsmouth,,104,0166-0003-0000,178,6,,12,178-35137,8,CamaID: 0166-0003-0000,327 ALDRICH RD,489229,08178-0166-0003-0000,0166-0003-0000,360.433458264608,12,183114,7238.54290652283
Portsmouth,,302,0172-0010-0000,178,57,,33,178-38040,8,CamaID: 0172-0010-0000,921 ISLINGTON ST,489230,08178-0172-0010-0000,0172-0010-0000,443.121754199432,33,183115,11499.0216093888
Portsmouth,,302,0172-0009-0000,178,57,,33,178-37653,8,CamaID: 0172-0009-0000,933 ISLINGTON ST,489231,08178-0172-0009-0000,0172-0009-0000,735.225268543993,33,183116,20702.5210293946
Portsmouth,,104,0166-0002-0000,178,6,,11,178-35136,8,CamaID: 0166-0002-0000,337 ALDRICH RD,489232,08178-0166-0002-0000,0166-0002-0000,426.139265974221,11,183117,11280.7374158552
Portsmouth,,302,0166-0001-0000,178,57,,23,178-37640,8,CamaID: 0166-0001-0000,874 ISLINGTON ST,489233,08178-0166-0001-0000,0166-0001-0000,453.477799434603,23,183118,12757.1354660251
Portsmouth,,302,0172-0007-0000,178,57,,33,178-37651,8,CamaID: 0172-0007-0000,909 ISLINGTON ST,489234,08178-0172-0007-0000,0172-0007-0000,1720.10656433099,33,183119,82331.2277760529
Portsmouth,,104,0166-0011-0000,178,6,,11,178-35145,8,CamaID: 0166-0011-0000,234 ALDRICH RD,489235,08178-0166-0011-0000,0166-0011-0000,423.342566944886,11,183120,11168.0336067917
Portsmouth,,104,0166-0010-0000,178,6,,11,178-35144,8,CamaID: 0166-0010-0000,224 ALDRICH RD,489236,08178-0166-0010-0000,0166-0010-0000,411.172547368694,11,183121,9948.85529475468
Portsmouth,,123,0233-0144-0000,178,21,,11,178-30505,8,CamaID: 0233-0144-0000,37 FOCH AVE,489237,08178-0233-0144-0000,0233-0144-0000,1019.51290164893,11,183122,44680.8345436439
Portsmouth,,104,0166-0012-0000,178,6,,11,178-35146,8,CamaID: 0166-0012-0000,260 ALDRICH RD,489238,08178-0166-0012-0000,0166-0012-0000,362.305490613331,11,183123,7594.58467705902
Portsmouth,,104,0153-0027-0000,178,6,,11,178-34823,8,CamaID: 0153-0027-0000,214 ALDRICH RD,489239,08178-0153-0027-0000,0153-0027-0000,331.768697143049,11,183124,5757.39861569017
Portsmouth,,103A,0113-0009-0000,178,4,,11,178-33345,8,CamaID: 0113-0009-0000,60 SHERBURNE AVE,489240,08178-0113-0009-0000,0113-0009-0000,365.401099230432,11,183125,6709.0066346083
Portsmouth,,115,0249-0014-0000,178,15,,11,178-30917,8,CamaID: 0249-0014-0000,490 FW HARTFORD DR,489241,08178-0249-0014-0000,0249-0014-0000,840.672245391939,11,183126,28579.5354042109
Portsmouth,,115,0269-0045-0000,178,15,,11,178-31671,8,CamaID: 0269-0045-0000,90 FW HARTFORD DR,489242,08178-0269-0045-0000,0269-0045-0000,803.67838108783,11,183127,30153.7834949527
Portsmouth,,115,0269-0022-0000,178,15,,11,178-31649,8,CamaID: 0269-0022-0000,65 FW HARTFORD DR,489243,08178-0269-0022-0000,0269-0022-0000,800.098243243134,11,183128,29681.6217169767
Portsmouth,,115,0250-0087-0000,178,15,,11,178-31016,8,CamaID: 0250-0087-0000,580 FW HARTFORD DR,489244,08178-0250-0087-0000,0250-0087-0000,743.267120206789,11,183129,26040.5312633822
Portsmouth,,114,0268-0096-0000,178,14,,11,178-31617,8,CamaID: 0268-0096-0000,10 TAFT RD,489245,08178-0268-0096-0000,0268-0096-0000,555.084327441085,11,183130,18035.0437265342
Portsmouth,,115,0269-0001-0000,178,15,,11,178-31631,8,CamaID: 0269-0001-0000,15 FW HARTFORD DR,489246,08178-0269-0001-0000,0269-0001-0000,841.569793431597,11,183131,34793.9229521318
Portsmouth,,115,0250-0100-0000,178,15,,11,178-31029,8,CamaID: 0250-0100-0000,575 FW HARTFORD DR,489247,08178-0250-0100-0000,0250-0100-0000,650.408085460379,11,183132,23103.9060681106
Portsmouth,,115,0250-0085-0000,178,15,,11,178-31014,8,CamaID: 0250-0085-0000,600 FW HARTFORD DR,489248,08178-0250-0085-0000,0250-0085-0000,659.285976172327,11,183133,23655.7780256695
Portsmouth,,115,0250-0101-0000,178,15,,11,178-31030,8,CamaID: 0250-0101-0000,595 FW HARTFORD DR,489249,08178-0250-0101-0000,0250-0101-0000,801.415028196586,11,183134,32927.52061498
Portsmouth,,115,0250-0084-0000,178,15,,11,178-31013,8,CamaID: 0250-0084-0000,610 FW HARTFORD DR,489250,08178-0250-0084-0000,0250-0084-0000,577.94164251804,11,183135,20495.9682843874
Portsmouth,,115,0250-0102-0000,178,15,,11,178-31031,8,CamaID: 0250-0102-0000,605 FW HARTFORD DR,489251,08178-0250-0102-0000,0250-0102-0000,888.197137822802,11,183136,29989.8951601404
Portsmouth,,114,0250-0105-0000,178,14,,11,178-31034,8,CamaID: 0250-0105-0000,28 ADAMS AVE,489252,08178-0250-0105-0000,0250-0105-0000,387.903340121995,11,183137,9982.20667172093
Portsmouth,,114,0268-0091-0000,178,14,,11,178-31612,8,CamaID: 0268-0091-0000,20 TAFT RD,489253,08178-0268-0091-0000,0268-0091-0000,401.952865597705,11,183138,10559.2843317392
Portsmouth,,114,0250-0104-0000,178,14,,11,178-31033,8,CamaID: 0250-0104-0000,5 ADAMS AVE,489254,08178-0250-0104-0000,0250-0104-0000,450.734884845539,11,183139,12550.8095313285
Portsmouth,,115,0269-0007-0000,178,15,,60,178-38306,8,CamaID: 0269-0007-0000,TJ GAMESTER AVE,489255,08178-0269-0007-0000,0269-0007-0000,5053.24931847354,60,183140,510738.569025129
Portsmouth,,305,0116-0038-0000,178,60,,13,178-38083,8,CamaID: 0116-0038-0000,140 COURT ST,489256,08178-0116-0038-0000,0116-0038-0000,1208.51367714094,13,183141,62449.9619546551
Portsmouth,,305,0116-0026-0000,178,60,,33,178-33394,8,CamaID: 0116-0026-0000,133 COURT ST,489257,08178-0116-0026-0000,0116-0026-0000,190.21993688838,33,183142,2217.43351408942
Portsmouth,,305,0116-0025-0000,178,60,,57,178-37977,8,CamaID: 0116-0025-0000,97 CHESTNUT ST,489258,08178-0116-0025-0000,0116-0025-0000,177.398541223579,57,183143,1869.49588979816
Portsmouth,,305,0116-0036-0000,178,60,,57,178-37736,8,CamaID: 0116-0036-0000,170 COURT ST,489259,08178-0116-0036-0000,0116-0036-0000,757.571028689583,57,183144,22144.9654778986
Portsmouth,,305,0116-0027-0000,178,60,,33,178-37978,8,CamaID: 0116-0027-0000,165 COURT ST,489260,08178-0116-0027-0000,0116-0027-0000,176.540332051005,33,183145,1892.59035248581
Portsmouth,,305,0116-0030-0000,178,60,,33,178-37316,8,CamaID: 0116-0030-0000,134 PLEASANT ST,489261,08178-0116-0030-0000,0116-0030-0000,994.090727638903,33,183146,52463.9638018334
Portsmouth,,201,0116-0035-0000,178,31,,14,178-54385,8,CamaID: 0116-0035-0001,202 COURT ST #1,489262,08178-0116-0035-0000,0116-0035-0001,355.015597443436,14,183147,5116.73404412537
Portsmouth,,102,0116-0034-0000,178,3,,12,178-37735,8,CamaID: 0116-0034-0000,206 COURT ST,489263,08178-0116-0034-0000,0116-0034-0000,218.7855723447,12,183148,2988.18389136764
Portsmouth,,305,0116-0031-0000,178,60,,33,178-37679,8,CamaID: 0116-0031-0000,118 PLEASANT ST,489264,08178-0116-0031-0000,0116-0031-0000,568.59731922909,33,183149,14386.5067144183
Portsmouth,,305,0116-0033-0000,178,60,,57,178-33397,8,CamaID: 0116-0033-0000,222 COURT ST,489265,08178-0116-0033-0000,0116-0033-0000,232.480958605082,57,183150,3195.70849745573
Portsmouth,,305,0116-0009-0000,178,60,,27,178-37309,8,CamaID: 0116-0009-0000,STATE ST,489266,08178-0116-0009-0000,0116-0009-0000,405.540209796998,27,183151,8727.13230058569
Portsmouth,,105,0116-0044-0000,178,7,,11,178-33403,8,CamaID: 0116-0044-0000,54 ROGERS ST,489267,08178-0116-0044-0000,0116-0044-0000,228.176569916705,11,183152,2880.92422107873
Portsmouth,,305,0116-0048-0000,178,60,,33,178-37980,8,CamaID: 0116-0048-0000,82 COURT ST,489268,08178-0116-0048-0000,0116-0048-0000,847.88598068828,33,183153,23124.3087450668
Portsmouth,,105,0116-0043-0000,178,7,,11,178-33402,8,CamaID: 0116-0043-0000,45 ROGERS ST,489269,08178-0116-0043-0000,0116-0043-0000,244.752569645087,11,183154,3404.83279855801
Portsmouth,,105,0116-0050-0000,178,7,,11,178-33407,8,CamaID: 0116-0050-0000,35 MARK ST,489270,08178-0116-0050-0000,0116-0050-0000,357.809219573781,11,183155,6263.91176081804
Portsmouth,,123,0233-0129-0000,178,21,,11,178-30493,8,CamaID: 0233-0129-0000,11 BARBERRY LN,489271,08178-0233-0129-0000,0233-0129-0000,1541.26321239353,11,183156,94007.2599928563
Portsmouth,,103B,0148-0047-0000,178,5,,11,178-34581,8,CamaID: 0148-0047-0000,51 PARK ST,489272,08178-0148-0047-0000,0148-0047-0000,266.335065696871,11,183157,3728.04441191883
Portsmouth,,103B,0134-0046-0000,178,5,,12,178-33997,8,CamaID: 0134-0046-0000,111 WIBIRD ST,489273,08178-0134-0046-0000,0134-0046-0000,432.055535121785,12,183158,9132.48471610714
Portsmouth,,104,0170-0006-0000,178,6,,11,178-35229,8,CamaID: 0170-0006-0000,45 FIELDS RD,489274,08178-0170-0006-0000,0170-0006-0000,326.182846046653,11,183159,7167.13885897258
Portsmouth,,123,0171-0016-0000,178,21,,11,178-51406,8,CamaID: 0171-0016-0000,135 SPINNEY RD,489275,08178-0171-0016-0000,0171-0016-0000,844.320593622042,11,183160,33107.5686636933
Portsmouth,,123,0171-0009-0000,178,21,,11,178-35255,8,CamaID: 0171-0009-0000,51 SPINNEY RD,489276,08178-0171-0009-0000,0171-0009-0000,294.837934999139,11,183161,4955.56603211518
Portsmouth,,123,0233-0141-0000,178,21,,11,178-30502,8,CamaID: 0233-0141-0000,12 BARBERRY LN,489277,08178-0233-0141-0000,0233-0141-0000,818.26778465266,11,183162,20579.0373265342
Portsmouth,,104,0171-0008-0000,178,6,,11,178-35254,8,CamaID: 0171-0008-0000,80 FIELDS RD,489278,08178-0171-0008-0000,0171-0008-0000,339.587808858702,11,183163,6916.8770697147
Portsmouth,,123,0171-0012-0000,178,21,,11,178-35257,8,CamaID: 0171-0012-0000,1046 ISLINGTON ST,489279,08178-0171-0012-0000,0171-0012-0000,567.561871676196,11,183164,15216.7936078913
Portsmouth,,104,0166-0032-0000,178,6,,11,178-35165,8,CamaID: 0166-0032-0000,120 FIELDS RD,489280,08178-0166-0032-0000,0166-0032-0000,334.298263959607,11,183165,7113.17950271682
Portsmouth,,123,0171-0002-0000,178,21,,11,178-35248,8,CamaID: 0171-0002-0000,30 SPINNEY RD,489281,08178-0171-0002-0000,0171-0002-0000,384.878199364347,11,183166,9249.20230094044
Portsmouth,,123,0171-0011-0000,178,21,,11,178-35256,8,CamaID: 0171-0011-0000,1036 ISLINGTON ST,489282,08178-0171-0011-0000,0171-0011-0000,373.383248094825,11,183167,5785.49229293457
Portsmouth,,123,0233-0134-0000,178,21,,11,178-30497,8,CamaID: 0233-0134-0000,14 FOCH AVE,489283,08178-0233-0134-0000,0233-0134-0000,528.576804745578,11,183168,14721.7968032039
Portsmouth,,103B,0131-0002-0000,178,5,,11,178-33811,8,CamaID: 0131-0002-0000,700 SOUTH ST,489284,08178-0131-0002-0000,0131-0002-0000,440.628898548543,11,183169,11999.0819251244
Portsmouth,,114,0250-0103-0000,178,14,,11,178-31032,8,CamaID: 0250-0103-0000,3 ADAMS AVE,489285,08178-0250-0103-0000,0250-0103-0000,497.277249221071,11,183170,16102.1522691052
Portsmouth,,114,0250-0107-0000,178,14,,11,178-31035,8,CamaID: 0250-0107-0000,30 VAN BUREN AVE,489286,08178-0250-0107-0000,0250-0107-0000,397.686053915871,11,183171,10267.6421038854
Portsmouth,,114,0268-0090-0000,178,14,,11,178-31611,8,CamaID: 0268-0090-0000,22 TAFT RD,489287,08178-0268-0090-0000,0268-0090-0000,575.661316071478,11,183172,19255.18147616
Portsmouth,,304,0221-0067-0000,178,59,,57,178-29575,8,CamaID: 0221-0067-0000,400 BROAD ST,489288,08178-0221-0067-0000,0221-0067-0000,683.973759280115,57,183173,22621.7637570638
Portsmouth,,114,0250-0108-0000,178,14,,11,178-31036,8,CamaID: 0250-0108-0000,26 VAN BUREN AVE,489289,08178-0250-0108-0000,0250-0108-0000,393.357049310814,11,183174,10116.6552095573
Portsmouth,,114,0250-0003-0000,178,14,,11,178-30932,8,CamaID: 0250-0003-0000,34 HARRISON AVE,489290,08178-0250-0003-0000,0250-0003-0000,689.360336320314,11,183175,29549.6940005481
Portsmouth,,114,0247-0026-0000,178,14,,11,178-30841,8,CamaID: 0247-0026-0000,319 MCKINLEY RD,489291,08178-0247-0026-0000,0247-0026-0000,455.294219982084,11,183176,12161.3623653916
Portsmouth,,114,0250-0109-0000,178,14,,11,178-31037,8,CamaID: 0250-0109-0000,17 VAN BUREN AVE,489292,08178-0250-0109-0000,0250-0109-0000,692.56352073221,11,183177,31209.9148899371
Portsmouth,,114,0250-0110-0000,178,14,,11,178-31038,8,CamaID: 0250-0110-0000,55 HARDING RD,489293,08178-0250-0110-0000,0250-0110-0000,735.878782159661,11,183178,34437.7297161257
Portsmouth,,114,0250-0111-0000,178,14,,11,178-31039,8,CamaID: 0250-0111-0000,22 VAN BUREN AVE,489294,08178-0250-0111-0000,0250-0111-0000,388.156468915602,11,183179,9792.46994307553
Portsmouth,,114,0250-0065-0000,178,14,,11,178-30994,8,CamaID: 0250-0065-0000,4 FILLMORE RD,489295,08178-0250-0065-0000,0250-0065-0000,365.183538451634,11,183180,8684.12472945144
Portsmouth,,114,0250-0112-0000,178,14,,11,178-31040,8,CamaID: 0250-0112-0000,18 VAN BUREN AVE,489296,08178-0250-0112-0000,0250-0112-0000,377.801416029842,11,183181,9334.1779229956
Portsmouth,,114,0250-0069-0000,178,14,,11,178-30998,8,CamaID: 0250-0069-0000,53 HARDING RD,489297,08178-0250-0069-0000,0250-0069-0000,426.846659636159,11,183182,11420.9563056927
Portsmouth,,114,0250-0064-0000,178,14,,11,178-30993,8,CamaID: 0250-0064-0000,3 DWIGHT AVE,489298,08178-0250-0064-0000,0250-0064-0000,364.60554194859,11,183183,8642.44035497777
Portsmouth,,114,0250-0061-0000,178,14,,11,178-30990,8,CamaID: 0250-0061-0000,15 DWIGHT AVE,489299,08178-0250-0061-0000,0250-0061-0000,405.617852889036,11,183184,10367.1329741448
Portsmouth,,305,0116-0049-0000,178,60,,33,178-37981,8,CamaID: 0116-0049-0000,70 COURT ST,489300,08178-0116-0049-0000,0116-0049-0000,296.048756254992,33,183185,5285.4609376212
Portsmouth,,305,0115-0004-0000,178,60,,44,178-37827,8,CamaID: 0115-0004-0000,111 PARROTT AVE,489301,08178-0115-0004-0000,0115-0004-0000,610.033708341119,44,183186,20656.8952438118
Portsmouth,,103B,0221-0039-0000,178,5,,12,178-29547,8,CamaID: 0221-0039-0000,423 BROAD ST,489302,08178-0221-0039-0000,0221-0039-0000,327.240738214325,12,183187,6449.92456649776
Portsmouth,,103B,0221-0036-0000,178,5,,12,178-29544,8,CamaID: 0221-0036-0000,389 BROAD ST,489303,08178-0221-0036-0000,0221-0036-0000,316.459079546498,12,183188,5921.24285821189
Portsmouth,,103B,0221-0035-0000,178,5,,11,178-29543,8,CamaID: 0221-0035-0000,373 BROAD ST,489304,08178-0221-0035-0000,0221-0035-0000,315.795211352284,11,183189,5888.99997182233
Portsmouth,,306,0221-0087-0000,178,62,,33,178-35413,8,CamaID: 0221-0087-0000,928 SOUTH ST,489305,08178-0221-0087-0000,0221-0087-0000,3055.97596770985,33,183190,358898.801736662
Portsmouth,,103B,0133-0015-0000,178,5,,11,178-33910,8,CamaID: 0133-0015-0000,106 SPRING ST,489306,08178-0133-0015-0000,0133-0015-0000,496.424562942433,11,183191,9896.89511223329
Portsmouth,,305,0115-0004-0001,178,60,,27,178-37732,8,CamaID: 0115-0004-0001,PARROTT AVE,489307,08178-0115-0004-0001,0115-0004-0001,1247.51561787093,27,183192,73401.9014005791
Portsmouth,,204,0132-0020-0000,178,34,,14,178-33889,8,CamaID: 0132-0020-0001,889 SOUTH ST #1,489308,08178-0132-0020-0000,0132-0020-0001,967.289902028346,14,183193,42560.3593733981
Portsmouth,,103B,0221-0033-0000,178,5,,11,178-29541,8,CamaID: 0221-0033-0000,351 BROAD ST,489309,08178-0221-0033-0000,0221-0033-0000,315.393124312192,11,183194,5850.39720542871
Portsmouth,,103B,0131-0003-0000,178,5,,11,178-33812,8,CamaID: 0131-0003-0000,332 BROAD ST,489310,08178-0131-0003-0000,0131-0003-0000,407.474982803351,11,183195,9716.35347582818
Portsmouth,,103B,0131-0020-0000,178,5,,11,178-33827,8,CamaID: 0131-0020-0000,707 SOUTH ST,489311,08178-0131-0020-0000,0131-0020-0000,330.453687016763,11,183196,6816.47327730524
Portsmouth,,103B,0131-0008-0000,178,5,,11,178-33817,8,CamaID: 0131-0008-0000,308 BROAD ST,489312,08178-0131-0008-0000,0131-0008-0000,598.399751849517,11,183197,19891.5219465444
Portsmouth,,103B,0133-0029-0000,178,5,,11,178-33923,8,CamaID: 0133-0029-0000,558 UNION ST,489313,08178-0133-0029-0000,0133-0029-0000,361.734046117454,11,183198,8038.78873917912
Portsmouth,,103B,0131-0019-0000,178,5,,11,178-33826,8,CamaID: 0131-0019-0000,295 BROAD ST,489314,08178-0131-0019-0000,0131-0019-0000,413.910826799272,11,183199,10555.2761205518
Portsmouth,,103B,0133-0026-0000,178,5,,11,178-33920,8,CamaID: 0133-0026-0000,547 UNION ST,489315,08178-0133-0026-0000,0133-0026-0000,481.139137010378,11,183200,9548.22341777974
Portsmouth,,103B,0131-0018-0000,178,5,,11,178-33825,8,CamaID: 0131-0018-0000,267 BROAD ST,489316,08178-0131-0018-0000,0131-0018-0000,357.774039360153,11,183201,6407.72919190804
Portsmouth,,103B,0133-0025-0000,178,5,,11,178-33919,8,CamaID: 0133-0025-0000,535 UNION ST,489317,08178-0133-0025-0000,0133-0025-0000,336.597262436281,11,183202,6170.38504462837
Portsmouth,,103B,0133-024A-0000,178,5,,11,178-33953,8,CamaID: 0133-024A-0000,50 WILLOW LN,489318,08178-0133-024A-0000,0133-024A-0000,439.504636329261,11,183203,9937.36447306155
Portsmouth,,103B,0221-0034-0000,178,5,,11,178-29542,8,CamaID: 0221-0034-0000,359 BROAD ST,489319,08178-0221-0034-0000,0221-0034-0000,312.634516120028,11,183204,5734.57031331576
Portsmouth,,305,0124-0001-0000,178,60,,27,178-37749,8,CamaID: 0124-0001-0000,MAPLEWOOD AVE,489320,08178-0124-0001-0000,0124-0001-0000,146.648492838979,27,183205,1322.54740240592
Portsmouth,,131,0124-0006-0000,178,27,,11,178-33632,8,CamaID: 0124-0006-0000,138 MAPLEWOOD AVE,489321,08178-0124-0006-0000,0124-0006-0000,449.548577918662,11,183206,8041.44803626092
Portsmouth,,305,0123-0010-0000,178,60,,23,178-37460,8,CamaID: 0123-0010-0000,MAPLEWOOD AVE,489322,08178-0123-0010-0000,0123-0010-0000,370.889941845001,23,183207,7445.52615291781
Portsmouth,,305,0123-0015-0000,178,60,,27,178-37463,8,CamaID: 0123-0015-0000,VAUGHAN ST,489323,08178-0123-0015-0000,0123-0015-0000,1383.28896061621,27,183208,44948.3188199255
Portsmouth,,305,0125-0022-0000,178,60,,33,178-50573,8,CamaID: 0125-0022-0000,100 DEER ST,489324,08178-0125-0022-0000,0125-0022-0000,1433.85529268724,33,183209,64942.0545796143
Portsmouth,,103B,0131-0037-0000,178,5,,11,178-33840,8,CamaID: 0131-0037-0000,409 MILLER AVE,489325,08178-0131-0037-0000,0131-0037-0000,329.973644978255,11,183210,4982.1577740213
Portsmouth,,104,0166-0030-0000,178,6,,11,178-35164,8,CamaID: 0166-0030-0000,110 FIELDS RD,489326,08178-0166-0030-0000,0166-0030-0000,481.995911468663,11,183211,14172.4293967817
Portsmouth,,304,0233-0148-0000,178,59,,13,178-30507,8,CamaID: 0233-0148-0000,1137 ISLINGTON ST,489327,08178-0233-0148-0000,0233-0148-0000,1301.43426858774,13,183212,95359.8832643744
Portsmouth,,301,0233-0147-0000,178,56,,27,178-35503,8,CamaID: 0233-0147-0000,HAIG AVE,489328,08178-0233-0147-0000,0233-0147-0000,786.461713435276,27,183213,26691.2494006107
Portsmouth,,123,0233-0135-0000,178,21,,22,178-30498,8,CamaID: 0233-0135-0000,JOFFRE AVE,489329,08178-0233-0135-0000,0233-0135-0000,487.080344393441,22,183214,11761.4058342529
Portsmouth,,123,0233-0140-0000,178,21,,11,178-30501,8,CamaID: 0233-0140-0000,25 FOCH AVE,489330,08178-0233-0140-0000,0233-0140-0000,470.256963019954,11,183215,12884.4598390701
Portsmouth,,104,0166-0029-0000,178,6,,11,178-35163,8,CamaID: 0166-0029-0000,100 FIELDS RD,489331,08178-0166-0029-0000,0166-0029-0000,342.002312199888,11,183216,6987.76397458315
Portsmouth,,104,0166-0034-0000,178,6,,11,178-35167,8,CamaID: 0166-0034-0000,84 THAXTER RD,489332,08178-0166-0034-0000,0166-0034-0000,348.896377015295,11,183217,7455.30391121197
Portsmouth,,123,0233-0149-0000,178,21,,22,178-30508,8,CamaID: 0233-0149-0000,US ROUTE 1 BYP,489333,08178-0233-0149-0000,0233-0149-0000,324.965562411335,22,183218,3495.551456939
Portsmouth,,204,0171-0014-0000,178,34,,14,178-38573,8,CamaID: 0171-0014-0001,1039 ISLINGTON ST #1,489334,08178-0171-0014-0000,0171-0014-0001,954.119954716262,14,183219,42965.190743335
Portsmouth,,302,0171-0010-0000,178,57,,57,178-38038,8,CamaID: 0171-0010-0000,1000 ISLINGTON ST,489335,08178-0171-0010-0000,0171-0010-0000,506.291646595755,57,183220,11302.7423663289
Portsmouth,,104,0166-0028-0000,178,6,,11,178-35162,8,CamaID: 0166-0028-0000,90 FIELDS RD,489336,08178-0166-0028-0000,0166-0028-0000,598.069358716357,11,183221,19086.7463946761
Portsmouth,,104,0166-0035-0000,178,6,,11,178-35168,8,CamaID: 0166-0035-0000,64 THAXTER RD,489337,08178-0166-0035-0000,0166-0035-0000,448.603627597626,11,183222,12401.4059342266
Portsmouth,,123,0171-0001-000A,178,21,,11,178-35258,8,CamaID: 0171-0001-000A,10 SPINNEY RD,489338,08178-0171-0001-000A,0171-0001-000A,620.02103416107,11,183223,22239.7168172315
Portsmouth,,123,0233-0136-0000,178,21,,11,178-30499,8,CamaID: 0233-0136-0000,26 FOCH AVE,489339,08178-0233-0136-0000,0233-0136-0000,698.195897270212,11,183224,22142.1525885182
Portsmouth,,301,0234-0007-0007,178,56,,60,178-35514,8,CamaID: 0234-0007-0007,BORTHWICK AVE,489340,08178-0234-0007-0007,0234-0007-0007,1873.85521518035,60,183225,186914.16591795
Portsmouth,,301,0234-0001-0000,178,56,,60,178-35504,8,CamaID: 0234-0001-0000,139 BARBERRY LN,489341,08178-0234-0001-0000,0234-0001-0000,3302.28033177883,60,183226,209914.398092311
Portsmouth,,123,0171-0018-0000,178,21,,11,178-51404,8,CamaID: 0171-0018-0000,79 SPINNEY RD,489342,08178-0171-0018-0000,0171-0018-0000,577.494595862464,11,183227,17404.2760460387
Portsmouth,,103B,0131-0036-0000,178,5,,11,178-33839,8,CamaID: 0131-0036-0000,401 MILLER AVE,489343,08178-0131-0036-0000,0131-0036-0000,342.997399597543,11,183228,5857.76216108749
Portsmouth,,103B,0131-0024-0000,178,5,,11,178-33828,8,CamaID: 0131-0024-0000,396 MILLER AVE,489344,08178-0131-0024-0000,0131-0024-0000,531.470562412603,11,183229,14058.4883016579
Portsmouth,,103B,0131-0035-0000,178,5,,11,178-33838,8,CamaID: 0131-0035-0000,391 MILLER AVE,489345,08178-0131-0035-0000,0131-0035-0000,320.101893886104,11,183230,4638.43489822658
Portsmouth,,204,0133-0024-0000,178,34,,14,178-53806,8,CamaID: 0133-0024-0002,523 UNION ST #2,489346,08178-0133-0024-0000,0133-0024-0002,418.361167451466,14,183231,8967.99003055662
Portsmouth,,206,0131-0013-0000,178,36,,14,178-33843,8,CamaID: 0131-0013-0003,224 BROAD ST #3,489347,08178-0131-0013-0000,0131-0013-0003,1063.82386459711,14,183232,32874.2367981725
Portsmouth,,103B,0133-0023-0000,178,5,,11,178-33917,8,CamaID: 0133-0023-0000,499 UNION ST,489348,08178-0133-0023-0000,0133-0023-0000,250.840320271916,11,183233,3809.84590848038
Portsmouth,,103A,0112-0004-0000,178,4,,57,178-33280,8,CamaID: 0112-0004-0000,508 RICHARDS AVE,489349,08178-0112-0004-0000,0112-0004-0000,315.696869813726,57,183234,5971.25227750215
Portsmouth,,103B,0131-0034-0000,178,5,,12,178-33837,8,CamaID: 0131-0034-0000,383 MILLER AVE,489350,08178-0131-0034-0000,0131-0034-0000,439.145777587165,12,183235,11243.3031269411
Portsmouth,,103B,0206-0036-0000,178,5,,57,178-35317,8,CamaID: 0206-0036-0000,SOUTH ST,489351,08178-0206-0036-0000,0206-0036-0000,2844.72598210896,57,183236,457462.392194748
Portsmouth,,103B,0133-0017-0000,178,5,,11,178-33912,8,CamaID: 0133-0017-0000,130 SPRING ST,489352,08178-0133-0017-0000,0133-0017-0000,583.637562329167,11,183237,17873.5608970275
Portsmouth,,103B,0133-0016-0000,178,5,,11,178-33911,8,CamaID: 0133-0016-0000,126 SPRING ST,489353,08178-0133-0016-0000,0133-0016-0000,514.510288156471,11,183238,11373.4752889808
Portsmouth,,103A,0112-0005-0000,178,4,,11,178-33281,8,CamaID: 0112-0005-0000,480 RICHARDS AVE,489354,08178-0112-0005-0000,0112-0005-0000,394.335593818119,11,183239,8074.20059044088
Portsmouth,,304,0133-0015-000A,178,59,,57,178-33948,8,CamaID: 0133-0015-000A,108 SPRING ST,489355,08178-0133-0015-000A,0133-0015-000A,497.952822047213,57,183240,9954.84396919289
Portsmouth,,304,0131-0033-0000,178,59,,57,178-33836,8,CamaID: 0131-0033-0000,361 MILLER AVE,489356,08178-0131-0033-0000,0131-0033-0000,413.779938078076,57,183241,9850.52662087233
Portsmouth,,304,0206-0035-0000,178,59,,27,178-35319,8,CamaID: 0206-0035-0000,SOUTH ST,489357,08178-0206-0035-0000,0206-0035-0000,916.141029099944,27,183242,37275.3127245326
Portsmouth,,103B,0131-0027-0000,178,5,,11,178-33830,8,CamaID: 0131-0027-0000,336 MILLER AVE,489358,08178-0131-0027-0000,0131-0027-0000,439.407371551658,11,183243,11047.9896238061
Portsmouth,,103B,0131-0032-0000,178,5,,11,178-33835,8,CamaID: 0131-0032-0000,353 MILLER AVE,489359,08178-0131-0032-0000,0131-0032-0000,359.522823056374,11,183244,6434.90494331149
Portsmouth,,103B,0133-0014-0000,178,5,,12,178-33909,8,CamaID: 0133-0014-0000,208 BROAD ST,489360,08178-0133-0014-0000,0133-0014-0000,462.417668690698,12,183245,11970.1324464504
Portsmouth,,206,0131-0014-0000,178,36,,14,178-33844,8,CamaID: 0131-0014-0001,227 BROAD ST #1,489361,08178-0131-0014-0000,0131-0014-0001,458.937023837601,14,183246,11933.982730058
Portsmouth,,103B,0133-0006-0000,178,5,,11,178-33901,8,CamaID: 0133-0006-0000,31 WILLOW LN,489362,08178-0133-0006-0000,0133-0006-0000,297.895207347353,11,183247,4894.13151254621
Portsmouth,,103A,0112-0060-0000,178,4,,11,178-51644,8,CamaID: 0112-0060-0000,470 RICHARDS AVE,489363,08178-0112-0060-0000,0112-0060-0000,462.086419103785,11,183248,13095.5816645158
Portsmouth,,304,0135-0002-0000,178,59,,13,178-34015,8,CamaID: 0135-0002-0000,411 MIDDLE ST,489364,08178-0135-0002-0000,0135-0002-0000,603.974211233021,13,183249,20193.0575678172
Portsmouth,,105,0135-0047-0000,178,7,,12,178-34055,8,CamaID: 0135-0047-0000,24 CABOT ST,489365,08178-0135-0047-0000,0135-0047-0000,400.584600450297,12,183250,7585.9547056632
Portsmouth,,105,0135-0048-0000,178,7,,11,178-34056,8,CamaID: 0135-0048-0000,34 CABOT ST,489366,08178-0135-0048-0000,0135-0048-0000,359.646502074286,11,183251,6164.82232983069
Portsmouth,,105,0135-0049-0000,178,7,,11,178-34057,8,CamaID: 0135-0049-0000,42 CABOT ST,489367,08178-0135-0049-0000,0135-0049-0000,363.666504601881,11,183252,3865.25803750239
Portsmouth,,105,0146-0017-0000,178,7,,12,178-34498,8,CamaID: 0146-0017-0000,194 MADISON ST,489368,08178-0146-0017-0000,0146-0017-0000,204.318358000315,12,183253,2488.47122165354
Portsmouth,,105,0135-0050-0000,178,7,,12,178-34058,8,CamaID: 0135-0050-0000,46 CABOT ST,489369,08178-0135-0050-0000,0135-0050-0000,256.589820106993,12,183254,2983.37777348294
Portsmouth,,105,0145-0059-0000,178,7,,11,178-34421,8,CamaID: 0145-0059-0000,273 AUSTIN ST,489370,08178-0145-0059-0000,0145-0059-0000,221.030517763039,11,183255,3011.13580179159
Portsmouth,,304,0146-0002-0000,178,59,,13,178-37777,8,CamaID: 0146-0002-0000,940 STATE ST,489371,08178-0146-0002-0000,0146-0002-0000,576.988572343141,13,183256,20033.3897969535
Portsmouth,,105,0136-0042-0000,178,7,,11,178-34119,8,CamaID: 0136-0042-0000,25 CABOT ST,489372,08178-0136-0042-0000,0136-0042-0000,210.247367319971,11,183257,2068.0639803948
Portsmouth,,105,0135-0051-0000,178,7,,11,178-34059,8,CamaID: 0135-0051-0000,54 CABOT ST,489373,08178-0135-0051-0000,0135-0051-0000,368.256220095259,11,183258,6733.85080092711
Portsmouth,,103B,0136-0021-0000,178,5,,11,178-34101,8,CamaID: 0136-0021-0000,404 MIDDLE ST,489374,08178-0136-0021-0000,0136-0021-0000,421.300082191838,11,183259,10783.4973403271
Portsmouth,,105,0136-0040-0000,178,7,,11,178-34117,8,CamaID: 0136-0040-0000,31 CABOT ST,489375,08178-0136-0040-0000,0136-0040-0000,209.144503455832,11,183260,2281.57747035298
Portsmouth,,105,0145-0060-0000,178,7,,11,178-34422,8,CamaID: 0145-0060-0000,130 UNION ST,489376,08178-0145-0060-0000,0145-0060-0000,396.087003948416,11,183261,6876.63539856686
Portsmouth,,105,0156-0015-0000,178,7,,12,178-34858,8,CamaID: 0156-0015-0000,953 STATE ST,489377,08178-0156-0015-0000,0156-0015-0000,368.620323894178,12,183262,8397.39508669181
Portsmouth,,105,0146-0001-0000,178,7,,12,178-34483,8,CamaID: 0146-0001-0000,918 STATE ST,489378,08178-0146-0001-0000,0146-0001-0000,280.866478822001,12,183263,4851.7870427872
Portsmouth,,105,0145-0061-0000,178,7,,11,178-34423,8,CamaID: 0145-0061-0000,120 UNION ST,489379,08178-0145-0061-0000,0145-0061-0000,305.604163135355,11,183264,4843.5959040645
Portsmouth,,105,0135-0057-0000,178,7,,11,178-34065,8,CamaID: 0135-0057-0000,74 CABOT ST,489380,08178-0135-0057-0000,0135-0057-0000,251.515892259864,11,183265,3517.31922362388
Portsmouth,,105,0145-0071-0000,178,7,,12,178-34431,8,CamaID: 0145-0071-0000,257 AUSTIN ST,489381,08178-0145-0071-0000,0145-0071-0000,264.84164283733,12,183266,4323.42195940317
Portsmouth,,204,0145-0062-0000,178,34,,14,178-34471,8,CamaID: 0145-0062-0001,110 UNION ST #1,489382,08178-0145-0062-0000,0145-0062-0001,299.700616425118,14,183267,4817.7745137944
Portsmouth,,105,0136-0038-0000,178,7,,12,178-34116,8,CamaID: 0136-0038-0000,39 CABOT ST,489383,08178-0136-0038-0000,0136-0038-0000,384.539475133246,12,183268,7866.31804810261
Portsmouth,,133,0251-0122-0000,178,29,,11,178-31168,8,CamaID: 0251-0122-0000,10 ELWYN RD,489384,08178-0251-0122-0000,0251-0122-0000,324.121211590574,11,183269,6784.53612465365
Portsmouth,,110,0225-0032-0000,178,10,,11,178-30027,8,CamaID: 0225-0032-0000,1 REGINA RD,489385,08178-0225-0032-0000,0225-0032-0000,881.656109040209,11,183270,47420.5697310974
Portsmouth,,110,0225-0025-0000,178,10,,11,178-30020,8,CamaID: 0225-0025-0000,4 REGINA RD,489386,08178-0225-0025-0000,0225-0025-0000,1034.63458359059,11,183271,61145.5760013045
Portsmouth,,133,0225-0006-0000,178,29,,11,178-30002,8,CamaID: 0225-0006-0000,913 ELWYN RD,489387,08178-0225-0006-0000,0225-0006-0000,1041.92603428211,11,183272,46531.3802140661
Portsmouth,,104,0166-0025-0000,178,6,,11,178-35159,8,CamaID: 0166-0025-0000,146 THAXTER RD,489388,08178-0166-0025-0000,0166-0025-0000,435.78985624851,11,183273,9269.74569718221
Portsmouth,,104,0153-0010-0000,178,6,,11,178-34806,8,CamaID: 0153-0010-0000,31 BOSS AVE,489389,08178-0153-0010-0000,0153-0010-0000,416.651319073504,11,183274,10594.9883229711
Portsmouth,,104,0166-0026-0000,178,6,,11,178-35160,8,CamaID: 0166-0026-0000,122 THAXTER RD,489390,08178-0166-0026-0000,0166-0026-0000,377.388860416923,11,183275,7068.2280024976
Portsmouth,,104,0153-0016-0000,178,6,,11,178-34812,8,CamaID: 0153-0016-0000,55 SUNSET RD,489391,08178-0153-0016-0000,0153-0016-0000,349.030924715621,11,183276,7445.33302198824
Portsmouth,,104,0166-0033-0000,178,6,,11,178-35166,8,CamaID: 0166-0033-0000,98 THAXTER RD,489392,08178-0166-0033-0000,0166-0033-0000,349.921111862744,11,183277,7495.17422889247
Portsmouth,,104,0153-0024-0000,178,6,,11,178-34820,8,CamaID: 0153-0024-0000,2 JOFFRE TER,489393,08178-0153-0024-0000,0153-0024-0000,497.96725116396,11,183278,11576.3819454911
Portsmouth,,104,0153-0019-0000,178,6,,11,178-34815,8,CamaID: 0153-0019-0000,19 SUNSET RD,489394,08178-0153-0019-0000,0153-0019-0000,357.534280506862,11,183279,7782.2847092089
Portsmouth,,104,0170-0013-0000,178,6,,11,178-35236,8,CamaID: 0170-0013-0000,42 SEWALL RD,489395,08178-0170-0013-0000,0170-0013-0000,382.660658337414,11,183280,9227.11620378517
Portsmouth,,104,0166-0023-0000,178,6,,11,178-35157,8,CamaID: 0166-0023-0000,38 FELLS RD,489396,08178-0166-0023-0000,0166-0023-0000,381.788439494694,11,183281,8742.07375278953
Portsmouth,,104,0167-0002-0000,178,6,,11,178-35185,8,CamaID: 0167-0002-0000,201 THAXTER RD,489397,08178-0167-0002-0000,0167-0002-0000,384.501414408391,11,183282,9191.98828064657
Portsmouth,,104,0167-0001-0000,178,6,,11,178-35184,8,CamaID: 0167-0001-0000,76 SUNSET RD,489398,08178-0167-0001-0000,0167-0001-0000,369.875867598279,11,183283,7831.27666567229
Portsmouth,,133,0225-0034-0000,178,29,,11,178-30029,8,CamaID: 0225-0034-0000,1380 ELWYN RD,489399,08178-0225-0034-0000,0225-0034-0000,800.897059617357,11,183284,39240.1370183508
Portsmouth,,110,0225-0033-0000,178,10,,11,178-30028,8,CamaID: 0225-0033-0000,14 REGINA RD,489400,08178-0225-0033-0000,0225-0033-0000,661.607372445215,11,183285,27906.4412549372
Portsmouth,,110,0225-0024-0000,178,10,,11,178-30019,8,CamaID: 0225-0024-0000,2 REGINA RD,489401,08178-0225-0024-0000,0225-0024-0000,2630.70476602913,11,183286,135639.851761902
Portsmouth,,133,0225-0019-0000,178,29,,11,178-30014,8,CamaID: 0225-0019-0000,1590 ELWYN RD,489402,08178-0225-0019-0000,0225-0019-0000,1421.39662856544,11,183287,72089.6214727482
Portsmouth,,113,0225-0013-0000,178,13,,11,178-30008,8,CamaID: 0225-0013-0000,33 GOSPORT RD,489403,08178-0225-0013-0000,0225-0013-0000,2724.72433945614,11,183288,315827.60562007
Portsmouth,,133,0225-0012-0000,178,29,,11,178-30007,8,CamaID: 0225-0012-0000,1475 ELWYN RD,489404,08178-0225-0012-0000,0225-0012-0000,833.339810802789,11,183289,43531.2229342305
Portsmouth,,113,0225-0013-0001,178,13,,11,178-30039,8,CamaID: 0225-0013-0001,43 GOSPORT RD,489405,08178-0225-0013-0001,0225-0013-0001,1393.07882802648,11,183290,60110.7000557582
Portsmouth,,113,0225-0013-0002,178,13,,11,178-30040,8,CamaID: 0225-0013-0002,55 GOSPORT RD,489406,08178-0225-0013-0002,0225-0013-0002,1252.64684072452,11,183291,66001.2409423586
Portsmouth,,113,0225-0013-0009,178,13,,11,178-30047,8,CamaID: 0225-0013-0009,34 GOSPORT RD,489407,08178-0225-0013-0009,0225-0013-0009,1861.07322773796,11,183292,104044.758626945
Portsmouth,,113,0225-0013-0008,178,13,,11,178-30046,8,CamaID: 0225-0013-0008,50 GOSPORT RD,489408,08178-0225-0013-0008,0225-0013-0008,1054.97543980127,11,183293,47507.4059065005
Portsmouth,,113,0225-0013-0003,178,13,,11,178-30041,8,CamaID: 0225-0013-0003,69 GOSPORT RD,489409,08178-0225-0013-0003,0225-0013-0003,1147.76133515051,11,183294,62354.9871192791
Portsmouth,,113,0224-0010-0032,178,13,,11,178-35437,8,CamaID: 0224-0010-0032,163 ODIORNE POINT RD,489410,08178-0224-0010-0032,0224-0010-0032,1044.88065269983,11,183295,56382.0255789622
Portsmouth,,113,0225-0013-0007,178,13,,11,178-30045,8,CamaID: 0225-0013-0007,66 GOSPORT RD,489411,08178-0225-0013-0007,0225-0013-0007,981.022564890733,11,183296,43546.5186322
Portsmouth,,113,0224-0010-0031,178,13,,11,178-35436,8,CamaID: 0224-0010-0031,175 ODIORNE POINT RD,489412,08178-0224-0010-0031,0224-0010-0031,1126.47190112059,11,183297,69483.019574967
Portsmouth,,113,0225-0013-0004,178,13,,11,178-30042,8,CamaID: 0225-0013-0004,81 GOSPORT RD,489413,08178-0225-0013-0004,0225-0013-0004,1097.74702141747,11,183298,56397.7641579797
Portsmouth,,113,0224-0010-0030,178,13,,11,178-29996,8,CamaID: 0224-0010-0030,193 ODIORNE POINT RD,489414,08178-0224-0010-0030,0224-0010-0030,942.020064210581,11,183299,49323.5209186722
Portsmouth,,104,0166-0020-0000,178,6,,11,178-35154,8,CamaID: 0166-0020-0000,176 THAXTER RD,489415,08178-0166-0020-0000,0166-0020-0000,379.032452698365,11,183300,8781.49539267542
Portsmouth,,115,0268-0099-0006,178,15,,11,178-31627,8,CamaID: 0268-0099-0006,6 PHEASANT LN,489416,08178-0268-0099-0006,0268-0099-0006,552.067385109356,11,183301,15773.7244107632
Portsmouth,,113,0224-0010-0026,178,13,,11,178-35432,8,CamaID: 0224-0010-0026,180 ODIORNE POINT RD,489417,08178-0224-0010-0026,0224-0010-0026,839.445670642227,11,183302,43610.1395688444
Portsmouth,,113,0224-0010-0036,178,13,,11,178-35441,8,CamaID: 0224-0010-0036,101 ODIORNE POINT RD,489418,08178-0224-0010-0036,0224-0010-0036,1107.90348446667,11,183303,62589.4189919119
Portsmouth,,113,0225-0013-0006,178,13,,11,178-30044,8,CamaID: 0225-0013-0006,92 GOSPORT RD,489419,08178-0225-0013-0006,0225-0013-0006,982.280129392649,11,183304,43827.3739207364
Portsmouth,,113,0224-0010-0029,178,13,,11,178-35434,8,CamaID: 0224-0010-0029,205 ODIORNE POINT RD,489420,08178-0224-0010-0029,0224-0010-0029,874.176456559646,11,183305,43938.820201489
Portsmouth,,113,0224-0010-0037,178,13,,11,178-35442,8,CamaID: 0224-0010-0037,89 ODIORNE POINT RD,489421,08178-0224-0010-0037,0224-0010-0037,1040.28966935476,11,183306,51071.1870545259
Portsmouth,,113,0224-0010-0038,178,13,,11,178-35443,8,CamaID: 0224-0010-0038,75 ODIORNE POINT RD,489422,08178-0224-0010-0038,0224-0010-0038,984.847689116136,11,183307,47392.0724917207
Portsmouth,,113,0225-0013-0005,178,13,,11,178-30043,8,CamaID: 0225-0013-0005,101 GOSPORT RD,489423,08178-0225-0013-0005,0225-0013-0005,1551.08409385913,11,183308,93747.611604491
Portsmouth,73,101,0101-0023-0000,178,2,,11,178-32819,8,CamaID: 0101-0023-0000,180 NEW CASTLE AVE,489424,08178-0101-0023-0000,0101-0023-0000,305.726813621044,11-73,183309,4414.60159671901
Portsmouth,,208,0106-0055-0000,178,38,,14,178-33116,8,CamaID: 0106-0055-0003,109-111 BOW ST #3,489425,08178-0106-0055-0000,0106-0055-0003,331.11318485087,14,183310,6125.2066915012
Portsmouth,,305,0107-0046-0006,178,60,,27,178-37289,8,CamaID: 0107-0046-0006,STATE ST,489426,08178-0107-0046-0006,0107-0046-0006,126.909428629115,27,183311,1003.82501812957
Portsmouth,,204,0105-0018-0000,178,34,,14,178-52871,8,CamaID: 0105-0018-0302,77 STATE ST #302,489427,08178-0105-0018-0000,0105-0018-0302,438.892088808885,14,183312,11702.6440820517
Portsmouth,,307,0319-0000-0000,178,63,,57,178-38342,8,CamaID: 0319-0000-0000,PEASE BLVD,489428,08178-0319-0000-0000,0319-0000-0000,9537.91197849433,57,183313,1890350.40374088
Portsmouth,,103B,0130-0035-0000,178,5,,11,178-33785,8,CamaID: 0130-0035-0000,272 HIGHLAND ST,489429,08178-0130-0035-0000,0130-0035-0000,486.967441485443,11,183314,9834.58741636624
Portsmouth,,103B,0129-0009-0000,178,5,,11,178-33709,8,CamaID: 0129-0009-0000,282 ROCKLAND ST,489430,08178-0129-0009-0000,0129-0009-0000,304.376034741488,11,183315,5160.20643149085
Portsmouth,,204,0129-0001-0000,178,34,,14,178-33739,8,CamaID: 0129-0001-0001,160 ROCKLAND ST #1,489431,08178-0129-0001-0000,0129-0001-0001,372.904183998608,14,183316,8652.5944912735
Portsmouth,,123,0233-0014-0000,178,21,,11,178-30381,8,CamaID: 0233-0014-0000,3 MELBOURNE ST,489432,08178-0233-0014-0000,0233-0014-0000,393.523003698422,11,183317,9489.98095574725
Portsmouth,,304,0233-0004-0000,178,59,,57,178-30371,8,CamaID: 0233-0004-0000,1200 ISLINGTON ST,489433,08178-0233-0004-0000,0233-0004-0000,413.948624186714,57,183318,10692.0440955768
Portsmouth,,121,0260-0061-0000,178,20,,11,178-31316,8,CamaID: 0260-0061-0000,506 COLONIAL DR,489434,08178-0260-0061-0000,0260-0061-0000,333.225636477202,11,183319,6153.39832382651
Portsmouth,,121,0261-0072-0000,178,20,,11,178-31492,8,CamaID: 0261-0072-0000,237 HOLLY LN,489435,08178-0261-0072-0000,0261-0072-0000,386.894905797436,11,183320,10090.920744858
Portsmouth,,121,0261-0045-0000,178,20,,11,178-31465,8,CamaID: 0261-0045-0000,260 HOLLY LN,489436,08178-0261-0045-0000,0261-0045-0000,498.904205058658,11,183321,13565.3137937296
Portsmouth,,130,0212-0176-0000,178,26,,11,178-51200,8,CamaID: 0212-0176-0000,52 LAUREL COURT,489437,08178-0212-0176-0000,0212-0176-0000,295.041910152148,11,183322,5485.29809380368
Portsmouth,,118,0297-0009-0000,178,17,,11,178-32775,8,CamaID: 0297-0009-0000,3448 LAFAYETTE RD,489438,08178-0297-0009-0000,0297-0009-0000,399.260093967925,11,183323,9928.61375746451
Portsmouth,,301,0296-0011-0000,178,56,,27,178-36004,8,CamaID: 0296-0011-0000,LAFAYETTE RD,489439,08178-0296-0011-0000,0296-0011-0000,2654.45678588225,27,183324,441563.826489537
Portsmouth,,103A,0130-0052-0000,178,4,,12,178-33802,8,CamaID: 0130-0052-0000,267 RICHARDS AVE,489440,08178-0130-0052-0000,0130-0052-0000,475.48863778379,12,183325,9909.39400505778
Portsmouth,,103A,0113-0023-0000,178,4,,11,178-33359,8,CamaID: 0113-0023-0000,50 ELWYN AVE,489441,08178-0113-0023-0000,0113-0023-0000,250.8998167309,11,183326,3792.23047280748
Portsmouth,,103A,0113-0024-0000,178,4,,12,178-33360,8,CamaID: 0113-0024-0000,40 ELWYN AVE,489442,08178-0113-0024-0000,0113-0024-0000,229.226165324707,12,183327,3233.86352013697
Portsmouth,,307,0309-0004-0000,178,63,,45,178-37876,8,CamaID: 0309-0004-0001,205 FLIGHT LINE RD,489443,08178-0309-0004-0000,0309-0004-0001,586.003382132106,45,183328,12532.5345264475
Portsmouth,,307,0319-0002-0000,178,63,,45,178-37913,8,CamaID: 0319-0002-0000,72 PEASE BLVD,489444,08178-0319-0002-0000,0319-0002-0000,4264.02922744635,45,183329,983142.45949113
Portsmouth,,307,0313-0015-0000,178,63,,57,178-38399,8,CamaID: 0313-0015-0000,INTERNATIONAL DR,489445,08178-0313-0015-0000,0313-0015-0000,1055.72684298872,57,183330,68334.5158876878
Portsmouth,,130,0212-0058-0000,178,26,,11,178-28889,8,CamaID: 0212-0058-0000,53 SARATOGA WAY,489446,08178-0212-0058-0000,0212-0058-0000,233.586898240392,11,183331,2656.84571594475
Portsmouth,,303,0238-0020-0000,178,58,,33,178-35533,8,CamaID: 0238-0020-0000,100 ARTHUR F BRADY DR,489447,08178-0238-0020-0000,0238-0020-0000,1830.69094060611,33,183332,193591.789134559
Portsmouth,,301,0218-0024-0000,178,56,,23,178-35387,8,CamaID: 0218-0024-0000,HOLLY ST,489448,08178-0218-0024-0000,0218-0024-0000,745.445243335062,23,183333,27167.3418462475
Portsmouth,,307,0315-0007-0000,178,63,,57,178-38867,8,CamaID: 0315-0007-0000,OAK AVE,489449,08178-0315-0007-0000,0315-0007-0000,3068.82892213517,57,183334,504391.554155267
Portsmouth,,307,0315-0004-0000,178,63,,57,178-37905,8,CamaID: 0315-0004-0000,320 CORPORATE DR,489450,08178-0315-0004-0000,0315-0004-0000,3492.23805362406,57,183335,574257.362347979
Portsmouth,,130,0212-0013-0001,178,26,,11,178-38763,8,CamaID: 0212-0013-0001,25 CONCORD WAY,489451,08178-0212-0013-0001,0212-0013-0001,258.754255721459,11,183336,3560.94529977433
Portsmouth,,130,0212-0059-0001,178,26,,11,178-38865,8,CamaID: 0212-0059-0001,128 CONCORD WAY,489452,08178-0212-0059-0001,0212-0059-0001,218.038438203653,11,183337,2104.83567770117
Portsmouth,,204,0212-0170-0000,178,34,,14,178-38919,8,CamaID: 0212-0170-0001,25 ALBACORE WAY A #25A,489453,08178-0212-0170-0000,0212-0170-0001,628.713003328383,14,183338,20361.0648819846
Portsmouth,,307,0314-0001-0000,178,63,,44,178-38879,8,CamaID: 0314-0001-0000,177 CORPORATE DR,489454,08178-0314-0001-0000,0314-0001-0000,2055.53648939253,44,183339,218322.087133654
Portsmouth,,130,0212-0015-0001,178,26,,11,178-38547,8,CamaID: 0212-0015-0001,45 CONCORD WAY,489455,08178-0212-0015-0001,0212-0015-0001,252.001320030721,11,183340,3441.6508280149
Portsmouth,,130,0212-0014-0000,178,26,,11,178-28850,8,CamaID: 0212-0014-0000,37 CONCORD WAY,489456,08178-0212-0014-0000,0212-0014-0000,274.860799977487,11,183341,4261.60797407228
Portsmouth,,109,0207-0007-0000,178,9,,22,178-28663,8,CamaID: 0207-0007-0000,390 PLEASANT POINT DR,489457,08178-0207-0007-0000,0207-0007-0000,287.064230513037,22,183342,2384.31365992593
Portsmouth,,130,0212-0191-0000,178,26,,11,178-51185,8,CamaID: 0212-0191-0000,7 LAUREL COURT,489458,08178-0212-0191-0000,0212-0191-0000,343.295593000601,11,183343,6790.89130361489
Portsmouth,,301,0163-0003-0000,178,56,,57,178-35096,8,CamaID: 0163-0003-0000,138 BARTLETT ST,489459,08178-0163-0003-0000,0163-0003-0000,224.114340263571,57,183344,2878.95504955875
Portsmouth,,204,0156-0021-0000,178,34,,14,178-38894,8,CamaID: 0156-0021-0001,34 COLUMBIA ST #1,489460,08178-0156-0021-0000,0156-0021-0001,278.892246005677,14,183345,4526.22978567666
Portsmouth,,103B,0111-0032-0000,178,5,,11,178-33267,8,CamaID: 0111-0032-0000,39 MT VERNON ST,489461,08178-0111-0032-0000,0111-0032-0000,186.360094033112,11,183346,2020.67887443996
Portsmouth,,111,0201-0007-0000,178,11,,11,178-28567,8,CamaID: 0201-0007-0000,3 SAGAMORE GRV,489462,08178-0201-0007-0000,0201-0007-0000,476.301097601471,11,183347,13595.9594107083
Portsmouth,,112,0201-0011-0000,178,12,,22,178-28570,8,CamaID: 0201-0011-0000,WENTWORTH HOUSE RD,489463,08178-0201-0011-0000,0201-0011-0000,529.830385727297,22,183348,15064.9207554619
Portsmouth,70,102,0102-0057-0000,178,3,,11,178-32930,8,CamaID: 0102-0057-0000,1 WEBSTER WAY,489464,08178-0102-0057-0000,0102-0057-0000,444.359292395678,11-70,183349,10742.3597967907
Portsmouth,,202,0102-0055-0000,178,32,,14,178-52186,8,CamaID: 0102-0055-0003,428 PLEASANT ST #3,489465,08178-0102-0055-0000,0102-0055-0003,305.155608248056,14,183350,4527.47463301606
Portsmouth,,220,0217-0002-0000,178,49,,14,178-29121,8,CamaID: 0217-0002-0026,67 SPINNAKER WAY #67,489466,08178-0217-0002-0000,0217-0002-0026,7048.47846960102,14,183351,1101651.43380944
Portsmouth,,206,0130-0053-0000,178,36,,14,178-52229,8,CamaID: 0130-0053-0002,279 RICHARDS AVE #B,489467,08178-0130-0053-0000,0130-0053-0002,467.542216237941,14,183352,8730.00600839492
Portsmouth,,307,0308-0000-0000,178,63,,57,178-38355,8,CamaID: 0308-0000-0000,AVIATION AVE,489468,08178-0308-0000-0000,0308-0000-0000,3153.89432504012,57,183353,359599.652094045
Portsmouth,,103A,0113-0025-0000,178,4,,11,178-33361,8,CamaID: 0113-0025-0000,30 ELWYN AVE,489469,08178-0113-0025-0000,0113-0025-0000,223.833801965116,11,183354,3073.85698200584
Portsmouth,,103A,0113-0014-0000,178,4,,11,178-33350,8,CamaID: 0113-0014-0000,138 ROCKLAND ST,489470,08178-0113-0014-0000,0113-0014-0000,348.697487989324,11,183355,7408.24165820147
Portsmouth,,103A,0113-0013-0000,178,4,,11,178-33349,8,CamaID: 0113-0013-0000,122 ROCKLAND ST,489471,08178-0113-0013-0000,0113-0013-0000,346.711219558499,11,183356,7307.78950814284
Portsmouth,73,105,0115-0002-0000,178,7,,11,178-33388,8,CamaID: 0115-0002-0000,65 ROGERS ST,489472,08178-0115-0002-0000,0115-0002-0000,388.058243442262,11-73,183357,5301.70320238182
Portsmouth,,105,0116-0045-0000,178,7,,11,178-33404,8,CamaID: 0116-0045-0000,44 ROGERS ST,489473,08178-0116-0045-0000,0116-0045-0000,239.613318791527,11,183358,3380.68001926974
Portsmouth,,105,0115-0001-0000,178,7,,11,178-33387,8,CamaID: 0115-0001-0000,53 ROGERS ST,489474,08178-0115-0001-0000,0115-0001-0000,352.291469767028,11,183359,6948.94394988837
Portsmouth,,105,0116-0046-0000,178,7,,11,178-33405,8,CamaID: 0116-0046-0000,36 ROGERS ST,489475,08178-0116-0046-0000,0116-0046-0000,230.499279242465,11,183360,3075.5035894623
Portsmouth,,105,0116-0042-0000,178,7,,11,178-33401,8,CamaID: 0116-0042-0000,35 ROGERS ST,489476,08178-0116-0042-0000,0116-0042-0000,232.890586015256,11,183361,2984.98967136683
Portsmouth,,305,0115-0003-0000,178,60,,33,178-37971,8,CamaID: 0115-0003-0000,127 PARROTT AVE,489477,08178-0115-0003-0000,0115-0003-0000,838.758862622607,33,183362,41349.4385943718
Portsmouth,,105,0116-0041-0000,178,7,,11,178-33400,8,CamaID: 0116-0041-0000,27 ROGERS ST,489478,08178-0116-0041-0000,0116-0041-0000,230.900374347515,11,183363,2953.55205608402
Portsmouth,,105,0116-0040-0000,178,7,,12,178-33399,8,CamaID: 0116-0040-0000,19 ROGERS ST,489479,08178-0116-0040-0000,0116-0040-0000,230.320722866311,12,183364,2975.74561081683
Portsmouth,,201,0116-0047-0000,178,31,,14,178-52286,8,CamaID: 0116-0047-0006,98 COURT ST #6,489480,08178-0116-0047-0000,0116-0047-0006,334.57059287003,14,183365,5937.68548429017
Portsmouth,,102,0116-0022-0000,178,3,,12,178-37975,8,CamaID: 0116-0022-0000,105 COURT ST,489481,08178-0116-0022-0000,0116-0022-0000,283.014351050908,12,183366,5019.80146445098
Portsmouth,,102,0116-0023-0000,178,3,,11,178-33393,8,CamaID: 0116-0023-0000,115 COURT ST,489482,08178-0116-0023-0000,0116-0023-0000,201.548643587502,11,183367,2403.99361417794
Portsmouth,,102,0116-0037-0000,178,3,,11,178-37979,8,CamaID: 0116-0037-0000,152 COURT ST,489483,08178-0116-0037-0000,0116-0037-0000,181.133864969151,11,183368,2113.07448507699
Portsmouth,,102,0116-0024-0000,178,3,,11,178-37976,8,CamaID: 0116-0024-0000,96 CHESTNUT ST,489484,08178-0116-0024-0000,0116-0024-0000,189.41295391013,11,183369,2030.10076034035
Portsmouth,,304,0170-0003-0000,178,59,,27,178-37785,8,CamaID: 0170-0003-0000,192 SPINNEY RD,489485,08178-0170-0003-0000,0170-0003-0000,756.571173254141,27,183370,27547.1720929685
Portsmouth,,123,0233-0017-0000,178,21,,11,178-30384,8,CamaID: 0233-0017-0000,2 MELBOURNE ST,489486,08178-0233-0017-0000,0233-0017-0000,552.188716106374,11,183371,13052.924231492
Portsmouth,,123,0233-0005-0000,178,21,,11,178-30372,8,CamaID: 0233-0005-0000,1210 ISLINGTON ST,489487,08178-0233-0005-0000,0233-0005-0000,319.160674785887,11,183372,5544.74183117488
Portsmouth,,123,0233-0016-0000,178,21,,11,178-30383,8,CamaID: 0233-0016-0000,57 RUTLAND ST,489488,08178-0233-0016-0000,0233-0016-0000,332.763139738669,11,183373,6520.06950860965
Portsmouth,,303,0303-0008-0000,178,58,,44,178-50700,8,CamaID: 0303-0008-0000,121 CORPORATE DR,489491,08178-0303-0008-0000,0303-0008-0000,2672.52602488046,44,183374,280710.064385744
Portsmouth,,131,0162-0016-0000,178,27,,11,178-35046,8,CamaID: 0162-0016-0000,77 MEREDITH WAY,489492,08178-0162-0016-0000,0162-0016-0000,450.70490098754,11,183375,11198.9188879629
Portsmouth,70,113,0224-0010-0018,178,13,,11,178-29988,8,CamaID: 0224-0010-0018,340 ODIORNE POINT RD,489493,08178-0224-0010-0018,0224-0010-0018,1166.6605745006,11-70,183376,81066.3723487485
Portsmouth,,115,0269-0012-0000,178,15,,11,178-31641,8,CamaID: 0269-0012-0000,90 TJ GAMESTER AVE,489494,08178-0269-0012-0000,0269-0012-0000,610.435735885569,11,183377,22045.9458178174
Portsmouth,,115,0249-0013-0000,178,15,,11,178-30916,8,CamaID: 0249-0013-0000,500 FW HARTFORD DR,489495,08178-0249-0013-0000,0249-0013-0000,831.148293219347,11,183378,28226.6339684281
Portsmouth,,115,0269-0046-0000,178,15,,11,178-31672,8,CamaID: 0269-0046-0000,80 FW HARTFORD DR,489496,08178-0269-0046-0000,0269-0046-0000,812.510369820502,11,183379,30357.3968720457
Portsmouth,,307,0320-0000-0000,178,63,,57,178-38350,8,CamaID: 0320-0000-0000,FLIGHT LINE RD,489489,08178-0320-0000-0000,0320-0000-0000,69470.7458006335,57,183380,62712344.6715758
Portsmouth,,307,0303-0007-0000,178,63,,33,178-50701,8,CamaID: 0303-0007-0000,105 CORPORATE DR,489490,08178-0303-0007-0000,0303-0007-0000,2485.51716336568,33,183381,320753.577572201
Portsmouth,,115,0269-0013-0000,178,15,,11,178-31642,8,CamaID: 0269-0013-0000,80 TJ GAMESTER AVE,489497,08178-0269-0013-0000,0269-0013-0000,624.870943312241,11,183382,21015.7103207417
Portsmouth,,115,0269-0014-0000,178,15,,11,178-31643,8,CamaID: 0269-0014-0000,70 TJ GAMESTER AVE,489498,08178-0269-0014-0000,0269-0014-0000,665.713423547156,11,183383,23144.6930474952
Portsmouth,,115,0269-0047-0000,178,15,,11,178-31673,8,CamaID: 0269-0047-0000,70 FW HARTFORD DR,489499,08178-0269-0047-0000,0269-0047-0000,829.033940602039,11,183384,31386.9765129939
Portsmouth,,115,0269-0015-0000,178,15,,11,178-31644,8,CamaID: 0269-0015-0000,60 TJ GAMESTER AVE,489500,08178-0269-0015-0000,0269-0015-0000,695.85151598299,11,183385,24821.9960197361
Portsmouth,,115,0269-0021-0000,178,15,,60,178-38305,8,CamaID: 0269-0021-0000,FW HARTFORD DR,489501,08178-0269-0021-0000,0269-0021-0000,7615.39736146591,60,183386,688366.476971764
Portsmouth,,115,0269-0017-0000,178,15,,11,178-31645,8,CamaID: 0269-0017-0000,40 TJ GAMESTER AVE,489502,08178-0269-0017-0000,0269-0017-0000,702.180321822923,11,183387,25117.3678258481
Portsmouth,,115,0269-0018-0000,178,15,,11,178-31646,8,CamaID: 0269-0018-0000,30 TJ GAMESTER AVE,489503,08178-0269-0018-0000,0269-0018-0000,681.791645190518,11,183388,23874.1357039304
Portsmouth,,115,0269-0019-0000,178,15,,11,178-31647,8,CamaID: 0269-0019-0000,20 TJ GAMESTER AVE,489504,08178-0269-0019-0000,0269-0019-0000,652.533074600358,11,183389,22225.3732875546
Portsmouth,,115,0269-0020-0000,178,15,,11,178-31648,8,CamaID: 0269-0020-0000,10 TJ GAMESTER AVE,489505,08178-0269-0020-0000,0269-0020-0000,626.672234051535,11,183390,21761.1423352471
Portsmouth,,115,0269-0049-0000,178,15,,11,178-31674,8,CamaID: 0269-0049-0000,60 FW HARTFORD DR,489506,08178-0269-0049-0000,0269-0049-0000,828.537364732727,11,183391,31646.5779239428
Portsmouth,,115,0269-0011-0000,178,15,,11,178-31640,8,CamaID: 0269-0011-0000,95 TJ GAMESTER AVE,489507,08178-0269-0011-0000,0269-0011-0000,683.384524582205,11,183392,25062.0418310766
Portsmouth,,115,0269-0010-0000,178,15,,11,178-31639,8,CamaID: 0269-0010-0000,85 TJ GAMESTER AVE,489508,08178-0269-0010-0000,0269-0010-0000,689.561189413585,11,183393,24388.7713309324
Portsmouth,,115,0269-0009-0000,178,15,,11,178-31638,8,CamaID: 0269-0009-0000,65 TJ GAMESTER AVE,489509,08178-0269-0009-0000,0269-0009-0000,674.367194183924,11,183394,23427.5057793309
Portsmouth,,115,0269-0008-0000,178,15,,11,178-31637,8,CamaID: 0269-0008-0000,55 TJ GAMESTER AVE,489510,08178-0269-0008-0000,0269-0008-0000,670.930980426229,11,183395,23256.9947828863
Portsmouth,,115,0250-0093-0000,178,15,,11,178-31022,8,CamaID: 0250-0093-0000,520 FW HARTFORD DR,489511,08178-0250-0093-0000,0250-0093-0000,855.668283152015,11,183396,33945.3037180427
Portsmouth,,115,0269-0003-0000,178,15,,11,178-31633,8,CamaID: 0269-0003-0000,45 FW HARTFORD DR,489512,08178-0269-0003-0000,0269-0003-0000,680.922881709095,11,183397,26762.1334480564
Portsmouth,,115,0269-0006-0000,178,15,,11,178-31636,8,CamaID: 0269-0006-0000,35 TJ GAMESTER AVE,489513,08178-0269-0006-0000,0269-0006-0000,719.881053451751,11,183398,26255.5238776032
Portsmouth,,115,0249-0011-0000,178,15,,60,178-35668,8,CamaID: 0249-0011-0000,516 FW HARTFORD DR,489514,08178-0249-0011-0000,0249-0011-0000,3509.95610969504,60,183399,333395.640877154
Portsmouth,,115,0269-0005-0000,178,15,,11,178-31635,8,CamaID: 0269-0005-0000,25 TJ GAMESTER AVE,489515,08178-0269-0005-0000,0269-0005-0000,740.255478985724,11,183400,26574.2397706682
Portsmouth,,115,0269-0004-0000,178,15,,11,178-31634,8,CamaID: 0269-0004-0000,15 TJ GAMESTER AVE,489516,08178-0269-0004-0000,0269-0004-0000,777.727555414943,11,183401,28441.9298045276
Portsmouth,,115,0250-0094-0000,178,15,,11,178-31023,8,CamaID: 0250-0094-0000,515 FW HARTFORD DR,489517,08178-0250-0094-0000,0250-0094-0000,821.032683306756,11,183402,30302.6729183836
Portsmouth,,115,0269-0002-0000,178,15,,11,178-31632,8,CamaID: 0269-0002-0000,35 FW HARTFORD DR,489518,08178-0269-0002-0000,0269-0002-0000,800.932198160774,11,183403,33092.4533611107
Portsmouth,,115,0250-0088-0000,178,15,,11,178-31017,8,CamaID: 0250-0088-0000,570 FW HARTFORD DR,489519,08178-0250-0088-0000,0250-0088-0000,774.405378457073,11,183404,28823.4769090847
Portsmouth,,114,0251-0028-0000,178,14,,11,178-31074,8,CamaID: 0251-0028-0000,235 MCKINLEY RD,489520,08178-0251-0028-0000,0251-0028-0000,389.132082525331,11,183405,9901.21227976414
Portsmouth,,114,0250-0044-0000,178,14,,11,178-30973,8,CamaID: 0250-0044-0000,3 TRUMAN PL,489521,08178-0250-0044-0000,0250-0044-0000,384.40510624837,11,183406,9604.8198071157
Portsmouth,,114,0250-0047-0000,178,14,,11,178-30976,8,CamaID: 0250-0047-0000,302 MCKINLEY RD,489522,08178-0250-0047-0000,0250-0047-0000,421.533541465538,11,183407,11690.1196853596
Portsmouth,,114,0250-0022-0000,178,14,,11,178-30951,8,CamaID: 0250-0022-0000,11 VAN BUREN AVE,489523,08178-0250-0022-0000,0250-0022-0000,476.319953753784,11,183408,14547.9354088832
Portsmouth,,114,0250-0019-0000,178,14,,11,178-30948,8,CamaID: 0250-0019-0000,10 VAN BUREN AVE,489524,08178-0250-0019-0000,0250-0019-0000,395.589197423541,11,183409,10412.1033025956
Portsmouth,,114,0250-0045-0000,178,14,,11,178-30974,8,CamaID: 0250-0045-0000,12 HAYES PL,489525,08178-0250-0045-0000,0250-0045-0000,368.66948303,11,183410,8847.6751848866
Portsmouth,,114,0250-0024-0000,178,14,,11,178-30953,8,CamaID: 0250-0024-0000,299 MCKINLEY RD,489526,08178-0250-0024-0000,0250-0024-0000,375.747760783725,11,183411,8864.12642646165
Portsmouth,,114,0250-0025-0000,178,14,,11,178-30954,8,CamaID: 0250-0025-0000,303 MCKINLEY RD,489527,08178-0250-0025-0000,0250-0025-0000,363.552755866606,11,183412,8092.68493930161
Portsmouth,,114,0250-0042-0000,178,14,,11,178-30971,8,CamaID: 0250-0042-0000,306 MCKINLEY RD,489528,08178-0250-0042-0000,0250-0042-0000,387.071559081546,11,183413,9812.47040945065
Portsmouth,,114,0250-0013-0000,178,14,,11,178-30942,8,CamaID: 0250-0013-0000,26 HARRISON AVE,489529,08178-0250-0013-0000,0250-0013-0000,422.965382652705,11,183414,10615.275881017
Portsmouth,,114,0250-0035-0000,178,14,,11,178-30964,8,CamaID: 0250-0035-0000,4 TAYLOR LN,489530,08178-0250-0035-0000,0250-0035-0000,404.143963225415,11,183415,9207.35894980355
Portsmouth,,114,0250-0034-0000,178,14,,11,178-30963,8,CamaID: 0250-0034-0000,8 TAYLOR LN,489531,08178-0250-0034-0000,0250-0034-0000,387.127242090286,11,183416,9289.8355383457
Portsmouth,,114,0250-0041-0000,178,14,,11,178-30970,8,CamaID: 0250-0041-0000,310 MCKINLEY RD,489532,08178-0250-0041-0000,0250-0041-0000,382.221879681419,11,183417,9255.94432115178
Portsmouth,,114,0250-0007-0000,178,14,,11,178-30936,8,CamaID: 0250-0007-0000,9 VAN BUREN AVE,489533,08178-0250-0007-0000,0250-0007-0000,368.199033754068,11,183418,8850.8911104571
Portsmouth,,114,0251-0030-0000,178,14,,11,178-31076,8,CamaID: 0251-0030-0000,23 HARRISON AVE,489534,08178-0251-0030-0000,0251-0030-0000,480.85063018826,11,183419,12979.6593605753
Portsmouth,,114,0250-0033-0000,178,14,,11,178-30962,8,CamaID: 0250-0033-0000,12 TAYLOR LN,489535,08178-0250-0033-0000,0250-0033-0000,402.315686180997,11,183420,9469.94603026909
Portsmouth,,114,0250-0012-0000,178,14,,11,178-30941,8,CamaID: 0250-0012-0000,28 HARRISON AVE,489536,08178-0250-0012-0000,0250-0012-0000,396.013193010679,11,183421,10073.9878466006
Portsmouth,,114,0250-0038-0000,178,14,,11,178-30967,8,CamaID: 0250-0038-0000,2 HAYES PL,489537,08178-0250-0038-0000,0250-0038-0000,358.175530099516,11,183422,8372.46323979573
Portsmouth,,114,0250-0032-0000,178,14,,11,178-30961,8,CamaID: 0250-0032-0000,16 TAYLOR LN,489538,08178-0250-0032-0000,0250-0032-0000,388.096587001141,11,183423,9266.68324664967
Portsmouth,,114,0250-0008-0000,178,14,,11,178-30937,8,CamaID: 0250-0008-0000,21 CLEVELAND DR,489539,08178-0250-0008-0000,0250-0008-0000,491.074505696452,11,183424,12658.8594689921
Portsmouth,,115,0270-0019-0000,178,15,,11,178-31695,8,CamaID: 0270-0019-0000,330 FW HARTFORD DR,489540,08178-0270-0019-0000,0270-0019-0000,1133.00877899256,11,183425,78381.6615149883
Portsmouth,,115,0270-0017-0000,178,15,,22,178-31693,8,CamaID: 0270-0017-0000,350 FW HARTFORD DR,489541,08178-0270-0017-0000,0270-0017-0000,814.861536021273,22,183426,31382.8942879863
Portsmouth,,115,0270-0010-0000,178,15,,11,178-31686,8,CamaID: 0270-0010-0000,305 FW HARTFORD DR,489542,08178-0270-0010-0000,0270-0010-0000,673.785355180328,11,183427,22012.6606595992
Portsmouth,,115,0270-0011-0000,178,15,,11,178-31687,8,CamaID: 0270-0011-0000,335 FW HARTFORD DR,489543,08178-0270-0011-0000,0270-0011-0000,723.046862825887,11,183428,26066.4248480668
Portsmouth,,115,0270-0012-0000,178,15,,11,178-31688,8,CamaID: 0270-0012-0000,355 FW HARTFORD DR,489544,08178-0270-0012-0000,0270-0012-0000,725.885462239185,11,183429,24814.8653601203
Portsmouth,,103B,0149-0047-0000,178,5,,11,178-34649,8,CamaID: 0149-0047-0000,99 ORCHARD ST,489545,08178-0149-0047-0000,0149-0047-0000,302.879140512494,11,183430,5053.3750909936
Portsmouth,,133,0247-0002-0000,178,29,,11,178-30818,8,CamaID: 0247-0002-0000,606 ELWYN RD,489546,08178-0247-0002-0000,0247-0002-0000,445.842761766685,11,183431,12565.1913180736
Portsmouth,,133,0247-0003-0000,178,29,,11,178-35665,8,CamaID: 0247-0003-0000,604 ELWYN RD,489547,08178-0247-0003-0000,0247-0003-0000,429.876011614977,11,183432,10850.9053304435
Portsmouth,,114,0247-0045-0000,178,14,,11,178-30860,8,CamaID: 0247-0045-0000,1 HARDING RD,489548,08178-0247-0045-0000,0247-0045-0000,477.990965755513,11,183433,14477.0952819237
Portsmouth,,103B,0149-0046-0000,178,5,,11,178-34648,8,CamaID: 0149-0046-0000,109 ORCHARD ST,489549,08178-0149-0046-0000,0149-0046-0000,273.99918141689,11,183434,3230.99906407631
Portsmouth,,114,0247-0004-0000,178,14,,11,178-30819,8,CamaID: 0247-0004-0000,2 HARDING RD,489550,08178-0247-0004-0000,0247-0004-0000,398.540890965791,11,183435,10487.2210581651
Portsmouth,,128,0218-0021-0000,178,24,,11,178-29277,8,CamaID: 0218-0021-0000,373 KEARSARGE WAY,489551,08178-0218-0021-0000,0218-0021-0000,757.715511289551,11,183436,27794.1042841699
Portsmouth,,128,0218-0020-0000,178,24,,27,178-35385,8,CamaID: 0218-0020-0000,KEARSARGE WAY,489552,08178-0218-0020-0000,0218-0020-0000,651.28507493399,27,183437,16908.1724803606
Portsmouth,,128,0218-0019-0000,178,24,,27,178-35384,8,CamaID: 0218-0019-0000,OFF KEARSARGE WAY,489553,08178-0218-0019-0000,0218-0019-0000,1213.00349759582,27,183438,40089.9874076258
Portsmouth,,302,0142-0034-0000,178,57,,33,178-38021,8,CamaID: 0142-0034-0000,500 MAPLEWOOD AVE,489554,08178-0142-0034-0000,0142-0034-0000,1040.76750504148,33,183439,50332.429695501
Portsmouth,,128,0209-0063-0000,178,24,,11,178-28786,8,CamaID: 0209-0063-0000,102 LESLIE DR,489555,08178-0209-0063-0000,0209-0063-0000,436.428787224768,11,183440,7693.24335406342
Portsmouth,,128,0209-0081-0000,178,24,,11,178-28804,8,CamaID: 0209-0081-0000,38 LESLIE DR,489556,08178-0209-0081-0000,0209-0081-0000,407.912846718377,11,183441,9254.55248993945
Portsmouth,,128,0209-0082-0000,178,24,,11,178-28805,8,CamaID: 0209-0082-0000,12 LESLIE DR,489557,08178-0209-0082-0000,0209-0082-0000,343.557045830512,11,183442,7621.11634647764
Portsmouth,,304,0210-0002-0000,178,59,,57,178-38321,8,CamaID: 0210-0002-0000,200 CHASE DR,489558,08178-0210-0002-0000,0210-0002-0000,1904.23197283897,57,183443,116646.023964063
Portsmouth,,128,0210-0003-0000,178,24,,11,178-28811,8,CamaID: 0210-0003-0000,411 CUTTS AVE,489559,08178-0210-0003-0000,0210-0003-0000,285.73856519067,11,183444,5215.32054215207
Portsmouth,73,128,0210-0033-0000,178,24,,11,178-38454,8,CamaID: 0210-0033-0000,36 BRIGHAM LN,489560,08178-0210-0033-0000,0210-0033-0000,537.234995453193,11-73,183445,15214.1754128543
Portsmouth,,131,0141-0026-0000,178,27,,11,178-37551,8,CamaID: 0141-0026-0000,335 MAPLEWOOD AVE,489561,08178-0141-0026-0000,0141-0026-0000,402.586521887007,11,183446,6110.55649043294
Portsmouth,,131,0141-0022-0000,178,27,,11,178-34258,8,CamaID: 0141-0022-0000,377 MAPLEWOOD AVE,489562,08178-0141-0022-0000,0141-0022-0000,321.535770785921,11,183447,5276.69963999873
Portsmouth,,131,0142-0005-0000,178,27,,11,178-34280,8,CamaID: 0142-0005-0000,259 DENNETT ST,489563,08178-0142-0005-0000,0142-0005-0000,303.396062074979,11,183448,5247.12887559226
Portsmouth,,103B,0149-0045-0000,178,5,,11,178-34647,8,CamaID: 0149-0045-0000,115 ORCHARD ST,489564,08178-0149-0045-0000,0149-0045-0000,536.287765925346,11,183449,12323.190675939
Portsmouth,,103B,0149-0031-0000,178,5,,11,178-34633,8,CamaID: 0149-0031-0000,72 ORCHARD ST,489565,08178-0149-0031-0000,0149-0031-0000,326.415477122896,11,183450,5780.00562949826
Portsmouth,,103B,0149-0048-0000,178,5,,12,178-34650,8,CamaID: 0149-0048-0000,91 ORCHARD ST,489566,08178-0149-0048-0000,0149-0048-0000,298.562631612683,12,183451,5037.57990980144
Portsmouth,,103B,0149-0050-0000,178,5,,11,178-34652,8,CamaID: 0149-0050-0000,226 PARK ST,489567,08178-0149-0050-0000,0149-0050-0000,422.005621017539,11,183452,8735.92413847197
Portsmouth,,103B,0149-0020-0000,178,5,,11,178-34623,8,CamaID: 0149-0020-0000,67 WILLARD AVE,489568,08178-0149-0020-0000,0149-0020-0000,379.640654143515,11,183453,8548.34047437499
Portsmouth,,103B,0149-0034-0000,178,5,,11,178-34636,8,CamaID: 0149-0034-0000,1 ASH ST,489569,08178-0149-0034-0000,0149-0034-0000,327.852431780968,11,183454,5684.45329978357
Portsmouth,,103B,0149-0021-0000,178,5,,11,178-34624,8,CamaID: 0149-0021-0000,55 WILLARD AVE,489570,08178-0149-0021-0000,0149-0021-0000,321.606259127828,11,183455,5521.6014248513
Portsmouth,,103B,0149-0033-0000,178,5,,11,178-34635,8,CamaID: 0149-0033-0000,104 ORCHARD ST,489571,08178-0149-0033-0000,0149-0033-0000,328.422925937327,11,183456,5752.67435418275
Portsmouth,,103B,0149-0044-0000,178,5,,11,178-34646,8,CamaID: 0149-0044-0000,133 ORCHARD ST,489572,08178-0149-0044-0000,0149-0044-0000,431.620550105803,11,183457,11372.8076029689
Portsmouth,,206,0149-0029-0000,178,36,,14,178-34631,8,CamaID: 0149-0029-0002,48 ORCHARD ST #48,489573,08178-0149-0029-0000,0149-0029-0002,404.640248183936,14,183458,9375.60186332778
Portsmouth,,103B,0149-0008-0000,178,5,,12,178-34611,8,CamaID: 0149-0008-0000,47 ORCHARD ST,489574,08178-0149-0008-0000,0149-0008-0000,286.365053159148,12,183459,4984.91912253436
Portsmouth,,103B,0149-0028-0000,178,5,,11,178-34630,8,CamaID: 0149-0028-0000,42 ORCHARD ST,489575,08178-0149-0028-0000,0149-0028-0000,357.144874137183,11,183460,6387.63486593411
Portsmouth,,204,0149-0026-0000,178,34,,14,178-38638,8,CamaID: 0149-0026-0001,280 WIBIRD ST #1,489576,08178-0149-0026-0000,0149-0026-0001,396.437781557695,14,183461,7415.00532684834
Portsmouth,,103B,0149-0009-0000,178,5,,11,178-34612,8,CamaID: 0149-0009-0000,37 ORCHARD ST,489577,08178-0149-0009-0000,0149-0009-0000,281.311653604239,11,183462,4878.59027977095
Portsmouth,,103B,0149-0013-0000,178,5,,11,178-34616,8,CamaID: 0149-0013-0000,244 WIBIRD ST,489578,08178-0149-0013-0000,0149-0013-0000,376.80606017193,11,183463,8316.40781515146
Portsmouth,,103B,0149-0014-0000,178,5,,11,178-34617,8,CamaID: 0149-0014-0000,232 WIBIRD ST,489579,08178-0149-0014-0000,0149-0014-0000,464.021049506925,11,183464,11837.8353845245
Portsmouth,70,101,0102-0029-0000,178,2,,11,178-32904,8,CamaID: 0102-0029-0000,35 SALTER ST,489580,08178-0102-0029-0000,0102-0029-0000,323.190796162368,11-70,183465,5721.27530574922
Portsmouth,,105,0138-0009-0000,178,7,,11,178-34169,8,CamaID: 0138-0009-0000,446 HANOVER ST,489581,08178-0138-0009-0000,0138-0009-0000,181.346936087497,11,183466,1504.59099429633
Portsmouth,,105,0138-0002-0000,178,7,,12,178-34164,8,CamaID: 0138-0002-0000,27 ROCK ST,489582,08178-0138-0002-0000,0138-0002-0000,211.429464325541,12,183467,2790.59410935563
Portsmouth,,105,0138-0001-0000,178,7,,11,178-34163,8,CamaID: 0138-0001-0000,394 HANOVER ST,489583,08178-0138-0001-0000,0138-0001-0000,175.903194757907,11,183468,1762.56885571737
Portsmouth,70,101,0102-0028-0000,178,2,,11,178-32903,8,CamaID: 0102-0028-0000,13 SALTER ST,489584,08178-0102-0028-0000,0102-0028-0000,560.607135224627,11-70,183469,19440.8484705642
Portsmouth,,304,0102-0027-0000,178,59,,57,178-37175,8,CamaID: 0102-0027-0000,365 MARCY ST,489585,08178-0102-0027-0000,0102-0027-0000,165.031485181513,57,183470,1534.35990471454
Portsmouth,,131,0159-0039-0000,178,27,,11,178-34934,8,CamaID: 0159-0039-0000,111 STARK ST,489586,08178-0159-0039-0000,0159-0039-0000,407.927363845997,11,183471,7764.7185589048
Portsmouth,,131,0159-0038-0000,178,27,,11,178-34933,8,CamaID: 0159-0038-0000,107 STARK ST,489587,08178-0159-0038-0000,0159-0038-0000,387.772131069253,11,183472,6396.05339696757
Portsmouth,,131,0159-0023-0000,178,27,,11,178-34918,8,CamaID: 0159-0023-0000,105 BURKITT ST,489588,08178-0159-0023-0000,0159-0023-0000,305.072273684202,11,183473,5153.332317301
Portsmouth,,131,0161-0005-0000,178,27,,11,178-34991,8,CamaID: 0161-0005-0000,190 THORNTON ST,489589,08178-0161-0005-0000,0161-0005-0000,520.171282648534,11,183474,9355.19089643092
Portsmouth,,131,0159-0022-0000,178,27,,11,178-34917,8,CamaID: 0159-0022-0000,95 BURKITT ST,489590,08178-0159-0022-0000,0159-0022-0000,404.577256702234,11,183475,10174.1228851984
Portsmouth,,131,0159-0021-0000,178,27,,11,178-34916,8,CamaID: 0159-0021-0000,77 BURKITT ST,489591,08178-0159-0021-0000,0159-0021-0000,301.961716426761,11,183476,5048.06081510951
Portsmouth,,131,0159-0041-0000,178,27,,11,178-34936,8,CamaID: 0159-0041-0000,131 STARK ST,489592,08178-0159-0041-0000,0159-0041-0000,425.743278118328,11,183477,9208.49602789085
Portsmouth,,131,0159-0040-0000,178,27,,12,178-34935,8,CamaID: 0159-0040-0000,121 STARK ST,489593,08178-0159-0040-0000,0159-0040-0000,406.866991545084,12,183478,7659.74968642421
Portsmouth,,131,0159-0036-0000,178,27,,11,178-34931,8,CamaID: 0159-0036-0000,205 THORNTON ST,489594,08178-0159-0036-0000,0159-0036-0000,399.263924973898,11,183479,9504.70242942983
Portsmouth,,131,0162-0049-0000,178,27,,12,178-35077,8,CamaID: 0162-0049-0000,278 BARTLETT ST,489598,08178-0162-0049-0000,0162-0049-0000,468.212974710817,12,183480,11937.4763195011
Portsmouth,,131,0162-0051-0000,178,27,,11,178-35078,8,CamaID: 0162-0051-0000,290 BARTLETT ST,489599,08178-0162-0051-0000,0162-0051-0000,298.223112979636,11,183481,4986.02044910756
Portsmouth,,131,0175-0002-0000,178,27,,11,178-35283,8,CamaID: 0175-0002-0000,214 WOODBURY AVE,489600,08178-0175-0002-0000,0175-0002-0000,831.389650341033,11,183482,31059.3676436862
Portsmouth,,131,0175-0003-0000,178,27,,11,178-35284,8,CamaID: 0175-0003-0000,216 WOODBURY AVE,489601,08178-0175-0003-0000,0175-0003-0000,747.16125052903,11,183483,25252.1061323259
Portsmouth,,306,0203-0008-0000,178,62,,57,178-28611,8,CamaID: 0203-0008-0000,400 LITTLE HARBOR RD,489595,08178-0203-0008-0000,0203-0008-0000,6200.61467995439,57,183484,1590342.36516109
Portsmouth,,306,0204-0006-0000,178,62,,57,178-35309,8,CamaID: 0204-0006-0000,335 LITTLE HARBOR RD,489596,08178-0204-0006-0000,0204-0006-0000,1336.97619499503,57,183485,93957.1243623436
Portsmouth,,119,0217-0002-1821,178,18,,11,178-29244,8,CamaID: 0217-0002-1821,5 OSPREY DR,489597,08178-0217-0002-1821,0217-0002-1821,389.46510576685,11,183486,9285.28322083703
Portsmouth,,131,0161-0026-0000,178,27,,11,178-35012,8,CamaID: 0161-0026-0000,358 THORNTON ST,489602,08178-0161-0026-0000,0161-0026-0000,228.500006988064,11,183487,2677.44625676886
Portsmouth,,131,0161-0027-0000,178,27,,11,178-35013,8,CamaID: 0161-0027-0000,382 BARTLETT ST,489603,08178-0161-0027-0000,0161-0027-0000,209.070497799985,11,183488,2553.44657702225
Portsmouth,,131,0175-0007-0000,178,27,,11,178-35287,8,CamaID: 0175-0007-0000,273 WOODBURY AVE,489604,08178-0175-0007-0000,0175-0007-0000,369.010103725711,11,183489,7443.98669012357
Portsmouth,,131,0161-0028-0000,178,27,,11,178-35014,8,CamaID: 0161-0028-0000,390 BARTLETT ST,489605,08178-0161-0028-0000,0161-0028-0000,214.50622310826,11,183490,2724.4282577914
Portsmouth,,131,0161-0030-0000,178,27,,11,178-35016,8,CamaID: 0161-0030-0000,676 DENNETT ST,489606,08178-0161-0030-0000,0161-0030-0000,371.522609537457,11,183491,7856.00897005476
Portsmouth,,131,0161-0029-0000,178,27,,12,178-35015,8,CamaID: 0161-0029-0000,660 DENNETT ST,489607,08178-0161-0029-0000,0161-0029-0000,371.929103748639,12,183492,7910.5082355904
Portsmouth,,129,0219-0032-0000,178,25,,11,178-29328,8,CamaID: 0219-0032-0000,999 WOODBURY AVE,489608,08178-0219-0032-0000,0219-0032-0000,437.304918082674,11,183493,11082.4731009547
Portsmouth,,119,0217-0002-1823,178,18,,11,178-29246,8,CamaID: 0217-0002-1823,21 SANDERLING WAY,489609,08178-0217-0002-1823,0217-0002-1823,483.459383411981,11,183494,14009.4207093436
Portsmouth,,119,0217-0002-1822,178,18,,11,178-29245,8,CamaID: 0217-0002-1822,2 OSPREY DR,489610,08178-0217-0002-1822,0217-0002-1822,582.406593147326,11,183495,20732.3713646177
Portsmouth,,119,0217-0002-1820,178,18,,11,178-29243,8,CamaID: 0217-0002-1820,3 OSPREY DR,489611,08178-0217-0002-1820,0217-0002-1820,375.124629291336,11,183496,8854.89675845985
Portsmouth,,303,0239-0018-0000,178,58,,33,178-35547,8,CamaID: 0239-0018-0000,100 DURGIN LN,489612,08178-0239-0018-0000,0239-0018-0000,4974.94546659006,33,183497,729451.018299769
Portsmouth,,102,0102-0060-0000,178,3,,12,178-32933,8,CamaID: 0102-0060-0000,25-27 FRANKLIN ST,489613,08178-0102-0060-0000,0102-0060-0000,252.630983877901,12,183498,3982.29981045355
Portsmouth,,102,0102-0071-0000,178,3,,11,178-32944,8,CamaID: 0102-0071-0000,431 PLEASANT ST,489614,08178-0102-0071-0000,0102-0071-0000,202.479643466177,11,183499,2323.53131818279
Portsmouth,,303,0239-0007-0001,178,58,,33,178-35550,8,CamaID: 0239-0007-0001,50 DURGIN LN,489615,08178-0239-0007-0001,0239-0007-0001,2022.94817484804,33,183500,232903.479054228
Portsmouth,,304,0217-0002-1300,178,59,,13,178-38183,8,CamaID: 0217-0002-1300,8 OSPREY DR,489616,08178-0217-0002-1300,0217-0002-1300,4751.56617858045,13,183501,824043.937382543
Portsmouth,,204,0127-0008-0000,178,34,,14,178-53588,8,CamaID: 0127-0008-0005,180 MIDDLE ST #5,489617,08178-0127-0008-0000,0127-0008-0005,594.681960223315,14,183502,23814.4015875044
Portsmouth,,103B,0127-0009-0000,178,5,,11,178-33679,8,CamaID: 0127-0009-0000,160 MIDDLE ST,489618,08178-0127-0009-0000,0127-0009-0000,416.999624055861,11,183503,8862.26938498138
Portsmouth,,103B,0127-0010-0000,178,5,,11,178-33680,8,CamaID: 0127-0010-0000,152 MIDDLE ST,489619,08178-0127-0010-0000,0127-0010-0000,486.028941727592,11,183504,13145.4898427342
Portsmouth,70,131,0140-0002-0000,178,27,,11,178-34218,8,CamaID: 0140-0002-0000,41 DEARBORN ST,489620,08178-0140-0002-0000,0140-0002-0000,428.028277526316,11-70,183505,10214.0832197795
Portsmouth,,131,0140-0004-0000,178,27,,12,178-34220,8,CamaID: 0140-0004-0000,33 DEARBORN ST,489621,08178-0140-0004-0000,0140-0004-0000,265.848442996719,12,183506,4203.37692790545
Portsmouth,,304,0123-0002-0000,178,59,,57,178-33623,8,CamaID: 0123-0002-0000,248 MAPLEWOOD AVE,489622,08178-0123-0002-0000,0123-0002-0000,217.006553414931,57,183507,2899.53366342623
Portsmouth,,304,0123-0003-0000,178,59,,57,178-33624,8,CamaID: 0123-0003-0000,258 MAPLEWOOD AVE,489623,08178-0123-0003-0000,0123-0003-0000,261.035970779277,57,183508,3461.47466631795
Portsmouth,,131,0162-0053-0000,178,27,,11,178-35080,8,CamaID: 0162-0053-0000,314 BARTLETT ST,489624,08178-0162-0053-0000,0162-0053-0000,290.438210846914,11,183509,4586.99385166226
Portsmouth,,131,0162-0054-0000,178,27,,11,178-35081,8,CamaID: 0162-0054-0000,346 BARTLETT ST,489625,08178-0162-0054-0000,0162-0054-0000,316.496880868914,11,183510,5398.47902634232
Portsmouth,,131,0162-0013-0000,178,27,,11,178-35043,8,CamaID: 0162-0013-0000,303 BARTLETT ST,489626,08178-0162-0013-0000,0162-0013-0000,508.183217766763,11,183511,10185.3075465425
Portsmouth,,131,0162-0011-0000,178,27,,11,178-35041,8,CamaID: 0162-0011-0000,325 BARTLETT ST,489627,08178-0162-0011-0000,0162-0011-0000,292.312996797693,11,183512,3878.15260299982
Portsmouth,,131,0162-0009-0000,178,27,,11,178-35039,8,CamaID: 0162-0009-0000,339 BARTLETT ST,489628,08178-0162-0009-0000,0162-0009-0000,206.210938194901,11,183513,2250.03707988192
Portsmouth,,131,0162-0012-0000,178,27,,11,178-35042,8,CamaID: 0162-0012-0000,315 BARTLETT ST,489629,08178-0162-0012-0000,0162-0012-0000,445.979103817997,11,183514,9764.12330306308
Portsmouth,,131,0162-0010-0000,178,27,,11,178-35040,8,CamaID: 0162-0010-0000,333 BARTLETT ST,489630,08178-0162-0010-0000,0162-0010-0000,295.116870752353,11,183515,4051.82300948231
Portsmouth,,131,0162-0054-0001,178,27,,22,178-53106,8,CamaID: 0162-0054-0001,324 BARTLETT ST,489631,08178-0162-0054-0001,0162-0054-0001,300.554967484156,22,183516,5026.19524149866
Portsmouth,70,131,0140-0009-0000,178,27,,11,178-34224,8,CamaID: 0140-0009-0000,28 DENNETT ST,489632,08178-0140-0009-0000,0140-0009-0000,663.024145480975,11-70,183517,16742.6946993693
Portsmouth,,131,0140-0006-0000,178,27,,11,178-34222,8,CamaID: 0140-0006-0000,276 MAPLEWOOD AVE,489633,08178-0140-0006-0000,0140-0006-0000,234.802217257436,11,183518,3362.87593300082
Portsmouth,70,131,0140-0003-0000,178,27,,11,178-34219,8,CamaID: 0140-0003-0000,39 DEARBORN ST,489634,08178-0140-0003-0000,0140-0003-0000,539.677557751491,11-70,183519,11606.2403863609
Portsmouth,70,131,0140-0013-0000,178,27,,11,178-34228,8,CamaID: 0140-0013-0000,56 DENNETT ST,489635,08178-0140-0013-0000,0140-0013-0000,537.033733603477,11-70,183520,9143.46698302344
Portsmouth,,206,0140-0012-0000,178,36,,14,178-52226,8,CamaID: 0140-0012-0002,46 DENNETT ST #2,489636,08178-0140-0012-0000,0140-0012-0002,228.649205655315,14,183521,2774.22453954972
Portsmouth,70,131,0140-0011-0000,178,27,,11,178-34226,8,CamaID: 0140-0011-0000,42 DENNETT ST,489637,08178-0140-0011-0000,0140-0011-0000,629.458860135487,11-70,183522,13297.3178401102
Portsmouth,,131,0140-0005-0000,178,27,,11,178-34221,8,CamaID: 0140-0005-0000,21 DEARBORN ST,489638,08178-0140-0005-0000,0140-0005-0000,185.820088529888,11,183523,2142.34813001203
Portsmouth,,131,0140-0010-0000,178,27,,12,178-34225,8,CamaID: 0140-0010-0000,38 DENNETT ST,489639,08178-0140-0010-0000,0140-0010-0000,252.433920699901,12,183524,3478.69393546133
Portsmouth,,206,0141-0035-0000,178,36,,14,178-50290,8,CamaID: 0141-0035-0003,295 MAPLEWOOD AVE F #3,489640,08178-0141-0035-0000,0141-0035-0003,202.057227056389,14,183525,2322.72921016717
Portsmouth,,204,0141-0002-0000,178,34,,14,178-34273,8,CamaID: 0141-0002-0003,348 MAPLEWOOD AVE #3,489641,08178-0141-0002-0000,0141-0002-0003,413.139507099063,14,183526,10152.5459731734
Portsmouth,,131,0141-0036-0000,178,27,,12,178-34268,8,CamaID: 0141-0036-0000,287 MAPLEWOOD AVE,489642,08178-0141-0036-0000,0141-0036-0000,270.03418382935,12,183527,3930.25483315992
Portsmouth,,131,0141-0003-0000,178,27,,11,178-34240,8,CamaID: 0141-0003-0000,10 PROSPECT ST,489643,08178-0141-0003-0000,0141-0003-0000,433.952541468349,11,183528,11221.2572081529
Portsmouth,,131,0141-0017-0000,178,27,,12,178-34254,8,CamaID: 0141-0017-0000,21 PROSPECT ST,489644,08178-0141-0017-0000,0141-0017-0000,298.907787014012,12,183529,5420.22205169545
Portsmouth,,131,0141-0032-0000,178,27,,12,178-50720,8,CamaID: 0141-0032-0000,315  MAPLEWOOD AVE,489645,08178-0141-0032-0000,0141-0032-0000,364.503802719981,12,183530,7819.58332089133
Portsmouth,,204,0141-0018-0000,178,34,,14,178-38724,8,CamaID: 0141-0018-0006,9 PROSPECT ST #6,489646,08178-0141-0018-0000,0141-0018-0006,244.000707246244,14,183531,3525.9928618756
Portsmouth,,303,0239-0011-0000,178,58,,33,178-35542,8,CamaID: 0239-0011-0000,1980 WOODBURY AVE,489647,08178-0239-0011-0000,0239-0011-0000,774.063364023315,33,183532,38296.1623305792
Portsmouth,,303,0215-0005-0000,178,58,,57,178-35357,8,CamaID: 0215-0005-0000,GOSLING RD,489648,08178-0215-0005-0000,0215-0005-0000,199.774961918082,57,183533,2261.65359248842
Portsmouth,,101,0103-0012-0000,178,2,,11,178-32968,8,CamaID: 0103-0012-0000,235 MARCY ST,489649,08178-0103-0012-0000,0103-0012-0000,270.417851536744,11,183534,3476.01232738693
Portsmouth,73,101,0103-0002-0000,178,2,,11,178-32959,8,CamaID: 0103-0002-0000,209 MARCY ST,489650,08178-0103-0002-0000,0103-0002-0000,319.39232528614,11-73,183535,5589.85822710706
Portsmouth,,102,0109-0003-0000,178,3,,11,178-33196,8,CamaID: 0109-0003-0000,37 WHIDDEN ST,489651,08178-0109-0003-0000,0109-0003-0000,173.802893022431,11,183536,1774.19307353747
Portsmouth,73,102,0109-0002-0000,178,3,,11,178-33195,8,CamaID: 0109-0002-0000,43 WHIDDEN ST,489652,08178-0109-0002-0000,0109-0002-0000,207.432264965081,11-73,183537,2687.9816316566
Portsmouth,,102,0102-0064-0000,178,3,,11,178-32937,8,CamaID: 0102-0064-0000,28 WHIDDEN ST,489653,08178-0102-0064-0000,0102-0064-0000,200.88817300888,11,183538,2458.16826273162
Portsmouth,,102,0109-0004-0000,178,3,,11,178-33197,8,CamaID: 0109-0004-0000,19 WHIDDEN ST,489654,08178-0109-0004-0000,0109-0004-0000,283.909180657274,11,183539,4652.87888544559
Portsmouth,70,102,0109-0001-0000,178,3,,11,178-33194,8,CamaID: 0109-0001-0000,53 WHIDDEN ST,489655,08178-0109-0001-0000,0109-0001-0000,302.006140386278,11-70,183540,4492.1750954336
Portsmouth,70,102,0102-0066-0000,178,3,,11,178-32939,8,CamaID: 0102-0066-0000,50 WHIDDEN ST,489656,08178-0102-0066-0000,0102-0066-0000,293.951557748521,11-70,183541,4036.28213247868
Portsmouth,70,102,0102-0059-0000,178,3,,11,178-32932,8,CamaID: 0102-0059-0000,37 FRANKLIN ST,489657,08178-0102-0059-0000,0102-0059-0000,391.819015180422,11-70,183542,7966.07987448047
Portsmouth,,305,0102-0056-0000,178,60,,57,178-32929,8,CamaID: 0102-0056-0000,420 PLEASANT ST,489658,08178-0102-0056-0000,0102-0056-0000,301.46124711846,57,183543,4334.06132008756
Portsmouth,,102,0102-0070-0000,178,3,,11,178-32943,8,CamaID: 0102-0070-0000,425 PLEASANT ST,489659,08178-0102-0070-0000,0102-0070-0000,191.567131455463,11,183544,1713.24540320528
Portsmouth,,306,0201-0024-0000,178,62,,23,178-35301,8,CamaID: 0201-0024-0000,SAGAMORE AVE,489660,08178-0201-0024-0000,0201-0024-0000,283.87935338626,23,183545,4136.26496140023
Portsmouth,,306,0201-0023-0000,178,62,,23,178-35300,8,CamaID: 0201-0023-0000,SAGAMORE AVE,489661,08178-0201-0023-0000,0201-0023-0000,296.692243045414,23,183546,4687.99144399498
Portsmouth,,306,0201-0025-0000,178,62,,23,178-35302,8,CamaID: 0201-0025-0000,1160 SAGAMORE AVE,489662,08178-0201-0025-0000,0201-0025-0000,404.211449390515,23,183547,9905.69542114293
Portsmouth,,118,0298-0005-0000,178,17,,57,178-36024,8,CamaID: 0298-0005-0000,LAFAYETTE RD,489663,08178-0298-0005-0000,0298-0005-0000,3015.90565388541,57,183548,452711.086765654
Portsmouth,,129,0219-0033-0000,178,25,,11,178-29329,8,CamaID: 0219-0033-0000,955 WOODBURY AVE,489664,08178-0219-0033-0000,0219-0033-0000,665.212486645735,11,183549,26851.0686218852
Portsmouth,,304,0140-0008-0000,178,59,,57,178-34223,8,CamaID: 0140-0008-0000,12 DENNETT ST,489665,08178-0140-0008-0000,0140-0008-0000,539.33014320667,57,183550,9926.21556140211
Portsmouth,,103B,0149-0006-0000,178,5,,11,178-34609,8,CamaID: 0149-0006-0000,227 PARK ST,489666,08178-0149-0006-0000,0149-0006-0000,485.362706957385,11,183551,9077.68295820442
Portsmouth,,305A,0140-0007-0000,178,61,,33,178-37549,8,CamaID: 0140-0007-0000,304 MAPLEWOOD AVE,489667,08178-0140-0007-0000,0140-0007-0000,523.549860828091,33,183552,14412.017306475
Portsmouth,,206,0141-0037-0000,178,36,,14,178-38413,8,CamaID: 0141-0037-0002,273 MAPLEWOOD AVE #2,489668,08178-0141-0037-0000,0141-0037-0002,321.201619978856,14,183553,6438.19577809239
Portsmouth,,304,0123-0008-0000,178,59,,57,178-33629,8,CamaID: 0123-0008-0000,259 MAPLEWOOD AVE,489669,08178-0123-0008-0000,0123-0008-0000,417.210023224543,57,183554,8891.01821227191
Portsmouth,,105,0139-0005-0000,178,7,,11,178-34214,8,CamaID: 0139-0005-0000,72 LANGDON ST,489670,08178-0139-0005-0000,0139-0005-0000,158.440331142005,11,183555,1378.71649667588
Portsmouth,,305A,0139-0001-0000,178,61,,34,178-37548,8,CamaID: 0139-0001-0000,98 CORNWALL ST,489671,08178-0139-0001-0000,0139-0001-0000,622.45586031855,34,183556,18101.4610639939
Portsmouth,,105,0138-0040-0000,178,7,,11,178-34196,8,CamaID: 0138-0040-0000,68 MCDONOUGH ST,489672,08178-0138-0040-0000,0138-0040-0000,138.645068768068,11,183557,1093.005099043
Portsmouth,,105,0138-0039-0000,178,7,,11,178-34195,8,CamaID: 0138-0039-0000,64 MCDONOUGH ST,489673,08178-0138-0039-0000,0138-0039-0000,144.278948605363,11,183558,1216.76679118961
Portsmouth,,105,0138-0047-0000,178,7,,12,178-34199,8,CamaID: 0138-0047-0000,48 LANGDON ST #50,489674,08178-0138-0047-0000,0138-0047-0000,402.226870587008,12,183559,9619.76561630382
Portsmouth,,105,0139-0002-0000,178,7,,12,178-34211,8,CamaID: 0139-0002-0000,63 MCDONOUGH ST,489675,08178-0139-0002-0000,0139-0002-0000,203.653410941132,12,183560,2591.78060392536
Portsmouth,,305A,0138-0028-0000,178,61,,57,178-34185,8,CamaID: 0138-0028-0000,28 MCDONOUGH ST,489676,08178-0138-0028-0000,0138-0028-0000,205.494395955096,57,183561,2638.61325197907
Portsmouth,,105,0138-0027-0000,178,7,,11,178-34184,8,CamaID: 0138-0027-0000,18 MCDONOUGH ST,489677,08178-0138-0027-0000,0138-0027-0000,161.983670221504,11,183562,1505.86208189878
Portsmouth,,103B,0149-0055-0000,178,5,,11,178-34657,8,CamaID: 0149-0055-0000,94 MENDUM AVE,489678,08178-0149-0055-0000,0149-0055-0000,294.025037581989,11,183563,4774.81566345363
Portsmouth,,103B,0149-0007-0000,178,5,,11,178-34610,8,CamaID: 0149-0007-0000,75 ORCHARD ST,489679,08178-0149-0007-0000,0149-0007-0000,277.289701593366,11,183564,4496.54967284792
Portsmouth,,103B,0149-0051-0000,178,5,,11,178-34653,8,CamaID: 0149-0051-0000,212 PARK ST,489680,08178-0149-0051-0000,0149-0051-0000,572.717792695393,11,183565,12078.6438956653
Portsmouth,,305,0107-0042-0000,178,60,,33,178-37962,8,CamaID: 0107-0042-0000,30 PENHALLOW ST,489681,08178-0107-0042-0000,0107-0042-0000,604.029687175035,33,183566,17358.3864258727
Portsmouth,,305,0117-0007-0000,178,60,,57,178-33453,8,CamaID: 0117-0007-0000,168 FLEET ST,489682,08178-0117-0007-0000,0117-0007-0000,179.46586811426,57,183567,1611.35951697681
Portsmouth,,305,0117-0012-0000,178,60,,33,178-37983,8,CamaID: 0117-0012-0000,21 CONGRESS ST,489683,08178-0117-0012-0000,0117-0012-0000,711.856360160291,33,183568,23763.9896258214
Portsmouth,,305,0107-0027-0000,178,60,,33,178-37275,8,CamaID: 0107-0027-0000,60 PENHALLOW ST,489684,08178-0107-0027-0000,0107-0027-0000,649.906247664472,33,183569,23227.1989001207
Portsmouth,,305,0117-0021-0000,178,60,,57,178-37344,8,CamaID: 0117-0021-0000,9 MARKET SQ,489685,08178-0117-0021-0000,0117-0021-0000,138.16172852228,57,183570,1014.21057961347
Portsmouth,,305,0106-0014-0000,178,60,,33,178-37194,8,CamaID: 0106-0014-0000,1 MARKET ST,489686,08178-0106-0014-0000,0106-0014-0000,241.012787341635,33,183571,3413.17613854399
Portsmouth,,305,0106-0015-0000,178,60,,33,178-37230,8,CamaID: 0106-0015-0000,22 DANIEL ST,489687,08178-0106-0015-0000,0106-0015-0000,105.812304480389,33,183572,605.936363505311
Portsmouth,,305,0117-0022-0000,178,60,,33,178-37984,8,CamaID: 0117-0022-0000,10 MARKET SQ,489688,08178-0117-0022-0000,0117-0022-0000,184.122027488231,33,183573,2156.19511113004
Portsmouth,,305,0117-023A-0000,178,60,,33,178-37369,8,CamaID: 0117-023A-0000,16 MARKET ST,489689,08178-0117-023A-0000,0117-023A-0000,138.226162344807,33,183574,1058.61598254581
Portsmouth,,201,0117-0017-0000,178,31,,14,178-33462,8,CamaID: 0117-0017-0004,CONGRESS ST #4,489690,08178-0117-0017-0000,0117-0017-0004,444.955804906821,14,183575,9119.63070159809
Portsmouth,,118,0292-0176-0000,178,17,,11,178-32635,8,CamaID: 0292-0176-0000,33 MARIETTE DR,489691,08178-0292-0176-0000,0292-0176-0000,388.075852121432,11,183576,9705.5103897883
Portsmouth,,118,0292-0191-0000,178,17,,11,178-32650,8,CamaID: 0292-0191-0000,10 DENISE ST,489692,08178-0292-0191-0000,0292-0191-0000,390.405895927273,11,183577,9493.49831723132
Portsmouth,,118,0292-0200-0000,178,17,,11,178-32659,8,CamaID: 0292-0200-0000,7 DENISE ST,489693,08178-0292-0200-0000,0292-0200-0000,377.003348976385,11,183578,8881.57652919638
Portsmouth,,118,0292-0206-0000,178,17,,11,178-32665,8,CamaID: 0292-0206-0000,2 PAMELA ST,489694,08178-0292-0206-0000,0292-0206-0000,373.659404235767,11,183579,8840.97828177973
Portsmouth,,118,0292-0121-0000,178,17,,11,178-32583,8,CamaID: 0292-0121-0000,1 PAMELA ST,489695,08178-0292-0121-0000,0292-0121-0000,399.609896139646,11,183580,10213.8464289207
Portsmouth,,119,0292-0221-0000,178,18,,27,178-38139,8,CamaID: 0292-0221-0000,10 NATHANIEL DR,489696,08178-0292-0221-0000,0292-0221-0000,1635.23855683002,27,183581,159633.623251416
Portsmouth,,118,0292-0194-0000,178,17,,11,178-32653,8,CamaID: 0292-0194-0000,28 MARIETTE DR,489697,08178-0292-0194-0000,0292-0194-0000,399.094843364364,11,183582,10337.256145325
Portsmouth,,118,0292-0197-0000,178,17,,11,178-32656,8,CamaID: 0292-0197-0000,13 DENISE ST,489698,08178-0292-0197-0000,0292-0197-0000,392.820231642723,11,183583,9662.33225494883
Portsmouth,,118,0293-0001-0000,178,17,,11,178-32687,8,CamaID: 0293-0001-0000,35 MARIETTE DR,489699,08178-0293-0001-0000,0293-0001-0000,794.095579967173,11,183584,32238.1492646565
Portsmouth,,118,0292-0209-0000,178,17,,11,178-32668,8,CamaID: 0292-0209-0000,8 PAMELA ST,489700,08178-0292-0209-0000,0292-0209-0000,392.528882971272,11,183585,9488.74793744181
Portsmouth,,118,0292-0120-0000,178,17,,11,178-32582,8,CamaID: 0292-0120-0000,3 PAMELA ST,489701,08178-0292-0120-0000,0292-0120-0000,431.58405122175,11,183586,11785.9835861603
Portsmouth,,118,0292-0114-0000,178,17,,11,178-32576,8,CamaID: 0292-0114-0000,245 OCEAN RD,489702,08178-0292-0114-0000,0292-0114-0000,390.073463437528,11,183587,9920.51621581912
Portsmouth,,118,0292-0210-0000,178,17,,11,178-32669,8,CamaID: 0292-0210-0000,10 PAMELA ST,489703,08178-0292-0210-0000,0292-0210-0000,407.064815739354,11,183588,10290.3517877599
Portsmouth,,118,0292-0119-0000,178,17,,11,178-32581,8,CamaID: 0292-0119-0000,5 PAMELA ST,489704,08178-0292-0119-0000,0292-0119-0000,427.962940715323,11,183589,11481.8881006199
Portsmouth,,118,0292-0195-0000,178,17,,11,178-32654,8,CamaID: 0292-0195-0000,30 MARIETTE DR,489705,08178-0292-0195-0000,0292-0195-0000,371.572646712544,11,183590,8980.986563585
Portsmouth,,118,0292-0115-0000,178,17,,11,178-32577,8,CamaID: 0292-0115-0000,265 OCEAN RD,489706,08178-0292-0115-0000,0292-0115-0000,402.824090016712,11,183591,10138.1523743598
Portsmouth,,118,0293-0003-0000,178,17,,11,178-32688,8,CamaID: 0293-0003-0000,37 MARIETTE DR,489707,08178-0293-0003-0000,0293-0003-0000,781.940118169955,11,183592,29965.7995579934
Portsmouth,,118,0292-0118-0000,178,17,,11,178-32580,8,CamaID: 0292-0118-0000,7 PAMELA ST,489708,08178-0292-0118-0000,0292-0118-0000,393.428685200481,11,183593,9907.37876608689
Portsmouth,,302,0285-0001-0000,178,57,,13,178-32197,8,CamaID: 0285-0001-0000,1 FREEDOM CIR,489709,08178-0285-0001-0000,0285-0001-0000,6264.66304162787,13,183594,1255596.87771337
Portsmouth,,301,0165-0014-0000,178,56,,57,178-38066,8,CamaID: 0165-0014-0000,BARTLETT ST,489710,08178-0165-0014-0000,0165-0014-0000,7294.56174074598,57,183595,237974.152724943
Portsmouth,,,0,178,,,,,,,,489711,08178-0,,224.578431169973,,183596,9.26819986707139
Portsmouth,,303,0238-0020-0000,178,58,,33,178-35533,8,CamaID: 0238-0020-0000,100 ARTHUR F BRADY DR,489712,08178-0238-0020-0000,0238-0020-0000,3971.23817655062,33,183597,819731.364386371
Portsmouth,,120,0265-002E-0000,178,19,,27,178-31514,8,CamaID: 0265-002E-0000,BANFIELD RD,489713,08178-0265-002E-0000,0265-002E-0000,2491.22163171754,27,183598,231354.084247677
Portsmouth,,120,0265-0002-0000,178,19,,11,178-31511,8,CamaID: 0265-0002-0000,520 BANFIELD RD,489714,08178-0265-0002-0000,0265-0002-0000,2838.2927200604,11,183599,361224.343386145
Portsmouth,,301,0265-002C-0000,178,56,,57,178-35790,8,CamaID: 0265-002C-0000,500 BANFIELD RD,489715,08178-0265-002C-0000,0265-002C-0000,2527.74307850735,57,183600,181256.301129323
Portsmouth,,103B,0111-0012-0000,178,5,,12,178-33248,8,CamaID: 0111-0012-0000,332 SOUTH ST,489716,08178-0111-0012-0000,0111-0012-0000,351.831471342936,12,183601,7177.96397357217
Portsmouth,,103A,0112-0058-0000,178,4,,11,178-33334,8,CamaID: 0112-0058-0000,54 MCNABB CT,489717,08178-0112-0058-0000,0112-0058-0000,221.256010446742,11,183602,2828.25162708338
Portsmouth,,103B,0111-0011-0000,178,5,,11,178-33247,8,CamaID: 0111-0011-0000,320 SOUTH ST,489718,08178-0111-0011-0000,0111-0011-0000,557.825044906364,11,183603,15960.9852190638
Portsmouth,,103A,0111-0018-0000,178,4,,11,178-33254,8,CamaID: 0111-0018-0000,405 SOUTH ST,489719,08178-0111-0018-0000,0111-0018-0000,779.001767767177,11,183604,21758.4764822367
Portsmouth,,103B,0111-0023-0000,178,5,,12,178-33258,8,CamaID: 0111-0023-0000,297 SOUTH ST,489720,08178-0111-0023-0000,0111-0023-0000,324.333610874494,12,183605,5694.80365108622
Portsmouth,70,102,0109-0011-0000,178,3,,11,178-33200,8,CamaID: 0109-0011-0000,77 WENTWORTH ST,489721,08178-0109-0011-0000,0109-0011-0000,245.538510538356,11-70,183606,3504.09693380963
Portsmouth,,102,0109-0009-0000,178,3,,12,178-38086,8,CamaID: 0109-0009-0000,7 MELCHER ST,489722,08178-0109-0009-0000,0109-0009-0000,357.70892423354,12,183607,6146.26808510458
Portsmouth,,102,0109-0008-0000,178,3,,12,178-38087,8,CamaID: 0109-0008-0000,3 MELCHER ST,489723,08178-0109-0008-0000,0109-0008-0000,285.101660980195,12,183608,4026.9614339441
Portsmouth,,206,0148-0055-0000,178,36,,14,178-34600,8,CamaID: 0148-0055-0001,126 WIBIRD ST #1,489724,08178-0148-0055-0000,0148-0055-0001,328.740133442215,14,183609,6418.01000158361
Portsmouth,70,108,0109-0021-0000,178,8,,11,178-33206,8,CamaID: 0109-0021-0000,46 LIVERMORE ST,489725,08178-0109-0021-0000,0109-0021-0000,693.448867882956,11-70,183610,27107.8964427775
Portsmouth,,305,0109-0017-0000,178,60,,27,178-37724,8,CamaID: 0109-0017-0000,PLEASANT ST,489726,08178-0109-0017-0000,0109-0017-0000,990.206809242684,27,183611,27682.5587404561
Portsmouth,,131,0141-0033-0000,178,27,,12,178-34266,8,CamaID: 0141-0033-0000,1 MARSH LN,489727,08178-0141-0033-0000,0141-0033-0000,345.480730711514,12,183612,6246.34382552285
Portsmouth,,131,0141-0025-0000,178,27,,11,178-34261,8,CamaID: 0141-0025-0000,347 MAPLEWOOD AVE,489728,08178-0141-0025-0000,0141-0025-0000,280.116477023379,11,183613,4579.73503742369
Portsmouth,,304,0141-0031-0000,178,59,,60,178-38095,8,CamaID: 0141-0031-0000,NORTHWEST ST,489729,08178-0141-0031-0000,0141-0031-0000,638.771825585614,60,183614,13053.8113830428
Portsmouth,,304,0141-0024-0000,178,59,,57,178-34260,8,CamaID: 0141-0024-0000,357 MAPLEWOOD AVE,489730,08178-0141-0024-0000,0141-0024-0000,343.450120677123,57,183615,5931.45834179918
Portsmouth,,305,0117-0005-0000,178,60,,33,178-37982,8,CamaID: 0117-0005-0000,148 FLEET ST,489731,08178-0117-0005-0000,0117-0005-0000,537.361724098966,33,183616,17181.7419895803
Portsmouth,,305,0117-0006-0000,178,60,,57,178-33452,8,CamaID: 0117-0006-0000,154 FLEET ST,489732,08178-0117-0006-0000,0117-0006-0000,266.045592807324,57,183617,3862.86954258995
Portsmouth,,206,0133-0049-0000,178,36,,14,178-38320,8,CamaID: 0133-0049-0002,159 WIBIRD ST #2,489733,08178-0133-0049-0000,0133-0049-0002,372.547536368062,14,183618,8513.20711736279
Portsmouth,,103B,0133-0048-0000,178,5,,11,178-33942,8,CamaID: 0133-0048-0000,496 LINCOLN AVE,489734,08178-0133-0048-0000,0133-0048-0000,366.058990075372,11,183619,6762.82251233131
Portsmouth,,103B,0133-0047-0000,178,5,,11,178-33941,8,CamaID: 0133-0047-0000,484 LINCOLN AVE,489735,08178-0133-0047-0000,0133-0047-0000,310.934588953542,11,183620,5519.38481315202
Portsmouth,,103B,0133-0046-0000,178,5,,11,178-33940,8,CamaID: 0133-0046-0000,478 LINCOLN AVE,489736,08178-0133-0046-0000,0133-0046-0000,300.093641905546,11,183621,4974.73712287206
Portsmouth,,103B,0148-0054-0000,178,5,,11,178-34588,8,CamaID: 0148-0054-0000,539 LINCOLN AVE,489737,08178-0148-0054-0000,0148-0054-0000,320.823535971936,11,183622,6010.30328880066
Portsmouth,,103B,0148-0056-0000,178,5,,11,178-34589,8,CamaID: 0148-0056-0000,110 WIBIRD ST,489738,08178-0148-0056-0000,0148-0056-0000,471.735180220975,11,183623,11505.7195442784
Portsmouth,,103B,0134-0051-0000,178,5,,11,178-34002,8,CamaID: 0134-0051-0000,434 UNION ST,489739,08178-0134-0051-0000,0134-0051-0000,297.066090677397,11,183624,5074.25768879809
Portsmouth,,103B,0148-0050-0000,178,5,,11,178-34584,8,CamaID: 0148-0050-0000,81 PARK ST,489740,08178-0148-0050-0000,0148-0050-0000,348.04574298228,11,183625,5842.77347016472
Portsmouth,,103B,0148-0057-0000,178,5,,11,178-34590,8,CamaID: 0148-0057-0000,100 WIBIRD ST,489741,08178-0148-0057-0000,0148-0057-0000,302.235903645764,11,183626,5095.33368600682
Portsmouth,,103B,0148-0060-0000,178,5,,11,178-34593,8,CamaID: 0148-0060-0000,74 WIBIRD ST,489742,08178-0148-0060-0000,0148-0060-0000,248.036325473931,11,183627,3435.75269268339
Portsmouth,,103B,0134-0008-0000,178,5,,11,178-33963,8,CamaID: 0134-0008-0000,407 UNION ST,489743,08178-0134-0008-0000,0134-0008-0000,372.697201125206,11,183628,6915.02577401373
Portsmouth,,103B,0134-0048-0000,178,5,,11,178-33999,8,CamaID: 0134-0048-0000,137 WIBIRD ST,489744,08178-0134-0048-0000,0134-0048-0000,355.014617544725,11,183629,7757.41221454646
Portsmouth,,301,0275-006A-0000,178,56,,34,178-35896,8,CamaID: 0275-006A-0000,350 HERITAGE AVE,489745,08178-0275-006A-0000,0275-006A-0000,1229.73835681972,34,183630,84364.2460627159
Portsmouth,,301,0284-0006-0001,178,56,,57,178-35925,8,CamaID: 0284-0006-0001,345 HERITAGE AVE,489746,08178-0284-0006-0001,0284-0006-0001,5199.81743168079,57,183631,1451181.83082357
Portsmouth,,102,0101-0069-0000,178,3,,11,178-32860,8,CamaID: 0101-0069-0000,58 SOUTH ST,489747,08178-0101-0069-0000,0101-0069-0000,303.376977761719,11,183632,4570.63401142134
Portsmouth,,102,0101-0068-0000,178,3,,11,178-32859,8,CamaID: 0101-0068-0000,48 SOUTH ST,489748,08178-0101-0068-0000,0101-0068-0000,335.884068289782,11,183633,5464.02040349152
Portsmouth,,101,0102-0043-0000,178,2,,11,178-32918,8,CamaID: 0102-0043-0000,28 SOUTH ST,489749,08178-0102-0043-0000,0102-0043-0000,332.335104063691,11,183634,5082.16019925496
Portsmouth,,204,0102-0044-0000,178,34,,14,178-32951,8,CamaID: 0102-0044-0001,38 SOUTH ST #1,489750,08178-0102-0044-0000,0102-0044-0001,294.06725511534,14,183635,4510.13256338681
Portsmouth,,104,0168-0026-0000,178,6,,11,178-35219,8,CamaID: 0168-0026-0000,95 MONROE ST,489751,08178-0168-0026-0000,0168-0026-0000,303.866396206371,11,183636,5178.83103914261
Portsmouth,,104,0168-0004-0000,178,6,,11,178-35198,8,CamaID: 0168-0004-0000,1360 SOUTH ST,489752,08178-0168-0004-0000,0168-0004-0000,519.732222232207,11,183637,16827.8638006891
Portsmouth,,104,0168-0005-0000,178,6,,11,178-35199,8,CamaID: 0168-0005-0000,1380 SOUTH ST,489753,08178-0168-0005-0000,0168-0005-0000,608.43680317707,11,183638,14343.1024808457
Portsmouth,,305,0125-0017-0002,178,60,,33,178-52968,8,CamaID: 0125-0017-0002,163 DEER ST,489755,08178-0125-0017-0002,0125-0017-0002,574.778863923737,33,183639,18348.2096052109
Portsmouth,,104,0168-0006-0000,178,6,,12,178-35200,8,CamaID: 0168-0006-0000,1382 SOUTH ST,489756,08178-0168-0006-0000,0168-0006-0000,658.224512181603,12,183640,17392.7816414855
Portsmouth,,104,0168-0012-0000,178,6,,11,178-35206,8,CamaID: 0168-0012-0000,243 MIDDLE RD,489757,08178-0168-0012-0000,0168-0012-0000,443.594255423641,11,183641,11640.2781496482
Portsmouth,,302,0151-0006-0000,178,57,,44,178-37588,8,CamaID: 0151-0006-0D13,230 LAFAYETTE RD #13D,489758,08178-0151-0006-0000,0151-0006-0D13,919.233230166224,44,183642,49574.237489741
Portsmouth,,104,0168-0008-0000,178,6,,12,178-35202,8,CamaID: 0168-0008-0000,1410 SOUTH ST,489759,08178-0168-0008-0000,0168-0008-0000,490.979692988845,12,183643,14515.9417479228
Portsmouth,,305,0118-0014-0000,178,60,,33,178-37398,8,CamaID: 0118-0014-0000,28 DEER ST,489760,08178-0118-0014-0000,0118-0014-0000,452.747944216443,33,183644,11121.0380083641
Portsmouth,,305,0106-0036-0000,178,60,,57,178-33095,8,CamaID: 0106-0036-0000,123 MARKET ST,489761,08178-0106-0036-0000,0106-0036-0000,161.305579164526,57,183645,1536.32942369618
Portsmouth,,202,0106-0035-0000,178,32,,14,178-53186,8,CamaID: 0106-0035-00C2,129 MARKET ST #C2,489762,08178-0106-0035-0000,0106-0035-00C2,158.247773418238,14,183646,1468.93063658997
Portsmouth,,305,0120-0002-0000,178,60,,44,178-37438,8,CamaID: 0120-0002-016B,500 MARKET ST #16B,489754,08178-0120-0002-0000,0120-0002-016B,1458.85461244751,44,183647,102680.923800998
Portsmouth,,305,0118-0018-0000,178,60,,57,178-33536,8,CamaID: 0118-0018-0000,151 HIGH ST,489763,08178-0118-0018-0000,0118-0018-0000,284.569010490983,57,183648,4136.08530165588
Portsmouth,,305,0106-0034-0000,178,60,,44,178-51484,8,CamaID: 0106-0034-000F,135 MARKET ST #F,489764,08178-0106-0034-0000,0106-0034-000F,196.735510053286,44,183649,2397.55113517282
Portsmouth,,102,0118-0017-0000,178,3,,11,178-33535,8,CamaID: 0118-0017-0000,157 HIGH ST,489765,08178-0118-0017-0000,0118-0017-0000,385.816692856419,11,183650,5528.2235822655
Portsmouth,,305,0118-0016-0000,178,60,,57,178-37400,8,CamaID: 0118-0016-0000,175 HIGH ST,489766,08178-0118-0016-0000,0118-0016-0000,563.911578483126,57,183651,14990.7702277349
Portsmouth,,305,0118-0005-0000,178,60,,33,178-37396,8,CamaID: 0118-0005-0000,MARKET ST,489767,08178-0118-0005-0000,0118-0005-0000,517.77816836952,33,183652,13741.4616213056
Portsmouth,,305,0118-0002-0000,178,60,,27,178-37375,8,CamaID: 0118-0002-0000,MARKET ST,489768,08178-0118-0002-0000,0118-0002-0000,277.081004300836,27,183653,4349.54741436974
Portsmouth,,202,0118-0004-0000,178,32,,14,178-53666,8,CamaID: 0118-0004-0402,175 MARKET ST #402,489769,08178-0118-0004-0000,0118-0004-0402,373.28243666592,14,183654,8827.84856174264
Portsmouth,,305,0106-0045-0000,178,60,,34,178-37256,8,CamaID: 0106-0045-0000,34 CERES ST,489770,08178-0106-0045-0000,0106-0045-0000,512.244664785034,34,183655,12103.2053675424
Portsmouth,,305,0118-0008-0000,178,60,,57,178-37742,8,CamaID: 0118-0008-0000,154 MARKET ST,489771,08178-0118-0008-0000,0118-0008-0000,962.6262815939,57,183656,43614.0719466884
Portsmouth,,305,0106-0044-0000,178,60,,57,178-37325,8,CamaID: 0106-0044-0000,54 CERES ST,489772,08178-0106-0044-0000,0106-0044-0000,245.5126747453,57,183657,3759.92175674506
Portsmouth,,204,0101-0035-0000,178,34,,14,178-32869,8,CamaID: 0101-0035-000A,210 SOUTH ST #A,489773,08178-0101-0035-0000,0101-0035-000A,283.660602494026,14,183658,4744.74052521379
Portsmouth,,102,0101-0034-0000,178,3,,11,178-32829,8,CamaID: 0101-0034-0000,28 NEW CASTLE AVE,489774,08178-0101-0034-0000,0101-0034-0000,1152.40835006262,11,183659,52714.3936984927
Portsmouth,,102,0101-0037-0000,178,3,,11,178-32831,8,CamaID: 0101-0037-0000,75 HUMPHREYS CT,489775,08178-0101-0037-0000,0101-0037-0000,484.533939285499,11,183660,11849.9116772354
Portsmouth,,102,0101-0047-0000,178,3,,11,178-32841,8,CamaID: 0101-0047-0000,58 HUMPHREYS CT,489776,08178-0101-0047-0000,0101-0047-0000,404.348193996986,11,183661,10105.9651595427
Portsmouth,,102,0101-0046-0000,178,3,,11,178-32840,8,CamaID: 0101-0046-0000,54 HUMPHREYS CT,489777,08178-0101-0046-0000,0101-0046-0000,330.096965733926,11,183662,5755.79905352357
Portsmouth,,102,0101-0038-0000,178,3,,11,178-32832,8,CamaID: 0101-0038-0000,63 HUMPHREYS CT,489778,08178-0101-0038-0000,0101-0038-0000,249.327711582367,11,183663,3876.10201891637
Portsmouth,,102,0101-0039-0000,178,3,,11,178-32833,8,CamaID: 0101-0039-0000,53 HUMPHREYS CT,489779,08178-0101-0039-0000,0101-0039-0000,233.503019391814,11,183664,3406.40208729596
Portsmouth,,304,0101-0064-0000,178,59,,13,178-32856,8,CamaID: 0101-0064-0000,134 SOUTH ST,489780,08178-0101-0064-0000,0101-0064-0000,461.611438790742,13,183665,8942.97484068099
Portsmouth,,102,0101-0063-0000,178,3,,11,178-32855,8,CamaID: 0101-0063-0000,86 SOUTH SCHOOL ST,489781,08178-0101-0063-0000,0101-0063-0000,260.343394369198,11,183666,3897.44420333148
Portsmouth,,102,0101-0062-0000,178,3,,12,178-32854,8,CamaID: 0101-0062-0000,76 SOUTH SCHOOL ST,489782,08178-0101-0062-0000,0101-0062-0000,256.216889600653,12,183667,3787.99199561824
Portsmouth,,102,0101-0072-0000,178,3,,11,178-32862,8,CamaID: 0101-0072-0000,37 SOUTH SCHOOL ST,489783,08178-0101-0072-0000,0101-0072-0000,367.838164295392,11,183668,8453.79059039574
Portsmouth,,304,0101-0071-0000,178,59,,27,178-37172,8,CamaID: 0101-0071-0000,SOUTH SCHOOL ST,489784,08178-0101-0071-0000,0101-0071-0000,539.327211179659,27,183669,15022.6534763152
Portsmouth,70,102,0110-0009-0000,178,3,,11,178-33229,8,CamaID: 0110-0009-0000,125 SOUTH ST,489785,08178-0110-0009-0000,0110-0009-0000,776.701494175594,11-70,183670,13931.8495192729
Portsmouth,,204,0101-0070-0000,178,34,,14,178-50861,8,CamaID: 0101-0070-0001,68 SOUTH ST #1,489786,08178-0101-0070-0000,0101-0070-0001,299.059027909599,14,183671,4884.58105469978
Portsmouth,70,102,0102-0050-0000,178,3,,11,178-32924,8,CamaID: 0102-0050-0000,57 SOUTH ST,489787,08178-0102-0050-0000,0102-0050-0000,317.623179465552,11-70,183672,5317.85073246223
Portsmouth,73,111,0203-0010-0000,178,11,,11,178-28612,8,CamaID: 0203-0010-0000,380 LITTLE HARBOR RD,489801,08178-0203-0010-0000,0203-0010-0000,1358.76991520961,11-73,183673,111479.115944243
Portsmouth,,114,0251-0026-0000,178,14,,11,178-31072,8,CamaID: 0251-0026-0000,221 MCKINLEY RD,489802,08178-0251-0026-0000,0251-0026-0000,439.611448166165,11,183674,12750.332054287
Portsmouth,,114,0251-0047-0000,178,14,,11,178-31093,8,CamaID: 0251-0047-0000,155 MCKINLEY RD,489803,08178-0251-0047-0000,0251-0047-0000,600.022621318628,11,183675,18237.0560733076
Portsmouth,,307,0318-0003-0000,178,63,,57,178-38400,8,CamaID: 0318-0003-0000,97 GRAFTON RD,489788,08178-0318-0003-0000,0318-0003-0000,15677.8636855057,57,183676,7314279.29258606
Portsmouth,,303,0239-0007-0002,178,58,,33,178-35551,8,CamaID: 0239-0007-0002,1700 WOODBURY AVE,489789,08178-0239-0007-0002,0239-0007-0002,2468.71585829876,33,183677,327630.867569317
Portsmouth,,303,0239-0007-0003,178,58,,33,178-35552,8,CamaID: 0239-0007-0003,1800 WOODBURY AVE,489790,08178-0239-0007-0003,0239-0007-0003,832.982689394262,33,183678,42780.6273015979
Portsmouth,,303,0239-0008-0000,178,58,,33,178-35539,8,CamaID: 0239-0008-0000,1840 WOODBURY AVE,489791,08178-0239-0008-0000,0239-0008-0000,4851.43865340399,33,183679,665951.882670046
Portsmouth,,303,0239-0009-0000,178,58,,33,178-35540,8,CamaID: 0239-0009-0000,1850 WOODBURY AVE,489792,08178-0239-0009-0000,0239-0009-0000,990.1323613748,33,183680,57572.1401539646
Portsmouth,,305,0106-0054-0000,178,60,,33,178-33100,8,CamaID: 0106-0054-0000,99 BOW ST,489793,08178-0106-0054-0000,0106-0054-0000,492.00042938737,33,183681,10572.4136368404
Portsmouth,,305,0106-0047-0000,178,60,,33,178-37255,8,CamaID: 0106-0047-0000,10 CERES ST,489794,08178-0106-0047-0000,0106-0047-0000,206.157923693548,33,183682,2021.67581475591
Portsmouth,,104,0168-0013-0000,178,6,,11,178-35207,8,CamaID: 0168-0013-0000,221 MIDDLE RD,489795,08178-0168-0013-0000,0168-0013-0000,443.980180801011,11,183683,12037.6319089039
Portsmouth,,104,0168-0017-0000,178,6,,11,178-35211,8,CamaID: 0168-0017-0000,165 MIDDLE RD,489796,08178-0168-0017-0000,0168-0017-0000,457.381462939118,11,183684,12847.7067092752
Portsmouth,70,111,0202-0018-0000,178,11,,11,178-28594,8,CamaID: 0202-0018-0000,60 MARTINE COTTAGE RD,489797,08178-0202-0018-0000,0202-0018-0000,946.55148554669,11-70,183685,45710.0659500653
Portsmouth,,111,0202-0017-0000,178,11,,19,178-28593,8,CamaID: 0202-0017-0000,LITTLE HARBOR RD,489798,08178-0202-0017-0000,0202-0017-0000,1014.66373653226,19,183686,54921.0284292316
Portsmouth,,,0202-0000-0000,178,,,,,,,,489799,08178-0202-0000-0000,,416.082476909742,,183687,10814.1069390739
Portsmouth,,111,0202-014A-0000,178,11,,11,178-28605,8,CamaID: 0202-014A-0000,10 MARTINE COTTAGE RD,489800,08178-0202-014A-0000,0202-014A-0000,1844.87026243391,11,183688,149333.616783556
Portsmouth,,114,0268-0079-0000,178,14,,11,178-31600,8,CamaID: 0268-0079-0000,216 MCKINLEY RD,489804,08178-0268-0079-0000,0268-0079-0000,413.367504458806,11,183689,10637.191804962
Portsmouth,,114,0268-0080-0000,178,14,,11,178-31601,8,CamaID: 0268-0080-0000,196 MCKINLEY RD,489805,08178-0268-0080-0000,0268-0080-0000,443.425610187771,11,183690,12510.2594931637
Portsmouth,,133,0251-0100-0000,178,29,,11,178-31146,8,CamaID: 0251-0100-0000,32 EDGEWOOD RD,489806,08178-0251-0100-0000,0251-0100-0000,489.926640914952,11,183691,14579.3661308682
Portsmouth,,302,0252-0001-0007,178,57,,57,178-35679,8,CamaID: 0252-0001-0007,LAFAYETTE RD,489807,08178-0252-0001-0007,0252-0001-0007,2105.15857329055,57,183692,275471.417384778
Portsmouth,,114,0251-0066-0000,178,14,,11,178-31112,8,CamaID: 0251-0066-0000,14 COOLIDGE DR,489808,08178-0251-0066-0000,0251-0066-0000,449.495944779097,11,183693,12486.2351803176
Portsmouth,,114,0251-0025-0000,178,14,,11,178-31071,8,CamaID: 0251-0025-0000,38 TAFT RD,489809,08178-0251-0025-0000,0251-0025-0000,395.853976680635,11,183694,9474.37794601707
Portsmouth,,114,0251-0048-0000,178,14,,11,178-31094,8,CamaID: 0251-0048-0000,177 MCKINLEY RD,489810,08178-0251-0048-0000,0251-0048-0000,471.1540251015,11,183695,13293.2910304101
Portsmouth,,114,0268-0063-0000,178,14,,11,178-31584,8,CamaID: 0268-0063-0000,176 MCKINLEY RD,489811,08178-0268-0063-0000,0268-0063-0000,427.743485810831,11,183696,11928.0552851227
Portsmouth,,114,0247-0087-0000,178,14,,11,178-30902,8,CamaID: 0247-0087-0000,81 TAFT RD,489812,08178-0247-0087-0000,0247-0087-0000,366.074409676517,11,183697,8724.30523173409
Portsmouth,,114,0247-0008-0000,178,14,,11,178-30823,8,CamaID: 0247-0008-0000,10 HARDING RD,489813,08178-0247-0008-0000,0247-0008-0000,423.905913207092,11,183698,10678.025728305
Portsmouth,,114,0247-0034-0000,178,14,,11,178-30849,8,CamaID: 0247-0034-0000,12 NIXON PARK,489814,08178-0247-0034-0000,0247-0034-0000,797.122292130503,11,183699,34927.3625990178
Portsmouth,,114,0247-0035-0000,178,14,,11,178-30850,8,CamaID: 0247-0035-0000,14 NIXON PARK,489815,08178-0247-0035-0000,0247-0035-0000,798.777403092861,11,183700,37936.4726304091
Portsmouth,,114,0247-0042-0000,178,14,,11,178-30857,8,CamaID: 0247-0042-0000,7 HARDING RD,489816,08178-0247-0042-0000,0247-0042-0000,525.608863774023,11,183701,17146.0202867154
Portsmouth,,114,0247-0007-0000,178,14,,11,178-30822,8,CamaID: 0247-0007-0000,8 HARDING RD,489817,08178-0247-0007-0000,0247-0007-0000,550.137943291657,11,183702,20121.3382661607
Portsmouth,,114,0247-0049-0000,178,14,,11,178-30864,8,CamaID: 0247-0049-0000,78 TAFT RD,489818,08178-0247-0049-0000,0247-0049-0000,475.414698297546,11,183703,13079.863419449
Portsmouth,,114,0247-0043-0000,178,14,,11,178-30858,8,CamaID: 0247-0043-0000,5 HARDING RD,489819,08178-0247-0043-0000,0247-0043-0000,591.803658540157,11,183704,20183.4031233551
Portsmouth,,114,0247-0006-0000,178,14,,11,178-30821,8,CamaID: 0247-0006-0000,6 HARDING RD,489820,08178-0247-0006-0000,0247-0006-0000,419.338779653755,11,183705,10359.8607956801
Portsmouth,,133,0247-0001-0000,178,29,,11,178-30817,8,CamaID: 0247-0001-0000,608 ELWYN RD,489821,08178-0247-0001-0000,0247-0001-0000,443.171230342691,11,183706,11807.2434978741
Portsmouth,,114,0247-0048-0000,178,14,,11,178-30863,8,CamaID: 0247-0048-0000,80 TAFT RD,489822,08178-0247-0048-0000,0247-0048-0000,375.083573477773,11,183707,8939.44910599051
Portsmouth,,114,0247-0005-0000,178,14,,11,178-30820,8,CamaID: 0247-0005-0000,4 HARDING RD,489823,08178-0247-0005-0000,0247-0005-0000,429.114668038107,11,183708,11328.1556076882
Portsmouth,,114,0247-0044-0000,178,14,,11,178-30859,8,CamaID: 0247-0044-0000,3 HARDING RD,489824,08178-0247-0044-0000,0247-0044-0000,549.072669306743,11,183709,16167.5802816328
Portsmouth,,208,0106-0057-0000,178,38,,14,178-37195,8,CamaID: 0106-057A-0006,117 BOW ST #6A,489825,08178-0106-0057-0000,0106-057A-0006,579.496135298705,14,183710,17590.6252916979
Portsmouth,,305,0106-0051-0000,178,60,,33,178-37960,8,CamaID: 0106-0051-0000,53 BOW ST,489826,08178-0106-0051-0000,0106-0051-0000,223.036779502878,33,183711,2984.76063180729
Portsmouth,,305,0125-0003-0000,178,60,,33,178-37753,8,CamaID: 0125-0003-0000,238 DEER ST,489827,08178-0125-0003-0000,0125-0003-0000,325.496608702716,33,183712,6181.01961307727
Portsmouth,,305,0125-0017-0001,178,60,,27,178-52969,8,CamaID: 0125-0017-0001,DEER ST,489828,08178-0125-0017-0001,0125-0017-0001,406.628997259823,27,183713,8518.87549586836
Portsmouth,,105,0126-0044-0000,178,7,,11,178-33657,8,CamaID: 0126-0044-0000,13 TANNER CT,489829,08178-0126-0044-0000,0126-0044-0000,191.172410179063,11,183714,2082.63245388576
Portsmouth,,105,0126-0045-0000,178,7,,11,178-33658,8,CamaID: 0126-0045-0000,9 TANNER CT,489830,08178-0126-0045-0000,0126-0045-0000,128.103061883665,11,183715,1016.87723811698
Portsmouth,,201,0126-0052-0000,178,31,,56,178-53266,8,CamaID: 0126-0052-0G10,40 BRIDGE ST #G10,489831,08178-0126-0052-0000,0126-0052-0G10,365.137223049029,56,183716,7459.92434981946
Portsmouth,,103B,0149-0032-0000,178,5,,12,178-34634,8,CamaID: 0149-0032-0000,86 ORCHARD ST,489832,08178-0149-0032-0000,0149-0032-0000,429.724389551764,12,183717,11470.0750673539
Portsmouth,,103B,0149-0030-0000,178,5,,11,178-34632,8,CamaID: 0149-0030-0000,62 ORCHARD ST,489833,08178-0149-0030-0000,0149-0030-0000,318.896908294874,11,183718,5420.86074001358
Portsmouth,,103B,0149-0049-0000,178,5,,11,178-34651,8,CamaID: 0149-0049-0000,230 PARK ST,489834,08178-0149-0049-0000,0149-0049-0000,288.077268724749,11,183719,4713.04773389776
Portsmouth,,125,0232-0074-0000,178,22,,11,178-30219,8,CamaID: 0232-0074-0000,55 WOODWORTH AVE,489835,08178-0232-0074-0000,0232-0074-0000,290.801532204726,11,183720,5130.08170202835
Portsmouth,,125,0243-0014-0000,178,22,,11,178-30766,8,CamaID: 0243-0014-0000,120 SWETT AVE,489836,08178-0243-0014-0000,0243-0014-0000,570.166394566398,11,183721,20242.7963934223
Portsmouth,,304,0243-0013-0000,178,59,,27,178-35597,8,CamaID: 0243-0013-0000,SWETT AVE,489837,08178-0243-0013-0000,0243-0013-0000,326.454141912043,27,183722,4312.15215000921
Portsmouth,,114,0251-0055-0000,178,14,,11,178-31101,8,CamaID: 0251-0055-0000,49 TAFT RD,489838,08178-0251-0055-0000,0251-0055-0000,504.302496079633,11,183723,15789.8052040386
Portsmouth,,114,0251-0056-0000,178,14,,11,178-31102,8,CamaID: 0251-0056-0000,51 TAFT RD,489839,08178-0251-0056-0000,0251-0056-0000,538.678423506253,11,183724,14415.3710378929
Portsmouth,,114,0251-0039-0000,178,14,,11,178-31085,8,CamaID: 0251-0039-0000,155 GRANT AVE,489840,08178-0251-0039-0000,0251-0039-0000,468.195978220729,11,183725,12489.8382660787
Portsmouth,,130,0212-0080-0001,178,26,,11,178-29030,8,CamaID: 0212-0080-0001,174 CONCORD WAY,489841,08178-0212-0080-0001,0212-0080-0001,225.187428929209,11,183726,2291.32989083802
Portsmouth,,130,0212-0080-0000,178,26,,11,178-28911,8,CamaID: 0212-0080-0000,176 CONCORD WAY,489842,08178-0212-0080-0000,0212-0080-0000,215.010582494547,11,183727,2079.46386254916
Portsmouth,,130,0212-0079-0001,178,26,,11,178-29029,8,CamaID: 0212-0079-0001,184 CONCORD WAY,489843,08178-0212-0079-0001,0212-0079-0001,219.468028944184,11,183728,2216.01620067353
Portsmouth,,105,0138-0037-0000,178,7,,11,178-34193,8,CamaID: 0138-0037-0000,50 BREWSTER ST,489844,08178-0138-0037-0000,0138-0037-0000,267.083729891164,11,183729,3660.5064037497
Portsmouth,,,0,178,,,,,,,,489845,08178-0,,556.223449283121,,183730,1293.22145435944
Portsmouth,,130,0212-0139-0001,178,26,,11,178-38764,8,CamaID: 0212-0139-0001,70 PORPOISE WAY,489846,08178-0212-0139-0001,0212-0139-0001,248.437121148365,11,183731,2893.99011771413
Portsmouth,,130,0212-0064-0000,178,26,,11,178-28895,8,CamaID: 0212-0064-0000,77 PORPOISE WAY,489847,08178-0212-0064-0000,0212-0064-0000,221.019390361007,11,183732,2275.94489795059
Portsmouth,,123,0233-0119-0000,178,21,,11,178-30484,8,CamaID: 0233-0119-0000,1299 ISLINGTON ST,489848,08178-0233-0119-0000,0233-0119-0000,496.450771524801,11,183733,14999.969196249
Portsmouth,,112,0222-0015-0000,178,12,,11,178-29612,8,CamaID: 0222-0015-0000,698 SAGAMORE AVE,489855,08178-0222-0015-0000,0222-0015-0000,826.797279935911,11,183734,26912.9803432131
Portsmouth,,112,0222-0014-0000,178,12,,11,178-29611,8,CamaID: 0222-0014-0000,692 SAGAMORE AVE,489856,08178-0222-0014-0000,0222-0014-0000,577.038618501784,11,183735,20388.8295020851
Portsmouth,,112,0222-0014-0001,178,12,,11,178-29666,8,CamaID: 0222-0014-0001,650 SAGAMORE AVE,489857,08178-0222-0014-0001,0222-0014-0001,1498.46566484029,11,183736,66544.7431968245
Portsmouth,,219,0223-0030-0000,178,48,,14,178-29862,8,CamaID: 0223-0030-0005,579 SAGAMORE AVE #5,489849,08178-0223-0030-0000,0223-0030-0005,7839.38627676087,14,183737,2326639.91932636
Portsmouth,,112,0223-0014-0000,178,12,,12,178-29827,8,CamaID: 0223-0014-0000,808 SAGAMORE AVE,489850,08178-0223-0014-0000,0223-0014-0000,885.671860083284,12,183738,37199.5959336762
Portsmouth,,219,0223-0003-0000,178,48,,14,178-52506,8,CamaID: 0223-0003-0003,796 SAGAMORE AVE #796,489851,08178-0223-0003-0000,0223-0003-0003,458.390162691764,14,183739,12105.9861528764
Portsmouth,,112,0223-0004-0000,178,12,,11,178-29817,8,CamaID: 0223-0004-0000,766 SAGAMORE AVE,489852,08178-0223-0004-0000,0223-0004-0000,512.239101330024,11,183740,14754.4044174358
Portsmouth,,112,0223-0002-0000,178,12,,11,178-29815,8,CamaID: 0223-0002-0000,716 SAGAMORE AVE,489853,08178-0223-0002-0000,0223-0002-0000,467.972789848141,11,183741,13667.2080849448
Portsmouth,,112,0223-0001-0000,178,12,,11,178-29814,8,CamaID: 0223-0001-0000,714 SAGAMORE AVE,489854,08178-0223-0001-0000,0223-0001-0000,392.706153390305,11,183742,7299.1009732817
Portsmouth,,112,0222-0013-0000,178,12,,11,178-29610,8,CamaID: 0222-0013-0000,594 SAGAMORE AVE,489858,08178-0222-0013-0000,0222-0013-0000,451.251786062336,11,183743,12236.654825456
Portsmouth,,130,0212-0064-0001,178,26,,11,178-54640,8,CamaID: 0212-0064-0001,79 PORPOISE WAY,489859,08178-0212-0064-0001,0212-0064-0001,219.326662918067,11,183744,2241.20213574684
Portsmouth,,125,0229-0004-0000,178,22,,11,178-30066,8,CamaID: 0229-0004-0000,36 ARTWILL AVE,489860,08178-0229-0004-0000,0229-0004-0000,666.384112474557,11,183745,25465.5777872044
Portsmouth,,302,0229-0006-0000,178,57,,33,178-35461,8,CamaID: 0229-0006-0000,545 LAFAYETTE RD,489861,08178-0229-0006-0000,0229-0006-0000,834.19445532849,33,183746,42183.439272132
Portsmouth,,125,0229-0005-0000,178,22,,11,178-30067,8,CamaID: 0229-0005-0000,34 ARTWILL AVE,489862,08178-0229-0005-0000,0229-0005-0000,742.271713530259,11,183747,33504.7120563978
Portsmouth,,304,0229-0002-0000,178,59,,57,178-35459,8,CamaID: 0229-0002-0000,40 ANDREW JARVIS DR,489863,08178-0229-0002-0000,0229-0002-0000,1001.85450805082,57,183748,52726.5798432679
Portsmouth,,118,0283-0014-0000,178,17,,11,178-32169,8,CamaID: 0283-0014-0000,217 MARTHA TER,489870,08178-0283-0014-0000,0283-0014-0000,584.523626593613,11,183749,17656.9520983481
Portsmouth,,119,0283-0012-0000,178,18,,22,178-35912,8,CamaID: 0283-0012-0000,OCEAN RD,489871,08178-0283-0012-0000,0283-0012-0000,1881.57274648192,22,183750,185723.595315376
Portsmouth,,118,0283-0007-0000,178,17,,11,178-32164,8,CamaID: 0283-0007-0000,127 MARTHA TER,489872,08178-0283-0007-0000,0283-0007-0000,1511.36559092007,11,183751,88616.1781747911
Portsmouth,,304,0229-0003-0000,178,59,,57,178-35460,8,CamaID: 0229-0003-0000,50 ANDREW JARVIS DR,489864,08178-0229-0003-0000,0229-0003-0000,11522.0478884379,57,183752,2410508.3291398
Portsmouth,,125,0230-0025-0000,178,22,,11,178-51926,8,CamaID: 0230-0025-0000,7 ANDREW JARVIS DR,489865,08178-0230-0025-0000,0230-0025-0000,486.476323111194,11,183753,13922.9106179832
Portsmouth,,302,0231-0008-0000,178,57,,57,178-35470,8,CamaID: 0231-0008-0000,GREENLEAF AVE,489866,08178-0231-0008-0000,0231-0008-0000,786.87975058825,57,183754,21670.990514772
Portsmouth,,125,0231-0007-0000,178,22,,11,178-30097,8,CamaID: 0231-0007-0000,125 GREENLEAF AVE,489867,08178-0231-0007-0000,0231-0007-0000,629.626537506452,11,183755,17056.8695675027
Portsmouth,,125,0231-0006-0000,178,22,,11,178-30096,8,CamaID: 0231-0006-0000,115 GREENLEAF AVE,489868,08178-0231-0006-0000,0231-0006-0000,452.716621095968,11,183756,10913.2826097224
Portsmouth,,125,0231-0009-0000,178,22,,27,178-35471,8,CamaID: 0231-0009-0000,GREENLEAF AVE,489869,08178-0231-0009-0000,0231-0009-0000,276.179528354136,27,183757,2019.62095447805
Portsmouth,,118,0283-0011-0000,178,17,,11,178-32168,8,CamaID: 0283-0011-0000,45 HEMLOCK WAY,489873,08178-0283-0011-0000,0283-0011-0000,2193.98813707647,11,183758,100725.341575507
Portsmouth,,302,0251-0124-0000,178,57,,33,178-35671,8,CamaID: 0251-0124-0000,1475 LAFAYETTE RD,489874,08178-0251-0124-0000,0251-0124-0000,980.377849305389,33,183759,57434.1539708119
Portsmouth,,304,0251-0001-0000,178,59,,57,178-35670,8,CamaID: 0251-0001-0000,ELWYN RD,489875,08178-0251-0001-0000,0251-0001-0000,25705.8323733348,57,183760,6631608.35814764
Portsmouth,,127,0217-0007-0000,178,23,,11,178-29089,8,CamaID: 0217-0007-0000,1201 WOODBURY AVE,489876,08178-0217-0007-0000,0217-0007-0000,547.349704402988,11,183761,14429.0336975981
Portsmouth,,223,0237-0060-0000,178,52,,14,178-30697,8,CamaID: 0237-0060-0001,155 ECHO AVE #1,489877,08178-0237-0060-0000,0237-0060-0001,2356.56048207006,14,183762,305921.638416989
Portsmouth,,303,0237-0069-0000,178,58,,33,178-35527,8,CamaID: 0237-0069-0000,1290 WOODBURY AVE,489878,08178-0237-0069-0000,0237-0069-0000,283.198064516123,33,183763,4992.39438999383
Portsmouth,,301,0237-0071-0000,178,56,,57,178-35528,8,CamaID: 0237-0071-0000,1320 WOODBURY AVE,489879,08178-0237-0071-0000,0237-0071-0000,719.556033723656,57,183764,24052.1162752714
Portsmouth,,127,0238-0004-0000,178,23,,11,178-30732,8,CamaID: 0238-0004-0000,1380 WOODBURY AVE,489880,08178-0238-0004-0000,0238-0004-0000,2608.20257553534,11,183765,210543.575360247
Portsmouth,,127,0238-0005-0000,178,23,,11,178-30733,8,CamaID: 0238-0005-0000,1400 WOODBURY AVE,489881,08178-0238-0005-0000,0238-0005-0000,982.978020493886,11,183766,34598.3216805403
Portsmouth,,127,0237-0018-0000,178,23,,12,178-30648,8,CamaID: 0237-0018-0000,2 ECHO AVE,489882,08178-0237-0018-0000,0237-0018-0000,358.162925973873,12,183767,8428.34923587555
Portsmouth,,127,0237-0076-0000,178,23,,11,178-38163,8,CamaID: 0237-0076-0000,37 WHOLEY WAY,489883,08178-0237-0076-0000,0237-0076-0000,1087.40043450851,11,183768,43709.6161056351
Portsmouth,,127,0237-0065-0000,178,23,,11,178-30692,8,CamaID: 0237-0065-0000,41 ECHO AVE,489884,08178-0237-0065-0000,0237-0065-0000,563.582048207847,11,183769,15345.1361655854
Portsmouth,,303,0237-0070-0000,178,58,,33,178-30695,8,CamaID: 0237-0070-0000,1338-1350 WOODBURY AVE,489885,08178-0237-0070-0000,0237-0070-0000,1038.45856419359,33,183770,62231.3627149785
Portsmouth,,127,0237-0077-0000,178,23,,11,178-38164,8,CamaID: 0237-0077-0000,49 WHOLEY WAY,489886,08178-0237-0077-0000,0237-0077-0000,570.182560377321,11,183771,15060.5115956115
Portsmouth,,222,0219-0040-0000,178,51,,14,178-29404,8,CamaID: 0219-0040-0007,1275 MAPLEWOOD AVE #7,489887,08178-0219-0040-0000,0219-0040-0007,4427.58275238768,14,183772,1002904.98948598
Portsmouth,,303,0216-0004-0000,178,58,,27,178-35367,8,CamaID: 0216-0004-0000,WOODBURY AVE,489888,08178-0216-0004-0000,0216-0004-0000,336.029914204244,27,183773,4262.17886443399
Portsmouth,,303,0217-002A-0000,178,58,,57,178-35382,8,CamaID: 0217-002A-0000,GRANITE ST,489889,08178-0217-002A-0000,0217-002A-0000,362.919135713763,57,183774,5975.49832532193
Portsmouth,,104,0231-0056-0000,178,6,,11,178-30142,8,CamaID: 0231-0056-0000,392 MIDDLE RD,489890,08178-0231-0056-0000,0231-0056-0000,690.369924422159,11,183775,17095.4329816947
Portsmouth,,125,0232-0025-0000,178,22,,22,178-30176,8,CamaID: 0232-0025-0000,MARJORIE ST,489891,08178-0232-0025-0000,0232-0025-0000,392.452617930967,22,183776,9197.68390861419
Portsmouth,,130,0212-0079-0000,178,26,,11,178-28910,8,CamaID: 0212-0079-0000,186 CONCORD WAY,489892,08178-0212-0079-0000,0212-0079-0000,219.482944067147,11,183777,2198.556829434
Portsmouth,,130,0212-0062-0000,178,26,,11,178-28893,8,CamaID: 0212-0062-0000,57 PORPOISE WAY,489893,08178-0212-0062-0000,0212-0062-0000,220.348679806004,11,183778,2750.27059657678
Portsmouth,,125,0232-0038-0000,178,22,,22,178-30189,8,CamaID: 0232-0038-0000,SYLVESTER ST,489894,08178-0232-0038-0000,0232-0038-0000,545.165820290337,22,183779,15107.396574061
Portsmouth,,305,0103-0028-0000,178,60,,27,178-37178,8,CamaID: 0103-0028-0000,MECHANIC ST,489895,08178-0103-0028-0000,0103-0028-0000,425.555971144981,27,183780,9904.40379176303
Portsmouth,,130,0212-120A-0000,178,26,,27,178-35347,8,CamaID: 0212-120A-0000,FALKLAND WAY,489896,08178-0212-120A-0000,0212-120A-0000,1269.23021100285,27,183781,68044.9544644225
Portsmouth,,129,0236-0052-0000,178,25,,11,178-30603,8,CamaID: 0236-0052-0000,880 WOODBURY AVE,489897,08178-0236-0052-0000,0236-0052-0000,406.714567403754,11,183782,9626.83553670758
Portsmouth,,129,0236-0052-0001,178,25,,22,178-54775,8,CamaID: 0236-0052-0001,886 WOODBURY AVE,489898,08178-0236-0052-0001,0236-0052-0001,404.400959733023,22,183783,9498.17504387307
Portsmouth,,111,0222-0007-0000,178,11,,11,178-29604,8,CamaID: 0222-0007-0000,1 LITTLE HARBOR RD,489899,08178-0222-0007-0000,0222-0007-0000,824.179600073776,11,183784,32759.5812881946
Portsmouth,,112,0222-0008-0000,178,12,,11,178-29605,8,CamaID: 0222-0008-0000,488 SAGAMORE AVE,489900,08178-0222-0008-0000,0222-0008-0000,457.082234236779,11,183785,11572.3768321571
Portsmouth,,112,0222-0022-0000,178,12,,11,178-29617,8,CamaID: 0222-0022-0000,469 SAGAMORE AVE,489901,08178-0222-0022-0000,0222-0022-0000,444.596658846434,11,183786,10031.7939056144
Portsmouth,,112,0222-0023-0000,178,12,,11,178-29618,8,CamaID: 0222-0023-0000,495 SAGAMORE AVE,489902,08178-0222-0023-0000,0222-0023-0000,639.38078710342,11,183787,21781.5712062486
Portsmouth,,112,0222-0009-0000,178,12,,11,178-29606,8,CamaID: 0222-0009-0000,520 SAGAMORE AVE,489903,08178-0222-0009-0000,0222-0009-0000,611.381999977954,11,183788,23355.5630283079
Portsmouth,,112,0222-0010-0000,178,12,,11,178-29607,8,CamaID: 0222-0010-0000,546 SAGAMORE AVE,489904,08178-0222-0010-0000,0222-0010-0000,463.373449335547,11,183789,11683.7298778271
Portsmouth,,112,0222-0011-0000,178,12,,11,178-29608,8,CamaID: 0222-0011-0000,550 SAGAMORE AVE,489905,08178-0222-0011-0000,0222-0011-0000,1216.16202825453,11,183790,64841.4998269041
Portsmouth,,112,0222-0012-0000,178,12,,11,178-29609,8,CamaID: 0222-0012-0000,576 SAGAMORE AVE,489906,08178-0222-0012-0000,0222-0012-0000,1244.70262587676,11,183791,74410.2576264211
Portsmouth,,130,0212-0078-0000,178,26,,11,178-28909,8,CamaID: 0212-0078-0000,194 CONCORD WAY,489907,08178-0212-0078-0000,0212-0078-0000,216.11813834983,11,183792,2083.26202521417
Portsmouth,,104,0148-0027-0000,178,6,,11,178-34562,8,CamaID: 0148-0027-0000,47 ALDRICH RD,489908,08178-0148-0027-0000,0148-0027-0000,515.405417056626,11,183793,11938.6322140581
Portsmouth,,104,0147-0019-0001,178,6,,22,178-50983,8,CamaID: 0147-0019-0001,CHEVROLET AV,489909,08178-0147-0019-0001,0147-0019-0001,694.20357033673,22,183794,21517.3389605261
Portsmouth,,104,0147-0018-0002,178,6,,12,178-54790,8,CamaID: 0147-0018-0002,51 CHEVROLET AV,489910,08178-0147-0018-0002,0147-0018-0002,566.793406825413,12,183795,18571.982872616
Portsmouth,,104,0147-0019-0000,178,6,,11,178-34522,8,CamaID: 0147-0019-0000,660 MIDDLE ST,489911,08178-0147-0019-0000,0147-0019-0000,545.803026318433,11,183796,16625.1210371199
Portsmouth,,204,0148-0032-0000,178,34,,14,178-34598,8,CamaID: 0148-0032-0001,659 MIDDLE ST #1,489912,08178-0148-0032-0000,0148-0032-0001,330.111680093325,14,183797,5710.92473599856
Portsmouth,,104,0148-0030-0000,178,6,,11,178-34565,8,CamaID: 0148-0030-0000,678 MIDDLE ST,489913,08178-0148-0030-0000,0148-0030-0000,427.598131818344,11,183798,8613.46707188888
Portsmouth,,104,0147-0018-0001,178,6,,12,178-54789,8,CamaID: 0147-0018-0001,53 CHEVROLET AV,489914,08178-0147-0018-0001,0147-0018-0001,564.430079939458,12,183799,18892.2213204727
Portsmouth,,204,0147-0018-0000,178,34,,14,178-54799,8,CamaID: 0147-0018-000A,670 MIDDLE ST #A,489915,08178-0147-0018-0000,0147-0018-000A,1161.98260326064,14,183800,43646.3394190756
Portsmouth,,305,0107-0006-0000,178,60,,57,178-33134,8,CamaID: 0107-0006-0000,99 DANIEL ST,489916,08178-0107-0006-0000,0107-0006-0000,193.136551551741,57,183801,1716.64494316519
Portsmouth,,305,0107-0005-0000,178,60,,57,178-33133,8,CamaID: 0107-0005-0000,105 DANIEL ST,489917,08178-0107-0005-0000,0107-0005-0000,186.606933198273,57,183802,1862.82814984434
Portsmouth,,305,0107-0004-0000,178,60,,33,178-37295,8,CamaID: 0107-0004-0000,113 DANIEL ST,489918,08178-0107-0004-0000,0107-0004-0000,241.194446318741,33,183803,3430.02812416842
Portsmouth,,102,0107-0022-0000,178,3,,11,178-33145,8,CamaID: 0107-0022-0000,59 SHEAFE ST,489919,08178-0107-0022-0000,0107-0022-0000,158.94103857694,11,183804,1252.89026201134
Portsmouth,,204,0107-0003-0000,178,34,,14,178-38624,8,CamaID: 0107-0003-0001,121 DANIEL ST #1,489920,08178-0107-0003-0000,0107-0003-0001,248.326387081925,14,183805,2741.30281600283
Portsmouth,,102,0107-0018-0000,178,3,,11,178-33141,8,CamaID: 0107-0018-0000,31 SHEAFE ST,489921,08178-0107-0018-0000,0107-0018-0000,158.890687071324,11,183806,1376.92746825814
Portsmouth,,102,0107-0019-0000,178,3,,11,178-33142,8,CamaID: 0107-0019-0000,37 SHEAFE ST,489922,08178-0107-0019-0000,0107-0019-0000,152.681192760404,11,183807,1334.49711458829
Portsmouth,,102,0107-0020-0000,178,3,,12,178-33143,8,CamaID: 0107-0020-0000,43 SHEAFE ST,489923,08178-0107-0020-0000,0107-0020-0000,147.649878097264,12,183808,1209.67350121188
Portsmouth,,301,0253-0008-0000,178,56,,33,178-35697,8,CamaID: 0253-0008-0000,11 MIRONA RD,489924,08178-0253-0008-0000,0253-0008-0000,1837.46303011964,33,183809,163867.456958374
Portsmouth,,201,0144-0008-0000,178,31,,14,178-52577,8,CamaID: 0144-0008-0003,21 ROCKINGHAM ST #3,489932,08178-0144-0008-0000,0144-0008-0003,647.127364551701,14,183810,24355.4481409203
Portsmouth,,304,0144-0015-0000,178,59,,27,178-37775,8,CamaID: 0144-0015-0000,118 MCDONOUGH ST,489933,08178-0144-0015-0000,0144-0015-0000,322.93632661718,27,183811,5581.58672439941
Portsmouth,,120,0255-0002-0000,178,19,,22,178-35720,8,CamaID: 0255-0002-0000,BANFIELD RD,489925,08178-0255-0002-0000,0255-0002-0000,2733.80424001876,22,183812,370928.406471547
Portsmouth,,123,0171-0013-0000,178,21,,11,178-37657,8,CamaID: 0171-0013-0000,163 SPINNEY RD,489926,08178-0171-0013-0000,0171-0013-0000,774.629143072973,11,183813,28314.92926512
Portsmouth,,104,0170-0021-0000,178,6,,11,178-35244,8,CamaID: 0170-0021-0000,10 SEWALL RD,489927,08178-0170-0021-0000,0170-0021-0000,419.81562925926,11,183814,10955.9477239603
Portsmouth,,104,0170-0022-0000,178,6,,11,178-35245,8,CamaID: 0170-0022-0000,2 SEWALL RD,489928,08178-0170-0022-0000,0170-0022-0000,399.257155361394,11,183815,9698.05780331811
Portsmouth,,123,0170-0027-0000,178,21,,11,178-51407,8,CamaID: 0170-0027-0000,148 SPINNEY RD,489929,08178-0170-0027-0000,0170-0027-0000,599.274177010597,11,183816,15093.054628636
Portsmouth,,105,0144-0006-0000,178,7,,11,178-34338,8,CamaID: 0144-0006-0000,45 ROCKINGHAM ST,489930,08178-0144-0006-0000,0144-0006-0000,233.84973719391,11,183817,2901.8525635513
Portsmouth,,105,0144-0005-0000,178,7,,11,178-34337,8,CamaID: 0144-0005-0000,49 ROCKINGHAM ST,489931,08178-0144-0005-0000,0144-0005-0000,225.561175728254,11,183818,2516.42235788799
Portsmouth,,305A,0138-0043-0000,178,61,,44,178-51002,8,CamaID: 0138-0043-0011,249 ISLINGTON ST #11,489934,08178-0138-0043-0000,0138-0043-0011,405.869600317556,44,183819,7790.43774124678
Portsmouth,,305A,0144-0004-0000,178,61,,57,178-34336,8,CamaID: 0144-0004-0000,98 MCDONOUGH ST,489935,08178-0144-0004-0000,0144-0004-0000,250.549502830631,57,183820,3794.31196553784
Portsmouth,,,0144-0000-0000,178,,,,,,,,489936,08178-0144-0000-0000,,115.591369838168,,183821,310.788867789791
Portsmouth,,305A,0144-0003-0000,178,61,,57,178-34335,8,CamaID: 0144-0003-0000,80 MCDONOUGH ST,489937,08178-0144-0003-0000,0144-0003-0000,268.076015011232,57,183822,4263.39474808879
Portsmouth,,204,0138-0042-0000,178,34,,14,178-38559,8,CamaID: 0138-0042-0001,43 CORNWALL ST #A,489938,08178-0138-0042-0000,0138-0042-0001,370.487561507051,14,183823,8353.03206068744
Portsmouth,,105,0138-0038-0000,178,7,,11,178-34194,8,CamaID: 0138-0038-0000,58 MCDONOUGH ST,489939,08178-0138-0038-0000,0138-0038-0000,164.826875659925,11,183824,1466.59708485887
Portsmouth,,108,0107-0047-0000,178,8,,11,178-33176,8,CamaID: 0107-0047-0000,129 STATE ST,489940,08178-0107-0047-0000,0107-0047-0000,237.094329623119,11,183825,3171.78431620079
Portsmouth,,305,0107-0048-0000,178,60,,44,178-37207,8,CamaID: 0107-0048-0001,123 STATE ST #1,489941,08178-0107-0048-0000,0107-0048-0001,228.995885292825,44,183826,2845.38273445268
Portsmouth,,305,0107-0016-0000,178,60,,33,178-37276,8,CamaID: 0107-0016-0000,19 SHEAFE ST,489942,08178-0107-0016-0000,0107-0016-0000,202.965817002274,33,183827,1633.27731560066
Portsmouth,,102,0107-0025-0000,178,3,,11,178-33148,8,CamaID: 0107-0025-0000,28 CHAPEL ST,489943,08178-0107-0025-0000,0107-0025-0000,162.011695713282,11,183828,1261.78677341216
Portsmouth,,305,0107-0007-0000,178,60,,57,178-33135,8,CamaID: 0107-0007-0000,95 DANIEL ST,489944,08178-0107-0007-0000,0107-0007-0000,180.091805873654,57,183829,1443.88244613482
Portsmouth,,305,0107-0026-0000,178,60,,57,178-33149,8,CamaID: 0107-0026-0000,38 CHAPEL ST,489945,08178-0107-0026-0000,0107-0026-0000,170.516359683038,57,183830,1740.04868345496
Portsmouth,,305,0107-0002-0000,178,60,,57,178-33131,8,CamaID: 0107-0002-0000,125 DANIEL ST,489946,08178-0107-0002-0000,0107-0002-0000,231.133903843754,57,183831,1190.05448456188
Portsmouth,,102,0107-0001-0000,178,3,,11,178-33130,8,CamaID: 0107-0001-0000,129 DANIEL ST,489947,08178-0107-0001-0000,0107-0001-0000,142.02245919568,11,183832,1058.06546556696
Portsmouth,,305,0106-0008-0000,178,60,,33,178-37825,8,CamaID: 0106-0008-0000,62 DANIEL ST,489948,08178-0106-0008-0000,0106-0008-0000,1257.01724364318,33,183833,93787.2604105804
Portsmouth,,102,0107-0021-0000,178,3,,11,178-33144,8,CamaID: 0107-0021-0000,49 SHEAFE ST,489949,08178-0107-0021-0000,0107-0021-0000,377.81703373616,11,183834,5401.20226117963
Portsmouth,,121,0259-0031-0000,178,20,,11,178-31254,8,CamaID: 0259-0031-0000,653 GREENLAND RD,489950,08178-0259-0031-0000,0259-0031-0000,625.756157471778,11,183835,23088.4138001184
Portsmouth,,121,0259-0032-0000,178,20,,11,178-31255,8,CamaID: 0259-0032-0000,623 GREENLAND RD,489951,08178-0259-0032-0000,0259-0032-0000,915.246243360211,11,183836,41212.8993895218
Portsmouth,,132,0259-0030-0000,178,28,,11,178-31253,8,CamaID: 0259-0030-0000,42 HARVARD ST,489952,08178-0259-0030-0000,0259-0030-0000,455.236577391304,11,183837,12782.8580492626
Portsmouth,,302,0243-0067-0000,178,57,,33,178-35601,8,CamaID: 0243-0067-0000,150 GREENLEAF AVE,489953,08178-0243-0067-0000,0243-0067-0000,3294.59450731829,33,183838,599391.835098629
Portsmouth,,304,0258-0054-0000,178,59,,57,178-35726,8,CamaID: 0258-0054-0000,GREENLAND RD,489954,08178-0258-0054-0000,0258-0054-0000,16699.3399042099,57,183839,7975238.26704269
Portsmouth,,301,0252-0002-0010,178,56,,33,178-35680,8,CamaID: 0252-0002-0010,700 PEVERLY HILL RD,489955,08178-0252-0002-0010,0252-0002-0010,1878.42655260665,33,183840,185277.734194937
Portsmouth,,301,0253-0005-0001,178,56,,33,178-35703,8,CamaID: 0253-0005-0001,10 MIRONA RD,489956,08178-0253-0005-0001,0253-0005-0001,836.000673114147,33,183841,43780.2310095473
Portsmouth,,301,0254-0005-0000,178,56,,33,178-35713,8,CamaID: 0254-0005-0000,15 BANFIELD RD,489957,08178-0254-0005-0000,0254-0005-0000,1351.95075306257,33,183842,115007.596213979
Portsmouth,,301,0253-0006-0000,178,56,,33,178-35695,8,CamaID: 0253-0006-0000,2 MIRONA RD,489958,08178-0253-0006-0000,0253-0006-0000,906.474890153783,33,183843,49618.0825933634
Portsmouth,,206,0256-0002-0000,178,36,,14,178-54570,8,CamaID: 0256-0002-000T,37 WALFORD LN #20,489964,08178-0256-0002-0000,0256-0002-000T,6180.52704120951,14,183844,1955099.91499279
Portsmouth,,120,0256-0002-0001,178,19,,57,178-38084,8,CamaID: 0256-0002-0001,BANFIELD RD,489965,08178-0256-0002-0001,0256-0002-0001,1700.3454238839,57,183845,152594.02773107
Portsmouth,,301,0253-0007-0000,178,56,,33,178-35696,8,CamaID: 0253-0007-0000,1 MIRONA RD,489959,08178-0253-0007-0000,0253-0007-0000,1324.46846745199,33,183846,78177.0574328682
Portsmouth,,301,0255-0003-0000,178,56,,57,178-35721,8,CamaID: 0255-0003-0000,PEVERLY HILL RD,489960,08178-0255-0003-0000,0255-0003-0000,4892.64733734052,57,183847,765568.141128908
Portsmouth,,125,0255-0005-0000,178,22,,11,178-31175,8,CamaID: 0255-0005-0000,305 PEVERLY HILL RD,489961,08178-0255-0005-0000,0255-0005-0000,7765.21971973838,11,183848,1761243.16565976
Portsmouth,,120,0266-0003-0000,178,19,,57,178-31517,8,CamaID: 0266-0003-0000,285 BANFIELD RD,489962,08178-0266-0003-0000,0266-0003-0000,1604.80440383009,57,183849,88212.1133638506
Portsmouth,,120,0256-0003-0000,178,19,,22,178-31181,8,CamaID: 0256-0003-0000,PEVERLY HILL RD,489963,08178-0256-0003-0000,0256-0003-0000,3995.14930423454,22,183850,650666.46389642
Portsmouth,,301,0255-0001-0000,178,56,,27,178-35719,8,CamaID: 0255-0001-0000,BANFIELD RD,489966,08178-0255-0001-0000,0255-0001-0000,1287.12823141489,27,183851,70047.5108206929
Portsmouth,,120,0251-0128-0000,178,19,,11,178-31172,8,CamaID: 0251-0128-0000,1641 LAFAYETTE RD,489967,08178-0251-0128-0000,0251-0128-0000,495.302139615294,11,183852,15101.9651290291
Portsmouth,,301,0266-0005-0000,178,56,,37,178-31519,8,CamaID: 0266-0005-0000,315 BANFIELD RD,489968,08178-0266-0005-0000,0266-0005-0000,3051.37634113061,37,183853,468021.110991947
Portsmouth,,120,0265-002A-0000,178,19,,11,178-31512,8,CamaID: 0265-002A-0000,422 BANFIELD RD,489969,08178-0265-002A-0000,0265-002A-0000,2790.09821105423,11,183854,363660.575182653
Portsmouth,,302,0252-0002-0000,178,57,,33,178-35674,8,CamaID: 0252-0002-0000,1500 LAFAYETTE RD,489970,08178-0252-0002-0000,0252-0002-0000,2621.69441191912,33,183855,399087.227659262
Portsmouth,,301,0254-0008-0000,178,56,,57,178-35715,8,CamaID: 0254-0008-0000,680 PEVERLY HILL RD,489971,08178-0254-0008-0000,0254-0008-0000,9300.61174911965,57,183858,2629421.11300416
Portsmouth,,301,0253-0003-0000,178,56,,33,178-35692,8,CamaID: 0253-0003-0000,72 MIRONA RD EXT,489972,08178-0253-0003-0000,0253-0003-0000,1796.65368874955,33,183859,172410.184947771
Portsmouth,,301,0253-002A-0000,178,56,,33,178-35702,8,CamaID: 0253-002A-0000,150 MIRONA RD,489973,08178-0253-002A-0000,0253-002A-0000,1349.66610501674,33,183860,65259.3262138842
Portsmouth,,302,0253-0002-0000,178,57,,33,178-35691,8,CamaID: 0253-0002-0000,180 MIRONA RD,489974,08178-0253-0002-0000,0253-0002-0000,2094.65337307347,33,183861,242434.067173603
Portsmouth,,301,0253-0009-0000,178,56,,44,178-35704,8,CamaID: 0253-0009-0001,115 MIRONA RD #1,489975,08178-0253-0009-0000,0253-0009-0001,3109.49729132539,44,183862,223265.365372185
Portsmouth,,104,0170-0010-0000,178,6,,11,178-35233,8,CamaID: 0170-0010-0000,19 SEWALL RD,489976,08178-0170-0010-0000,0170-0010-0000,424.881916185175,11,183863,11804.4041535727
Portsmouth,,104,0170-0009-0000,178,6,,11,178-35232,8,CamaID: 0170-0009-0000,15 SEWALL RD,489977,08178-0170-0009-0000,0170-0009-0000,408.157704150915,11,183864,10680.9807460073
Portsmouth,,304,0244-0010-000B,178,59,,57,178-35657,8,CamaID: 0244-0010-000B,PEVERLY HILL RD,489978,08178-0244-0010-000B,0244-0010-000B,3403.76836803047,57,183865,355370.467428371
Portsmouth,,304,0244-0010-000A,178,59,,57,178-35656,8,CamaID: 0244-0010-000A,550 PEVERLY HILL RD,489979,08178-0244-0010-000A,0244-0010-000A,6584.08350819154,57,183866,1080616.70223664
